Vout,Iout,Irradiance,Temperature,MaxVoltage
[0.00715543],[1.4311],1301,-25,[14.45540831]
[0.02146616],[1.4311],1301,-25,[14.45540831]
[0.03577664],[1.43109966],1301,-25,[14.45540831]
[0.05008687],[1.43109926],1301,-25,[14.45540831]
[0.06439689],[1.43109886],1301,-25,[14.45540831]
[0.0787067],[1.43109846],1301,-25,[14.45540831]
[0.09301632],[1.43109807],1301,-25,[14.45540831]
[0.10732576],[1.43109767],1301,-25,[14.45540831]
[0.12163505],[1.43109727],1301,-25,[14.45540831]
[0.13594419],[1.43109687],1301,-25,[14.45540831]
[0.15025319],[1.43109648],1301,-25,[14.45540831]
[0.16456206],[1.43109608],1301,-25,[14.45540831]
[0.17887081],[1.43109568],1301,-25,[14.45540831]
[0.19317945],[1.43109528],1301,-25,[14.45540831]
[0.20748799],[1.43109489],1301,-25,[14.45540831]
[0.22179644],[1.43109449],1301,-25,[14.45540831]
[0.2361048],[1.43109409],1301,-25,[14.45540831]
[0.25041308],[1.43109369],1301,-25,[14.45540831]
[0.26472129],[1.43109329],1301,-25,[14.45540831]
[0.27902943],[1.4310929],1301,-25,[14.45540831]
[0.2933375],[1.4310925],1301,-25,[14.45540831]
[0.30764551],[1.4310921],1301,-25,[14.45540831]
[0.32195347],[1.4310917],1301,-25,[14.45540831]
[0.33626138],[1.43109131],1301,-25,[14.45540831]
[0.35056924],[1.43109091],1301,-25,[14.45540831]
[0.36487705],[1.43109051],1301,-25,[14.45540831]
[0.37918482],[1.43109011],1301,-25,[14.45540831]
[0.39349256],[1.43108971],1301,-25,[14.45540831]
[0.40780026],[1.43108932],1301,-25,[14.45540831]
[0.42210792],[1.43108892],1301,-25,[14.45540831]
[0.43641556],[1.43108852],1301,-25,[14.45540831]
[0.45072316],[1.43108812],1301,-25,[14.45540831]
[0.46503074],[1.43108773],1301,-25,[14.45540831]
[0.4793383],[1.43108733],1301,-25,[14.45540831]
[0.49364583],[1.43108693],1301,-25,[14.45540831]
[0.50795333],[1.43108653],1301,-25,[14.45540831]
[0.52226082],[1.43108613],1301,-25,[14.45540831]
[0.53656829],[1.43108574],1301,-25,[14.45540831]
[0.55087574],[1.43108534],1301,-25,[14.45540831]
[0.56518317],[1.43108494],1301,-25,[14.45540831]
[0.57949059],[1.43108454],1301,-25,[14.45540831]
[0.59379799],[1.43108415],1301,-25,[14.45540831]
[0.60810537],[1.43108375],1301,-25,[14.45540831]
[0.62241275],[1.43108335],1301,-25,[14.45540831]
[0.63672011],[1.43108295],1301,-25,[14.45540831]
[0.65102746],[1.43108255],1301,-25,[14.45540831]
[0.66533479],[1.43108216],1301,-25,[14.45540831]
[0.67964212],[1.43108176],1301,-25,[14.45540831]
[0.69394943],[1.43108136],1301,-25,[14.45540831]
[0.70825674],[1.43108096],1301,-25,[14.45540831]
[0.72256404],[1.43108056],1301,-25,[14.45540831]
[0.73687132],[1.43108017],1301,-25,[14.45540831]
[0.7511786],[1.43107977],1301,-25,[14.45540831]
[0.76548587],[1.43107937],1301,-25,[14.45540831]
[0.77979313],[1.43107897],1301,-25,[14.45540831]
[0.79410039],[1.43107857],1301,-25,[14.45540831]
[0.80840764],[1.43107818],1301,-25,[14.45540831]
[0.82271488],[1.43107778],1301,-25,[14.45540831]
[0.83702211],[1.43107738],1301,-25,[14.45540831]
[0.85132934],[1.43107698],1301,-25,[14.45540831]
[0.86563656],[1.43107658],1301,-25,[14.45540831]
[0.87994377],[1.43107619],1301,-25,[14.45540831]
[0.89425098],[1.43107579],1301,-25,[14.45540831]
[0.90855818],[1.43107539],1301,-25,[14.45540831]
[0.92286538],[1.43107499],1301,-25,[14.45540831]
[0.93717257],[1.43107459],1301,-25,[14.45540831]
[0.95147975],[1.4310742],1301,-25,[14.45540831]
[0.96578693],[1.4310738],1301,-25,[14.45540831]
[0.98009411],[1.4310734],1301,-25,[14.45540831]
[0.99440128],[1.431073],1301,-25,[14.45540831]
[1.00870844],[1.4310726],1301,-25,[14.45540831]
[1.0230156],[1.43107221],1301,-25,[14.45540831]
[1.03732276],[1.43107181],1301,-25,[14.45540831]
[1.05162991],[1.43107141],1301,-25,[14.45540831]
[1.06593705],[1.43107101],1301,-25,[14.45540831]
[1.08024419],[1.43107061],1301,-25,[14.45540831]
[1.09455133],[1.43107022],1301,-25,[14.45540831]
[1.10885846],[1.43106982],1301,-25,[14.45540831]
[1.12316558],[1.43106942],1301,-25,[14.45540831]
[1.13747271],[1.43106902],1301,-25,[14.45540831]
[1.15177982],[1.43106862],1301,-25,[14.45540831]
[1.16608694],[1.43106823],1301,-25,[14.45540831]
[1.18039405],[1.43106783],1301,-25,[14.45540831]
[1.19470115],[1.43106743],1301,-25,[14.45540831]
[1.20900825],[1.43106703],1301,-25,[14.45540831]
[1.22331535],[1.43106663],1301,-25,[14.45540831]
[1.23762244],[1.43106623],1301,-25,[14.45540831]
[1.25192952],[1.43106584],1301,-25,[14.45540831]
[1.26623661],[1.43106544],1301,-25,[14.45540831]
[1.28054368],[1.43106504],1301,-25,[14.45540831]
[1.29485076],[1.43106464],1301,-25,[14.45540831]
[1.30915783],[1.43106424],1301,-25,[14.45540831]
[1.32346489],[1.43106384],1301,-25,[14.45540831]
[1.33777196],[1.43106345],1301,-25,[14.45540831]
[1.35207901],[1.43106305],1301,-25,[14.45540831]
[1.36638607],[1.43106265],1301,-25,[14.45540831]
[1.38069312],[1.43106225],1301,-25,[14.45540831]
[1.39500016],[1.43106185],1301,-25,[14.45540831]
[1.4093072],[1.43106145],1301,-25,[14.45540831]
[1.42361424],[1.43106106],1301,-25,[14.45540831]
[1.43792127],[1.43106066],1301,-25,[14.45540831]
[1.4522283],[1.43106026],1301,-25,[14.45540831]
[1.46653533],[1.43105986],1301,-25,[14.45540831]
[1.48084235],[1.43105946],1301,-25,[14.45540831]
[1.49514936],[1.43105906],1301,-25,[14.45540831]
[1.50945638],[1.43105866],1301,-25,[14.45540831]
[1.52376339],[1.43105827],1301,-25,[14.45540831]
[1.53807039],[1.43105787],1301,-25,[14.45540831]
[1.55237739],[1.43105747],1301,-25,[14.45540831]
[1.56668439],[1.43105707],1301,-25,[14.45540831]
[1.58099138],[1.43105667],1301,-25,[14.45540831]
[1.59529837],[1.43105627],1301,-25,[14.45540831]
[1.60960535],[1.43105587],1301,-25,[14.45540831]
[1.62391233],[1.43105548],1301,-25,[14.45540831]
[1.63821931],[1.43105508],1301,-25,[14.45540831]
[1.65252628],[1.43105468],1301,-25,[14.45540831]
[1.66683325],[1.43105428],1301,-25,[14.45540831]
[1.68114021],[1.43105388],1301,-25,[14.45540831]
[1.69544718],[1.43105348],1301,-25,[14.45540831]
[1.70975413],[1.43105308],1301,-25,[14.45540831]
[1.72406108],[1.43105268],1301,-25,[14.45540831]
[1.73836803],[1.43105229],1301,-25,[14.45540831]
[1.75267498],[1.43105189],1301,-25,[14.45540831]
[1.76698192],[1.43105149],1301,-25,[14.45540831]
[1.78128885],[1.43105109],1301,-25,[14.45540831]
[1.79559579],[1.43105069],1301,-25,[14.45540831]
[1.80990271],[1.43105029],1301,-25,[14.45540831]
[1.82420964],[1.43104989],1301,-25,[14.45540831]
[1.83851656],[1.43104949],1301,-25,[14.45540831]
[1.85282347],[1.43104909],1301,-25,[14.45540831]
[1.86713039],[1.4310487],1301,-25,[14.45540831]
[1.8814373],[1.4310483],1301,-25,[14.45540831]
[1.8957442],[1.4310479],1301,-25,[14.45540831]
[1.9100511],[1.4310475],1301,-25,[14.45540831]
[1.924358],[1.4310471],1301,-25,[14.45540831]
[1.93866489],[1.4310467],1301,-25,[14.45540831]
[1.95297178],[1.4310463],1301,-25,[14.45540831]
[1.96727866],[1.4310459],1301,-25,[14.45540831]
[1.98158554],[1.4310455],1301,-25,[14.45540831]
[1.99589242],[1.4310451],1301,-25,[14.45540831]
[2.01019929],[1.4310447],1301,-25,[14.45540831]
[2.02450616],[1.4310443],1301,-25,[14.45540831]
[2.03881302],[1.43104391],1301,-25,[14.45540831]
[2.05311988],[1.43104351],1301,-25,[14.45540831]
[2.06742674],[1.43104311],1301,-25,[14.45540831]
[2.08173359],[1.43104271],1301,-25,[14.45540831]
[2.09604044],[1.43104231],1301,-25,[14.45540831]
[2.11034729],[1.43104191],1301,-25,[14.45540831]
[2.12465413],[1.43104151],1301,-25,[14.45540831]
[2.13896096],[1.43104111],1301,-25,[14.45540831]
[2.15326779],[1.43104071],1301,-25,[14.45540831]
[2.16757462],[1.43104031],1301,-25,[14.45540831]
[2.18188145],[1.43103991],1301,-25,[14.45540831]
[2.19618827],[1.43103951],1301,-25,[14.45540831]
[2.21049508],[1.43103911],1301,-25,[14.45540831]
[2.2248019],[1.43103871],1301,-25,[14.45540831]
[2.2391087],[1.43103831],1301,-25,[14.45540831]
[2.25341551],[1.43103791],1301,-25,[14.45540831]
[2.26772231],[1.43103751],1301,-25,[14.45540831]
[2.28202911],[1.43103711],1301,-25,[14.45540831]
[2.2963359],[1.43103671],1301,-25,[14.45540831]
[2.31064269],[1.43103631],1301,-25,[14.45540831]
[2.32494947],[1.43103591],1301,-25,[14.45540831]
[2.33925625],[1.43103551],1301,-25,[14.45540831]
[2.35356303],[1.43103511],1301,-25,[14.45540831]
[2.3678698],[1.43103471],1301,-25,[14.45540831]
[2.38217657],[1.43103431],1301,-25,[14.45540831]
[2.39648333],[1.43103391],1301,-25,[14.45540831]
[2.41079009],[1.43103351],1301,-25,[14.45540831]
[2.42509685],[1.43103311],1301,-25,[14.45540831]
[2.4394036],[1.43103271],1301,-25,[14.45540831]
[2.45371035],[1.43103231],1301,-25,[14.45540831]
[2.4680171],[1.43103191],1301,-25,[14.45540831]
[2.48232384],[1.43103151],1301,-25,[14.45540831]
[2.49663057],[1.43103111],1301,-25,[14.45540831]
[2.5109373],[1.43103071],1301,-25,[14.45540831]
[2.52524403],[1.4310303],1301,-25,[14.45540831]
[2.53955076],[1.4310299],1301,-25,[14.45540831]
[2.55385748],[1.4310295],1301,-25,[14.45540831]
[2.56816419],[1.4310291],1301,-25,[14.45540831]
[2.58247091],[1.4310287],1301,-25,[14.45540831]
[2.59677761],[1.4310283],1301,-25,[14.45540831]
[2.61108432],[1.4310279],1301,-25,[14.45540831]
[2.62539102],[1.4310275],1301,-25,[14.45540831]
[2.63969772],[1.4310271],1301,-25,[14.45540831]
[2.65400441],[1.4310267],1301,-25,[14.45540831]
[2.6683111],[1.43102629],1301,-25,[14.45540831]
[2.68261778],[1.43102589],1301,-25,[14.45540831]
[2.69692446],[1.43102549],1301,-25,[14.45540831]
[2.71123114],[1.43102509],1301,-25,[14.45540831]
[2.72553781],[1.43102469],1301,-25,[14.45540831]
[2.73984448],[1.43102429],1301,-25,[14.45540831]
[2.75415114],[1.43102389],1301,-25,[14.45540831]
[2.7684578],[1.43102348],1301,-25,[14.45540831]
[2.78276446],[1.43102308],1301,-25,[14.45540831]
[2.79707111],[1.43102268],1301,-25,[14.45540831]
[2.81137776],[1.43102228],1301,-25,[14.45540831]
[2.8256844],[1.43102188],1301,-25,[14.45540831]
[2.83999104],[1.43102147],1301,-25,[14.45540831]
[2.85429768],[1.43102107],1301,-25,[14.45540831]
[2.86860431],[1.43102067],1301,-25,[14.45540831]
[2.88291094],[1.43102027],1301,-25,[14.45540831]
[2.89721756],[1.43101987],1301,-25,[14.45540831]
[2.91152418],[1.43101946],1301,-25,[14.45540831]
[2.9258308],[1.43101906],1301,-25,[14.45540831]
[2.94013741],[1.43101866],1301,-25,[14.45540831]
[2.95444402],[1.43101826],1301,-25,[14.45540831]
[2.96875062],[1.43101785],1301,-25,[14.45540831]
[2.98305722],[1.43101745],1301,-25,[14.45540831]
[2.99736382],[1.43101705],1301,-25,[14.45540831]
[3.01167041],[1.43101664],1301,-25,[14.45540831]
[3.025977],[1.43101624],1301,-25,[14.45540831]
[3.04028358],[1.43101584],1301,-25,[14.45540831]
[3.05459016],[1.43101543],1301,-25,[14.45540831]
[3.06889674],[1.43101503],1301,-25,[14.45540831]
[3.08320331],[1.43101463],1301,-25,[14.45540831]
[3.09750988],[1.43101422],1301,-25,[14.45540831]
[3.11181644],[1.43101382],1301,-25,[14.45540831]
[3.126123],[1.43101342],1301,-25,[14.45540831]
[3.14042955],[1.43101301],1301,-25,[14.45540831]
[3.15473611],[1.43101261],1301,-25,[14.45540831]
[3.16904265],[1.4310122],1301,-25,[14.45540831]
[3.1833492],[1.4310118],1301,-25,[14.45540831]
[3.19765574],[1.4310114],1301,-25,[14.45540831]
[3.21196227],[1.43101099],1301,-25,[14.45540831]
[3.2262688],[1.43101059],1301,-25,[14.45540831]
[3.24057533],[1.43101018],1301,-25,[14.45540831]
[3.25488185],[1.43100978],1301,-25,[14.45540831]
[3.26918837],[1.43100937],1301,-25,[14.45540831]
[3.28349489],[1.43100897],1301,-25,[14.45540831]
[3.2978014],[1.43100856],1301,-25,[14.45540831]
[3.3121079],[1.43100816],1301,-25,[14.45540831]
[3.32641441],[1.43100775],1301,-25,[14.45540831]
[3.34072091],[1.43100735],1301,-25,[14.45540831]
[3.3550274],[1.43100694],1301,-25,[14.45540831]
[3.36933389],[1.43100654],1301,-25,[14.45540831]
[3.38364038],[1.43100613],1301,-25,[14.45540831]
[3.39794686],[1.43100572],1301,-25,[14.45540831]
[3.41225334],[1.43100532],1301,-25,[14.45540831]
[3.42655981],[1.43100491],1301,-25,[14.45540831]
[3.44086628],[1.43100451],1301,-25,[14.45540831]
[3.45517275],[1.4310041],1301,-25,[14.45540831]
[3.46947921],[1.43100369],1301,-25,[14.45540831]
[3.48378567],[1.43100329],1301,-25,[14.45540831]
[3.49809213],[1.43100288],1301,-25,[14.45540831]
[3.51239858],[1.43100247],1301,-25,[14.45540831]
[3.52670502],[1.43100207],1301,-25,[14.45540831]
[3.54101146],[1.43100166],1301,-25,[14.45540831]
[3.5553179],[1.43100125],1301,-25,[14.45540831]
[3.56962434],[1.43100084],1301,-25,[14.45540831]
[3.58393077],[1.43100044],1301,-25,[14.45540831]
[3.59823719],[1.43100003],1301,-25,[14.45540831]
[3.61254361],[1.43099962],1301,-25,[14.45540831]
[3.62685003],[1.43099921],1301,-25,[14.45540831]
[3.64115644],[1.4309988],1301,-25,[14.45540831]
[3.65546285],[1.43099839],1301,-25,[14.45540831]
[3.66976926],[1.43099799],1301,-25,[14.45540831]
[3.68407566],[1.43099758],1301,-25,[14.45540831]
[3.69838206],[1.43099717],1301,-25,[14.45540831]
[3.71268845],[1.43099676],1301,-25,[14.45540831]
[3.72699484],[1.43099635],1301,-25,[14.45540831]
[3.74130122],[1.43099594],1301,-25,[14.45540831]
[3.7556076],[1.43099553],1301,-25,[14.45540831]
[3.76991398],[1.43099512],1301,-25,[14.45540831]
[3.78422035],[1.43099471],1301,-25,[14.45540831]
[3.79852672],[1.4309943],1301,-25,[14.45540831]
[3.81283309],[1.43099389],1301,-25,[14.45540831]
[3.82713945],[1.43099348],1301,-25,[14.45540831]
[3.8414458],[1.43099306],1301,-25,[14.45540831]
[3.85575215],[1.43099265],1301,-25,[14.45540831]
[3.8700585],[1.43099224],1301,-25,[14.45540831]
[3.88436485],[1.43099183],1301,-25,[14.45540831]
[3.89867119],[1.43099142],1301,-25,[14.45540831]
[3.91297752],[1.43099101],1301,-25,[14.45540831]
[3.92728385],[1.43099059],1301,-25,[14.45540831]
[3.94159018],[1.43099018],1301,-25,[14.45540831]
[3.9558965],[1.43098977],1301,-25,[14.45540831]
[3.97020282],[1.43098935],1301,-25,[14.45540831]
[3.98450914],[1.43098894],1301,-25,[14.45540831]
[3.99881545],[1.43098853],1301,-25,[14.45540831]
[4.01312175],[1.43098811],1301,-25,[14.45540831]
[4.02742806],[1.4309877],1301,-25,[14.45540831]
[4.04173436],[1.43098729],1301,-25,[14.45540831]
[4.05604065],[1.43098687],1301,-25,[14.45540831]
[4.07034694],[1.43098646],1301,-25,[14.45540831]
[4.08465323],[1.43098604],1301,-25,[14.45540831]
[4.09895951],[1.43098562],1301,-25,[14.45540831]
[4.11326578],[1.43098521],1301,-25,[14.45540831]
[4.12757206],[1.43098479],1301,-25,[14.45540831]
[4.14187833],[1.43098438],1301,-25,[14.45540831]
[4.15618459],[1.43098396],1301,-25,[14.45540831]
[4.17049085],[1.43098354],1301,-25,[14.45540831]
[4.18479711],[1.43098313],1301,-25,[14.45540831]
[4.19910336],[1.43098271],1301,-25,[14.45540831]
[4.21340961],[1.43098229],1301,-25,[14.45540831]
[4.22771586],[1.43098187],1301,-25,[14.45540831]
[4.2420221],[1.43098145],1301,-25,[14.45540831]
[4.25632833],[1.43098103],1301,-25,[14.45540831]
[4.27063456],[1.43098061],1301,-25,[14.45540831]
[4.28494079],[1.4309802],1301,-25,[14.45540831]
[4.29924701],[1.43097978],1301,-25,[14.45540831]
[4.31355323],[1.43097936],1301,-25,[14.45540831]
[4.32785945],[1.43097893],1301,-25,[14.45540831]
[4.34216566],[1.43097851],1301,-25,[14.45540831]
[4.35647187],[1.43097809],1301,-25,[14.45540831]
[4.37077807],[1.43097767],1301,-25,[14.45540831]
[4.38508427],[1.43097725],1301,-25,[14.45540831]
[4.39939046],[1.43097683],1301,-25,[14.45540831]
[4.41369665],[1.4309764],1301,-25,[14.45540831]
[4.42800283],[1.43097598],1301,-25,[14.45540831]
[4.44230902],[1.43097556],1301,-25,[14.45540831]
[4.45661519],[1.43097513],1301,-25,[14.45540831]
[4.47092136],[1.43097471],1301,-25,[14.45540831]
[4.48522753],[1.43097428],1301,-25,[14.45540831]
[4.4995337],[1.43097386],1301,-25,[14.45540831]
[4.51383986],[1.43097343],1301,-25,[14.45540831]
[4.52814601],[1.43097301],1301,-25,[14.45540831]
[4.54245216],[1.43097258],1301,-25,[14.45540831]
[4.55675831],[1.43097215],1301,-25,[14.45540831]
[4.57106445],[1.43097172],1301,-25,[14.45540831]
[4.58537059],[1.4309713],1301,-25,[14.45540831]
[4.59967673],[1.43097087],1301,-25,[14.45540831]
[4.61398286],[1.43097044],1301,-25,[14.45540831]
[4.62828898],[1.43097001],1301,-25,[14.45540831]
[4.6425951],[1.43096958],1301,-25,[14.45540831]
[4.65690122],[1.43096915],1301,-25,[14.45540831]
[4.67120733],[1.43096872],1301,-25,[14.45540831]
[4.68551344],[1.43096829],1301,-25,[14.45540831]
[4.69981955],[1.43096785],1301,-25,[14.45540831]
[4.71412565],[1.43096742],1301,-25,[14.45540831]
[4.72843174],[1.43096699],1301,-25,[14.45540831]
[4.74273783],[1.43096655],1301,-25,[14.45540831]
[4.75704392],[1.43096612],1301,-25,[14.45540831]
[4.77135],[1.43096568],1301,-25,[14.45540831]
[4.78565608],[1.43096525],1301,-25,[14.45540831]
[4.79996215],[1.43096481],1301,-25,[14.45540831]
[4.81426822],[1.43096438],1301,-25,[14.45540831]
[4.82857429],[1.43096394],1301,-25,[14.45540831]
[4.84288035],[1.4309635],1301,-25,[14.45540831]
[4.85718641],[1.43096306],1301,-25,[14.45540831]
[4.87149246],[1.43096262],1301,-25,[14.45540831]
[4.88579851],[1.43096218],1301,-25,[14.45540831]
[4.90010455],[1.43096174],1301,-25,[14.45540831]
[4.91441059],[1.4309613],1301,-25,[14.45540831]
[4.92871662],[1.43096086],1301,-25,[14.45540831]
[4.94302265],[1.43096042],1301,-25,[14.45540831]
[4.95732868],[1.43095997],1301,-25,[14.45540831]
[4.9716347],[1.43095953],1301,-25,[14.45540831]
[4.98594071],[1.43095909],1301,-25,[14.45540831]
[5.00024673],[1.43095864],1301,-25,[14.45540831]
[5.01455273],[1.43095819],1301,-25,[14.45540831]
[5.02885874],[1.43095775],1301,-25,[14.45540831]
[5.04316474],[1.4309573],1301,-25,[14.45540831]
[5.05747073],[1.43095685],1301,-25,[14.45540831]
[5.07177672],[1.4309564],1301,-25,[14.45540831]
[5.0860827],[1.43095595],1301,-25,[14.45540831]
[5.10038869],[1.4309555],1301,-25,[14.45540831]
[5.11469466],[1.43095505],1301,-25,[14.45540831]
[5.12900063],[1.4309546],1301,-25,[14.45540831]
[5.1433066],[1.43095414],1301,-25,[14.45540831]
[5.15761256],[1.43095369],1301,-25,[14.45540831]
[5.17191852],[1.43095323],1301,-25,[14.45540831]
[5.18622448],[1.43095278],1301,-25,[14.45540831]
[5.20053042],[1.43095232],1301,-25,[14.45540831]
[5.21483637],[1.43095186],1301,-25,[14.45540831]
[5.22914231],[1.4309514],1301,-25,[14.45540831]
[5.24344824],[1.43095094],1301,-25,[14.45540831]
[5.25775417],[1.43095048],1301,-25,[14.45540831]
[5.2720601],[1.43095002],1301,-25,[14.45540831]
[5.28636602],[1.43094956],1301,-25,[14.45540831]
[5.30067194],[1.43094909],1301,-25,[14.45540831]
[5.31497785],[1.43094863],1301,-25,[14.45540831]
[5.32928376],[1.43094816],1301,-25,[14.45540831]
[5.34358966],[1.4309477],1301,-25,[14.45540831]
[5.35789556],[1.43094723],1301,-25,[14.45540831]
[5.37220145],[1.43094676],1301,-25,[14.45540831]
[5.38650734],[1.43094629],1301,-25,[14.45540831]
[5.40081322],[1.43094582],1301,-25,[14.45540831]
[5.4151191],[1.43094534],1301,-25,[14.45540831]
[5.42942498],[1.43094487],1301,-25,[14.45540831]
[5.44373085],[1.43094439],1301,-25,[14.45540831]
[5.45803671],[1.43094392],1301,-25,[14.45540831]
[5.47234257],[1.43094344],1301,-25,[14.45540831]
[5.48664843],[1.43094296],1301,-25,[14.45540831]
[5.50095428],[1.43094248],1301,-25,[14.45540831]
[5.51526013],[1.430942],1301,-25,[14.45540831]
[5.52956597],[1.43094152],1301,-25,[14.45540831]
[5.5438718],[1.43094103],1301,-25,[14.45540831]
[5.55817764],[1.43094055],1301,-25,[14.45540831]
[5.57248346],[1.43094006],1301,-25,[14.45540831]
[5.58678928],[1.43093958],1301,-25,[14.45540831]
[5.6010951],[1.43093909],1301,-25,[14.45540831]
[5.61540091],[1.43093859],1301,-25,[14.45540831]
[5.62970672],[1.4309381],1301,-25,[14.45540831]
[5.64401252],[1.43093761],1301,-25,[14.45540831]
[5.65831832],[1.43093711],1301,-25,[14.45540831]
[5.67262411],[1.43093662],1301,-25,[14.45540831]
[5.6869299],[1.43093612],1301,-25,[14.45540831]
[5.70123568],[1.43093562],1301,-25,[14.45540831]
[5.71554146],[1.43093512],1301,-25,[14.45540831]
[5.72984723],[1.43093461],1301,-25,[14.45540831]
[5.744153],[1.43093411],1301,-25,[14.45540831]
[5.75845876],[1.4309336],1301,-25,[14.45540831]
[5.77276452],[1.43093309],1301,-25,[14.45540831]
[5.78707027],[1.43093258],1301,-25,[14.45540831]
[5.80137601],[1.43093207],1301,-25,[14.45540831]
[5.81568176],[1.43093156],1301,-25,[14.45540831]
[5.82998749],[1.43093104],1301,-25,[14.45540831]
[5.84429322],[1.43093053],1301,-25,[14.45540831]
[5.85859895],[1.43093001],1301,-25,[14.45540831]
[5.87290467],[1.43092949],1301,-25,[14.45540831]
[5.88721039],[1.43092896],1301,-25,[14.45540831]
[5.9015161],[1.43092844],1301,-25,[14.45540831]
[5.9158218],[1.43092791],1301,-25,[14.45540831]
[5.9301275],[1.43092738],1301,-25,[14.45540831]
[5.9444332],[1.43092685],1301,-25,[14.45540831]
[5.95873889],[1.43092632],1301,-25,[14.45540831]
[5.97304457],[1.43092579],1301,-25,[14.45540831]
[5.98735025],[1.43092525],1301,-25,[14.45540831]
[6.00165592],[1.43092471],1301,-25,[14.45540831]
[6.01596159],[1.43092417],1301,-25,[14.45540831]
[6.03026725],[1.43092363],1301,-25,[14.45540831]
[6.04457291],[1.43092308],1301,-25,[14.45540831]
[6.05887856],[1.43092253],1301,-25,[14.45540831]
[6.07318421],[1.43092198],1301,-25,[14.45540831]
[6.08748985],[1.43092143],1301,-25,[14.45540831]
[6.10179548],[1.43092087],1301,-25,[14.45540831]
[6.11610111],[1.43092031],1301,-25,[14.45540831]
[6.13040674],[1.43091975],1301,-25,[14.45540831]
[6.14471236],[1.43091919],1301,-25,[14.45540831]
[6.15901797],[1.43091862],1301,-25,[14.45540831]
[6.17332358],[1.43091806],1301,-25,[14.45540831]
[6.18762918],[1.43091749],1301,-25,[14.45540831]
[6.20193477],[1.43091691],1301,-25,[14.45540831]
[6.21624036],[1.43091634],1301,-25,[14.45540831]
[6.23054595],[1.43091576],1301,-25,[14.45540831]
[6.24485153],[1.43091517],1301,-25,[14.45540831]
[6.2591571],[1.43091459],1301,-25,[14.45540831]
[6.27346266],[1.430914],1301,-25,[14.45540831]
[6.28776822],[1.43091341],1301,-25,[14.45540831]
[6.30207378],[1.43091282],1301,-25,[14.45540831]
[6.31637933],[1.43091222],1301,-25,[14.45540831]
[6.33068487],[1.43091162],1301,-25,[14.45540831]
[6.34499041],[1.43091102],1301,-25,[14.45540831]
[6.35929594],[1.43091041],1301,-25,[14.45540831]
[6.37360146],[1.4309098],1301,-25,[14.45540831]
[6.38790698],[1.43090919],1301,-25,[14.45540831]
[6.40221249],[1.43090857],1301,-25,[14.45540831]
[6.416518],[1.43090795],1301,-25,[14.45540831]
[6.4308235],[1.43090733],1301,-25,[14.45540831]
[6.44512899],[1.4309067],1301,-25,[14.45540831]
[6.45943448],[1.43090607],1301,-25,[14.45540831]
[6.47373996],[1.43090544],1301,-25,[14.45540831]
[6.48804544],[1.4309048],1301,-25,[14.45540831]
[6.50235091],[1.43090416],1301,-25,[14.45540831]
[6.51665637],[1.43090352],1301,-25,[14.45540831]
[6.53096182],[1.43090287],1301,-25,[14.45540831]
[6.54526727],[1.43090222],1301,-25,[14.45540831]
[6.55957272],[1.43090156],1301,-25,[14.45540831]
[6.57387815],[1.4309009],1301,-25,[14.45540831]
[6.58818358],[1.43090023],1301,-25,[14.45540831]
[6.602489],[1.43089956],1301,-25,[14.45540831]
[6.61679442],[1.43089889],1301,-25,[14.45540831]
[6.63109983],[1.43089821],1301,-25,[14.45540831]
[6.64540523],[1.43089753],1301,-25,[14.45540831]
[6.65971063],[1.43089685],1301,-25,[14.45540831]
[6.67401601],[1.43089616],1301,-25,[14.45540831]
[6.6883214],[1.43089546],1301,-25,[14.45540831]
[6.70262677],[1.43089476],1301,-25,[14.45540831]
[6.71693214],[1.43089405],1301,-25,[14.45540831]
[6.7312375],[1.43089335],1301,-25,[14.45540831]
[6.74554285],[1.43089263],1301,-25,[14.45540831]
[6.7598482],[1.43089191],1301,-25,[14.45540831]
[6.77415354],[1.43089119],1301,-25,[14.45540831]
[6.78845887],[1.43089046],1301,-25,[14.45540831]
[6.8027642],[1.43088972],1301,-25,[14.45540831]
[6.81706951],[1.43088898],1301,-25,[14.45540831]
[6.83137482],[1.43088824],1301,-25,[14.45540831]
[6.84568012],[1.43088749],1301,-25,[14.45540831]
[6.85998542],[1.43088673],1301,-25,[14.45540831]
[6.87429071],[1.43088597],1301,-25,[14.45540831]
[6.88859599],[1.4308852],1301,-25,[14.45540831]
[6.90290126],[1.43088443],1301,-25,[14.45540831]
[6.91720652],[1.43088365],1301,-25,[14.45540831]
[6.93151178],[1.43088286],1301,-25,[14.45540831]
[6.94581703],[1.43088207],1301,-25,[14.45540831]
[6.96012227],[1.43088128],1301,-25,[14.45540831]
[6.9744275],[1.43088047],1301,-25,[14.45540831]
[6.98873272],[1.43087966],1301,-25,[14.45540831]
[7.00303794],[1.43087885],1301,-25,[14.45540831]
[7.01734315],[1.43087802],1301,-25,[14.45540831]
[7.03164835],[1.43087719],1301,-25,[14.45540831]
[7.04595354],[1.43087636],1301,-25,[14.45540831]
[7.06025872],[1.43087552],1301,-25,[14.45540831]
[7.0745639],[1.43087467],1301,-25,[14.45540831]
[7.08886906],[1.43087381],1301,-25,[14.45540831]
[7.10317422],[1.43087294],1301,-25,[14.45540831]
[7.11747937],[1.43087207],1301,-25,[14.45540831]
[7.13178451],[1.43087119],1301,-25,[14.45540831]
[7.14608964],[1.43087031],1301,-25,[14.45540831]
[7.16039476],[1.43086941],1301,-25,[14.45540831]
[7.17469988],[1.43086851],1301,-25,[14.45540831]
[7.18900498],[1.4308676],1301,-25,[14.45540831]
[7.20331008],[1.43086669],1301,-25,[14.45540831]
[7.21761516],[1.43086576],1301,-25,[14.45540831]
[7.23192024],[1.43086483],1301,-25,[14.45540831]
[7.2462253],[1.43086388],1301,-25,[14.45540831]
[7.26053036],[1.43086293],1301,-25,[14.45540831]
[7.27483541],[1.43086197],1301,-25,[14.45540831]
[7.28914045],[1.43086101],1301,-25,[14.45540831]
[7.30344548],[1.43086003],1301,-25,[14.45540831]
[7.3177505],[1.43085904],1301,-25,[14.45540831]
[7.33205551],[1.43085805],1301,-25,[14.45540831]
[7.34636051],[1.43085704],1301,-25,[14.45540831]
[7.3606655],[1.43085603],1301,-25,[14.45540831]
[7.37497047],[1.43085501],1301,-25,[14.45540831]
[7.38927544],[1.43085397],1301,-25,[14.45540831]
[7.4035804],[1.43085293],1301,-25,[14.45540831]
[7.41788535],[1.43085188],1301,-25,[14.45540831]
[7.43219029],[1.43085081],1301,-25,[14.45540831]
[7.44649521],[1.43084974],1301,-25,[14.45540831]
[7.46080013],[1.43084866],1301,-25,[14.45540831]
[7.47510503],[1.43084756],1301,-25,[14.45540831]
[7.48940993],[1.43084645],1301,-25,[14.45540831]
[7.50371481],[1.43084534],1301,-25,[14.45540831]
[7.51801968],[1.43084421],1301,-25,[14.45540831]
[7.53232454],[1.43084307],1301,-25,[14.45540831]
[7.54662939],[1.43084192],1301,-25,[14.45540831]
[7.56093423],[1.43084076],1301,-25,[14.45540831]
[7.57523905],[1.43083958],1301,-25,[14.45540831]
[7.58954387],[1.43083839],1301,-25,[14.45540831]
[7.60384867],[1.43083719],1301,-25,[14.45540831]
[7.61815346],[1.43083598],1301,-25,[14.45540831]
[7.63245823],[1.43083476],1301,-25,[14.45540831]
[7.646763],[1.43083352],1301,-25,[14.45540831]
[7.66106775],[1.43083227],1301,-25,[14.45540831]
[7.67537249],[1.43083101],1301,-25,[14.45540831]
[7.68967722],[1.43082973],1301,-25,[14.45540831]
[7.70398193],[1.43082844],1301,-25,[14.45540831]
[7.71828664],[1.43082713],1301,-25,[14.45540831]
[7.73259133],[1.43082581],1301,-25,[14.45540831]
[7.746896],[1.43082448],1301,-25,[14.45540831]
[7.76120066],[1.43082313],1301,-25,[14.45540831]
[7.77550531],[1.43082177],1301,-25,[14.45540831]
[7.78980995],[1.43082039],1301,-25,[14.45540831]
[7.80411457],[1.430819],1301,-25,[14.45540831]
[7.81841917],[1.43081759],1301,-25,[14.45540831]
[7.83272377],[1.43081617],1301,-25,[14.45540831]
[7.84702834],[1.43081473],1301,-25,[14.45540831]
[7.86133291],[1.43081327],1301,-25,[14.45540831]
[7.87563746],[1.4308118],1301,-25,[14.45540831]
[7.88994199],[1.43081031],1301,-25,[14.45540831]
[7.90424651],[1.4308088],1301,-25,[14.45540831]
[7.91855101],[1.43080728],1301,-25,[14.45540831]
[7.9328555],[1.43080573],1301,-25,[14.45540831]
[7.94715998],[1.43080417],1301,-25,[14.45540831]
[7.96146443],[1.4308026],1301,-25,[14.45540831]
[7.97576888],[1.430801],1301,-25,[14.45540831]
[7.9900733],[1.43079939],1301,-25,[14.45540831]
[8.00437771],[1.43079775],1301,-25,[14.45540831]
[8.0186821],[1.4307961],1301,-25,[14.45540831]
[8.03298648],[1.43079443],1301,-25,[14.45540831]
[8.04729084],[1.43079273],1301,-25,[14.45540831]
[8.06159518],[1.43079102],1301,-25,[14.45540831]
[8.07589951],[1.43078929],1301,-25,[14.45540831]
[8.09020382],[1.43078753],1301,-25,[14.45540831]
[8.10450811],[1.43078576],1301,-25,[14.45540831]
[8.11881238],[1.43078396],1301,-25,[14.45540831]
[8.13311663],[1.43078214],1301,-25,[14.45540831]
[8.14742087],[1.4307803],1301,-25,[14.45540831]
[8.16172509],[1.43077844],1301,-25,[14.45540831]
[8.17602929],[1.43077655],1301,-25,[14.45540831]
[8.19033347],[1.43077464],1301,-25,[14.45540831]
[8.20463763],[1.43077271],1301,-25,[14.45540831]
[8.21894177],[1.43077075],1301,-25,[14.45540831]
[8.23324589],[1.43076877],1301,-25,[14.45540831]
[8.24754999],[1.43076677],1301,-25,[14.45540831]
[8.26185407],[1.43076474],1301,-25,[14.45540831]
[8.27615813],[1.43076268],1301,-25,[14.45540831]
[8.29046217],[1.4307606],1301,-25,[14.45540831]
[8.30476619],[1.43075849],1301,-25,[14.45540831]
[8.31907019],[1.43075636],1301,-25,[14.45540831]
[8.33337417],[1.43075419],1301,-25,[14.45540831]
[8.34767812],[1.43075201],1301,-25,[14.45540831]
[8.36198206],[1.43074979],1301,-25,[14.45540831]
[8.37628597],[1.43074754],1301,-25,[14.45540831]
[8.39058986],[1.43074527],1301,-25,[14.45540831]
[8.40489372],[1.43074296],1301,-25,[14.45540831]
[8.41919756],[1.43074063],1301,-25,[14.45540831]
[8.43350138],[1.43073827],1301,-25,[14.45540831]
[8.44780518],[1.43073587],1301,-25,[14.45540831]
[8.46210895],[1.43073345],1301,-25,[14.45540831]
[8.47641269],[1.43073099],1301,-25,[14.45540831]
[8.49071641],[1.4307285],1301,-25,[14.45540831]
[8.50502011],[1.43072598],1301,-25,[14.45540831]
[8.51932378],[1.43072342],1301,-25,[14.45540831]
[8.53362743],[1.43072084],1301,-25,[14.45540831]
[8.54793105],[1.43071821],1301,-25,[14.45540831]
[8.56223464],[1.43071556],1301,-25,[14.45540831]
[8.5765382],[1.43071286],1301,-25,[14.45540831]
[8.59084174],[1.43071014],1301,-25,[14.45540831]
[8.60514526],[1.43070737],1301,-25,[14.45540831]
[8.61944874],[1.43070457],1301,-25,[14.45540831]
[8.63375219],[1.43070173],1301,-25,[14.45540831]
[8.64805562],[1.43069885],1301,-25,[14.45540831]
[8.66235902],[1.43069594],1301,-25,[14.45540831]
[8.67666239],[1.43069298],1301,-25,[14.45540831]
[8.69096573],[1.43068999],1301,-25,[14.45540831]
[8.70526904],[1.43068695],1301,-25,[14.45540831]
[8.71957231],[1.43068388],1301,-25,[14.45540831]
[8.73387556],[1.43068076],1301,-25,[14.45540831]
[8.74817878],[1.4306776],1301,-25,[14.45540831]
[8.76248196],[1.4306744],1301,-25,[14.45540831]
[8.77678511],[1.43067115],1301,-25,[14.45540831]
[8.79108823],[1.43066786],1301,-25,[14.45540831]
[8.80539132],[1.43066452],1301,-25,[14.45540831]
[8.81969437],[1.43066114],1301,-25,[14.45540831]
[8.83399739],[1.43065771],1301,-25,[14.45540831]
[8.84830037],[1.43065423],1301,-25,[14.45540831]
[8.86260332],[1.43065071],1301,-25,[14.45540831]
[8.87690624],[1.43064714],1301,-25,[14.45540831]
[8.89120911],[1.43064351],1301,-25,[14.45540831]
[8.90551195],[1.43063984],1301,-25,[14.45540831]
[8.91981476],[1.43063612],1301,-25,[14.45540831]
[8.93411752],[1.43063234],1301,-25,[14.45540831]
[8.94842025],[1.43062851],1301,-25,[14.45540831]
[8.96272294],[1.43062463],1301,-25,[14.45540831]
[8.97702559],[1.4306207],1301,-25,[14.45540831]
[8.99132821],[1.43061671],1301,-25,[14.45540831]
[9.00563078],[1.43061266],1301,-25,[14.45540831]
[9.01993331],[1.43060855],1301,-25,[14.45540831]
[9.0342358],[1.43060439],1301,-25,[14.45540831]
[9.04853824],[1.43060017],1301,-25,[14.45540831]
[9.06284065],[1.43059589],1301,-25,[14.45540831]
[9.07714301],[1.43059155],1301,-25,[14.45540831]
[9.09144533],[1.43058715],1301,-25,[14.45540831]
[9.1057476],[1.43058269],1301,-25,[14.45540831]
[9.12004983],[1.43057816],1301,-25,[14.45540831]
[9.13435201],[1.43057357],1301,-25,[14.45540831]
[9.14865415],[1.43056891],1301,-25,[14.45540831]
[9.16295624],[1.43056419],1301,-25,[14.45540831]
[9.17725828],[1.4305594],1301,-25,[14.45540831]
[9.19156027],[1.43055454],1301,-25,[14.45540831]
[9.20586222],[1.43054961],1301,-25,[14.45540831]
[9.22016412],[1.43054461],1301,-25,[14.45540831]
[9.23446596],[1.43053954],1301,-25,[14.45540831]
[9.24876775],[1.43053439],1301,-25,[14.45540831]
[9.2630695],[1.43052918],1301,-25,[14.45540831]
[9.27737119],[1.43052388],1301,-25,[14.45540831]
[9.29167282],[1.43051851],1301,-25,[14.45540831]
[9.30597441],[1.43051307],1301,-25,[14.45540831]
[9.32027593],[1.43050754],1301,-25,[14.45540831]
[9.3345774],[1.43050194],1301,-25,[14.45540831]
[9.34887882],[1.43049625],1301,-25,[14.45540831]
[9.36318018],[1.43049048],1301,-25,[14.45540831]
[9.37748148],[1.43048463],1301,-25,[14.45540831]
[9.39178272],[1.43047869],1301,-25,[14.45540831]
[9.4060839],[1.43047267],1301,-25,[14.45540831]
[9.42038502],[1.43046655],1301,-25,[14.45540831]
[9.43468608],[1.43046035],1301,-25,[14.45540831]
[9.44898708],[1.43045406],1301,-25,[14.45540831]
[9.46328801],[1.43044768],1301,-25,[14.45540831]
[9.47758888],[1.43044121],1301,-25,[14.45540831]
[9.49188968],[1.43043463],1301,-25,[14.45540831]
[9.50619042],[1.43042797],1301,-25,[14.45540831]
[9.52049109],[1.4304212],1301,-25,[14.45540831]
[9.53479169],[1.43041434],1301,-25,[14.45540831]
[9.54909223],[1.43040738],1301,-25,[14.45540831]
[9.56339269],[1.43040031],1301,-25,[14.45540831]
[9.57769308],[1.43039314],1301,-25,[14.45540831]
[9.5919934],[1.43038586],1301,-25,[14.45540831]
[9.60629365],[1.43037848],1301,-25,[14.45540831]
[9.62059382],[1.43037099],1301,-25,[14.45540831]
[9.63489392],[1.43036339],1301,-25,[14.45540831]
[9.64919394],[1.43035567],1301,-25,[14.45540831]
[9.66349388],[1.43034784],1301,-25,[14.45540831]
[9.67779374],[1.4303399],1301,-25,[14.45540831]
[9.69209353],[1.43033184],1301,-25,[14.45540831]
[9.70639323],[1.43032365],1301,-25,[14.45540831]
[9.72069285],[1.43031535],1301,-25,[14.45540831]
[9.73499239],[1.43030693],1301,-25,[14.45540831]
[9.74929184],[1.43029838],1301,-25,[14.45540831]
[9.7635912],[1.4302897],1301,-25,[14.45540831]
[9.77789048],[1.43028089],1301,-25,[14.45540831]
[9.79218967],[1.43027195],1301,-25,[14.45540831]
[9.80648877],[1.43026288],1301,-25,[14.45540831]
[9.82078778],[1.43025368],1301,-25,[14.45540831]
[9.83508669],[1.43024434],1301,-25,[14.45540831]
[9.84938551],[1.43023485],1301,-25,[14.45540831]
[9.86368424],[1.43022523],1301,-25,[14.45540831]
[9.87798287],[1.43021546],1301,-25,[14.45540831]
[9.8922814],[1.43020555],1301,-25,[14.45540831]
[9.90657983],[1.43019549],1301,-25,[14.45540831]
[9.92087816],[1.43018528],1301,-25,[14.45540831]
[9.93517638],[1.43017491],1301,-25,[14.45540831]
[9.9494745],[1.43016439],1301,-25,[14.45540831]
[9.96377252],[1.43015371],1301,-25,[14.45540831]
[9.97807043],[1.43014288],1301,-25,[14.45540831]
[9.99236823],[1.43013188],1301,-25,[14.45540831]
[10.00666591],[1.43012071],1301,-25,[14.45540831]
[10.02096349],[1.43010938],1301,-25,[14.45540831]
[10.03526095],[1.43009788],1301,-25,[14.45540831]
[10.0495583],[1.4300862],1301,-25,[14.45540831]
[10.06385553],[1.43007435],1301,-25,[14.45540831]
[10.07815263],[1.43006232],1301,-25,[14.45540831]
[10.09244962],[1.43005011],1301,-25,[14.45540831]
[10.10674649],[1.43003771],1301,-25,[14.45540831]
[10.12104323],[1.43002513],1301,-25,[14.45540831]
[10.13533984],[1.43001236],1301,-25,[14.45540831]
[10.14963632],[1.42999939],1301,-25,[14.45540831]
[10.16393268],[1.42998623],1301,-25,[14.45540831]
[10.1782289],[1.42997288],1301,-25,[14.45540831]
[10.19252498],[1.42995932],1301,-25,[14.45540831]
[10.20682093],[1.42994555],1301,-25,[14.45540831]
[10.22111675],[1.42993158],1301,-25,[14.45540831]
[10.23541242],[1.42991739],1301,-25,[14.45540831]
[10.24970794],[1.42990299],1301,-25,[14.45540831]
[10.26400333],[1.42988838],1301,-25,[14.45540831]
[10.27829856],[1.42987354],1301,-25,[14.45540831]
[10.29259365],[1.42985847],1301,-25,[14.45540831]
[10.30688858],[1.42984318],1301,-25,[14.45540831]
[10.32118336],[1.42982766],1301,-25,[14.45540831]
[10.33547799],[1.4298119],1301,-25,[14.45540831]
[10.34977245],[1.4297959],1301,-25,[14.45540831]
[10.36406675],[1.42977966],1301,-25,[14.45540831]
[10.3783609],[1.42976318],1301,-25,[14.45540831]
[10.39265487],[1.42974644],1301,-25,[14.45540831]
[10.40694867],[1.42972945],1301,-25,[14.45540831]
[10.42124231],[1.4297122],1301,-25,[14.45540831]
[10.43553577],[1.42969468],1301,-25,[14.45540831]
[10.44982905],[1.4296769],1301,-25,[14.45540831]
[10.46412216],[1.42965886],1301,-25,[14.45540831]
[10.47841508],[1.42964053],1301,-25,[14.45540831]
[10.49270782],[1.42962193],1301,-25,[14.45540831]
[10.50700037],[1.42960304],1301,-25,[14.45540831]
[10.52129273],[1.42958387],1301,-25,[14.45540831]
[10.5355849],[1.4295644],1301,-25,[14.45540831]
[10.54987687],[1.42954464],1301,-25,[14.45540831]
[10.56416865],[1.42952458],1301,-25,[14.45540831]
[10.57846022],[1.42950421],1301,-25,[14.45540831]
[10.59275158],[1.42948353],1301,-25,[14.45540831]
[10.60704274],[1.42946253],1301,-25,[14.45540831]
[10.62133368],[1.42944121],1301,-25,[14.45540831]
[10.63562441],[1.42941957],1301,-25,[14.45540831]
[10.64991493],[1.4293976],1301,-25,[14.45540831]
[10.66420522],[1.42937529],1301,-25,[14.45540831]
[10.67849528],[1.42935264],1301,-25,[14.45540831]
[10.69278512],[1.42932965],1301,-25,[14.45540831]
[10.70707473],[1.4293063],1301,-25,[14.45540831]
[10.7213641],[1.4292826],1301,-25,[14.45540831]
[10.73565323],[1.42925853],1301,-25,[14.45540831]
[10.74994212],[1.4292341],1301,-25,[14.45540831]
[10.76423077],[1.42920929],1301,-25,[14.45540831]
[10.77851916],[1.4291841],1301,-25,[14.45540831]
[10.7928073],[1.42915853],1301,-25,[14.45540831]
[10.80709519],[1.42913257],1301,-25,[14.45540831]
[10.82138281],[1.4291062],1301,-25,[14.45540831]
[10.83567016],[1.42907944],1301,-25,[14.45540831]
[10.84995725],[1.42905226],1301,-25,[14.45540831]
[10.86424406],[1.42902467],1301,-25,[14.45540831]
[10.8785306],[1.42899666],1301,-25,[14.45540831]
[10.89281685],[1.42896821],1301,-25,[14.45540831]
[10.90710281],[1.42893933],1301,-25,[14.45540831]
[10.92138849],[1.42891001],1301,-25,[14.45540831]
[10.93567387],[1.42888024],1301,-25,[14.45540831]
[10.94995895],[1.42885001],1301,-25,[14.45540831]
[10.96424372],[1.42881931],1301,-25,[14.45540831]
[10.97852819],[1.42878815],1301,-25,[14.45540831]
[10.99281234],[1.42875651],1301,-25,[14.45540831]
[11.00709617],[1.42872438],1301,-25,[14.45540831]
[11.02137968],[1.42869176],1301,-25,[14.45540831]
[11.03566286],[1.42865864],1301,-25,[14.45540831]
[11.04994571],[1.42862501],1301,-25,[14.45540831]
[11.06422821],[1.42859086],1301,-25,[14.45540831]
[11.07851038],[1.42855619],1301,-25,[14.45540831]
[11.09279219],[1.42852099],1301,-25,[14.45540831]
[11.10707365],[1.42848525],1301,-25,[14.45540831]
[11.12135475],[1.42844895],1301,-25,[14.45540831]
[11.13563549],[1.4284121],1301,-25,[14.45540831]
[11.14991585],[1.42837469],1301,-25,[14.45540831]
[11.16419583],[1.42833669],1301,-25,[14.45540831]
[11.17847544],[1.42829812],1301,-25,[14.45540831]
[11.19275465],[1.42825895],1301,-25,[14.45540831]
[11.20703347],[1.42821918],1301,-25,[14.45540831]
[11.22131189],[1.4281788],1301,-25,[14.45540831]
[11.2355899],[1.42813779],1301,-25,[14.45540831]
[11.2498675],[1.42809616],1301,-25,[14.45540831]
[11.26414468],[1.42805388],1301,-25,[14.45540831]
[11.27842144],[1.42801096],1301,-25,[14.45540831]
[11.29269776],[1.42796738],1301,-25,[14.45540831]
[11.30697364],[1.42792312],1301,-25,[14.45540831]
[11.32124908],[1.42787818],1301,-25,[14.45540831]
[11.33552406],[1.42783256],1301,-25,[14.45540831]
[11.34979858],[1.42778623],1301,-25,[14.45540831]
[11.36407264],[1.42773919],1301,-25,[14.45540831]
[11.37834623],[1.42769142],1301,-25,[14.45540831]
[11.39261933],[1.42764292],1301,-25,[14.45540831]
[11.40689194],[1.42759367],1301,-25,[14.45540831]
[11.42116406],[1.42754366],1301,-25,[14.45540831]
[11.43543567],[1.42749289],1301,-25,[14.45540831]
[11.44970677],[1.42744133],1301,-25,[14.45540831]
[11.46397736],[1.42738898],1301,-25,[14.45540831]
[11.47824741],[1.42733582],1301,-25,[14.45540831]
[11.49251693],[1.42728185],1301,-25,[14.45540831]
[11.50678591],[1.42722704],1301,-25,[14.45540831]
[11.52105433],[1.42717139],1301,-25,[14.45540831]
[11.53532219],[1.42711489],1301,-25,[14.45540831]
[11.54958949],[1.42705751],1301,-25,[14.45540831]
[11.5638562],[1.42699925],1301,-25,[14.45540831]
[11.57812233],[1.42694009],1301,-25,[14.45540831]
[11.59238786],[1.42688003],1301,-25,[14.45540831]
[11.60665279],[1.42681903],1301,-25,[14.45540831]
[11.6209171],[1.4267571],1301,-25,[14.45540831]
[11.63518079],[1.42669421],1301,-25,[14.45540831]
[11.64944385],[1.42663036],1301,-25,[14.45540831]
[11.66370626],[1.42656552],1301,-25,[14.45540831]
[11.67796802],[1.42649968],1301,-25,[14.45540831]
[11.69222912],[1.42643283],1301,-25,[14.45540831]
[11.70648954],[1.42636495],1301,-25,[14.45540831]
[11.72074928],[1.42629603],1301,-25,[14.45540831]
[11.73500832],[1.42622604],1301,-25,[14.45540831]
[11.74926666],[1.42615498],1301,-25,[14.45540831]
[11.76352428],[1.42608282],1301,-25,[14.45540831]
[11.77778118],[1.42600955],1301,-25,[14.45540831]
[11.79203733],[1.42593515],1301,-25,[14.45540831]
[11.80629274],[1.42585961],1301,-25,[14.45540831]
[11.82054739],[1.4257829],1301,-25,[14.45540831]
[11.83480126],[1.42570501],1301,-25,[14.45540831]
[11.84905435],[1.42562593],1301,-25,[14.45540831]
[11.86330664],[1.42554562],1301,-25,[14.45540831]
[11.87755813],[1.42546408],1301,-25,[14.45540831]
[11.89180879],[1.42538128],1301,-25,[14.45540831]
[11.90605862],[1.42529721],1301,-25,[14.45540831]
[11.9203076],[1.42521185],1301,-25,[14.45540831]
[11.93455572],[1.42512517],1301,-25,[14.45540831]
[11.94880297],[1.42503715],1301,-25,[14.45540831]
[11.96304933],[1.42494778],1301,-25,[14.45540831]
[11.97729479],[1.42485704],1301,-25,[14.45540831]
[11.99153933],[1.4247649],1301,-25,[14.45540831]
[12.00578295],[1.42467134],1301,-25,[14.45540831]
[12.02002563],[1.42457634],1301,-25,[14.45540831]
[12.03426735],[1.42447988],1301,-25,[14.45540831]
[12.04850809],[1.42438193],1301,-25,[14.45540831]
[12.06274785],[1.42428248],1301,-25,[14.45540831]
[12.07698661],[1.4241815],1301,-25,[14.45540831]
[12.09122435],[1.42407897],1301,-25,[14.45540831]
[12.10546106],[1.42397485],1301,-25,[14.45540831]
[12.11969671],[1.42386914],1301,-25,[14.45540831]
[12.13393131],[1.4237618],1301,-25,[14.45540831]
[12.14816482],[1.42365281],1301,-25,[14.45540831]
[12.16239723],[1.42354214],1301,-25,[14.45540831]
[12.17662853],[1.42342978],1301,-25,[14.45540831]
[12.1908587],[1.42331568],1301,-25,[14.45540831]
[12.20508772],[1.42319983],1301,-25,[14.45540831]
[12.21931557],[1.4230822],1301,-25,[14.45540831]
[12.23354223],[1.42296277],1301,-25,[14.45540831]
[12.24776769],[1.4228415],1301,-25,[14.45540831]
[12.26199193],[1.42271836],1301,-25,[14.45540831]
[12.27621493],[1.42259333],1301,-25,[14.45540831]
[12.29043667],[1.42246638],1301,-25,[14.45540831]
[12.30465713],[1.42233749],1301,-25,[14.45540831]
[12.3188763],[1.42220661],1301,-25,[14.45540831]
[12.33309414],[1.42207372],1301,-25,[14.45540831]
[12.34731064],[1.4219388],1301,-25,[14.45540831]
[12.36152579],[1.4218018],1301,-25,[14.45540831]
[12.37573955],[1.4216627],1301,-25,[14.45540831]
[12.38995192],[1.42152146],1301,-25,[14.45540831]
[12.40416286],[1.42137806],1301,-25,[14.45540831]
[12.41837236],[1.42123246],1301,-25,[14.45540831]
[12.43258039],[1.42108462],1301,-25,[14.45540831]
[12.44678693],[1.42093452],1301,-25,[14.45540831]
[12.46099195],[1.42078212],1301,-25,[14.45540831]
[12.47519545],[1.42062737],1301,-25,[14.45540831]
[12.48939738],[1.42047026],1301,-25,[14.45540831]
[12.50359773],[1.42031074],1301,-25,[14.45540831]
[12.51779647],[1.42014877],1301,-25,[14.45540831]
[12.53199359],[1.41998433],1301,-25,[14.45540831]
[12.54618904],[1.41981736],1301,-25,[14.45540831]
[12.56038281],[1.41964784],1301,-25,[14.45540831]
[12.57457488],[1.41947572],1301,-25,[14.45540831]
[12.58876521],[1.41930097],1301,-25,[14.45540831]
[12.60295378],[1.41912354],1301,-25,[14.45540831]
[12.61714057],[1.4189434],1301,-25,[14.45540831]
[12.63132553],[1.4187605],1301,-25,[14.45540831]
[12.64550866],[1.41857481],1301,-25,[14.45540831]
[12.65968991],[1.41838627],1301,-25,[14.45540831]
[12.67386927],[1.41819486],1301,-25,[14.45540831]
[12.6880467],[1.41800052],1301,-25,[14.45540831]
[12.70222217],[1.4178032],1301,-25,[14.45540831]
[12.71639565],[1.41760288],1301,-25,[14.45540831]
[12.73056711],[1.41739949],1301,-25,[14.45540831]
[12.74473653],[1.417193],1301,-25,[14.45540831]
[12.75890386],[1.41698336],1301,-25,[14.45540831]
[12.77306908],[1.41677051],1301,-25,[14.45540831]
[12.78723216],[1.41655442],1301,-25,[14.45540831]
[12.80139306],[1.41633504],1301,-25,[14.45540831]
[12.81555176],[1.41611231],1301,-25,[14.45540831]
[12.8297082],[1.41588618],1301,-25,[14.45540831]
[12.84386237],[1.41565661],1301,-25,[14.45540831]
[12.85801423],[1.41542354],1301,-25,[14.45540831]
[12.87216374],[1.41518692],1301,-25,[14.45540831]
[12.88631086],[1.4149467],1301,-25,[14.45540831]
[12.90045557],[1.41470282],1301,-25,[14.45540831]
[12.91459782],[1.41445523],1301,-25,[14.45540831]
[12.92873757],[1.41420387],1301,-25,[14.45540831]
[12.94287479],[1.41394869],1301,-25,[14.45540831]
[12.95700944],[1.41368963],1301,-25,[14.45540831]
[12.97114148],[1.41342664],1301,-25,[14.45540831]
[12.98527088],[1.41315965],1301,-25,[14.45540831]
[12.99939758],[1.41288861],1301,-25,[14.45540831]
[13.01352155],[1.41261345],1301,-25,[14.45540831]
[13.02764275],[1.41233412],1301,-25,[14.45540831]
[13.04176114],[1.41205055],1301,-25,[14.45540831]
[13.05587667],[1.41176268],1301,-25,[14.45540831]
[13.0699893],[1.41147044],1301,-25,[14.45540831]
[13.08409898],[1.41117378],1301,-25,[14.45540831]
[13.09820568],[1.41087263],1301,-25,[14.45540831]
[13.11230934],[1.41056691],1301,-25,[14.45540831]
[13.12640993],[1.41025657],1301,-25,[14.45540831]
[13.14050739],[1.40994154],1301,-25,[14.45540831]
[13.15460167],[1.40962174],1301,-25,[14.45540831]
[13.16869273],[1.40929711],1301,-25,[14.45540831]
[13.18278053],[1.40896758],1301,-25,[14.45540831]
[13.196865],[1.40863307],1301,-25,[14.45540831]
[13.2109461],[1.40829351],1301,-25,[14.45540831]
[13.22502379],[1.40794882],1301,-25,[14.45540831]
[13.239098],[1.40759894],1301,-25,[14.45540831]
[13.25316868],[1.40724379],1301,-25,[14.45540831]
[13.26723579],[1.40688329],1301,-25,[14.45540831]
[13.28129927],[1.40651736],1301,-25,[14.45540831]
[13.29535906],[1.40614592],1301,-25,[14.45540831]
[13.30941511],[1.40576889],1301,-25,[14.45540831]
[13.32346736],[1.4053862],1301,-25,[14.45540831]
[13.33751576],[1.40499775],1301,-25,[14.45540831]
[13.35156025],[1.40460348],1301,-25,[14.45540831]
[13.36560076],[1.40420328],1301,-25,[14.45540831]
[13.37963724],[1.40379708],1301,-25,[14.45540831]
[13.39366963],[1.40338479],1301,-25,[14.45540831]
[13.40769787],[1.40296632],1301,-25,[14.45540831]
[13.42172189],[1.40254159],1301,-25,[14.45540831]
[13.43574164],[1.4021105],1301,-25,[14.45540831]
[13.44975704],[1.40167296],1301,-25,[14.45540831]
[13.46376803],[1.40122888],1301,-25,[14.45540831]
[13.47777455],[1.40077817],1301,-25,[14.45540831]
[13.49177654],[1.40032072],1301,-25,[14.45540831]
[13.50577391],[1.39985645],1301,-25,[14.45540831]
[13.51976661],[1.39938526],1301,-25,[14.45540831]
[13.53375456],[1.39890705],1301,-25,[14.45540831]
[13.5477377],[1.39842172],1301,-25,[14.45540831]
[13.56171594],[1.39792917],1301,-25,[14.45540831]
[13.57568923],[1.39742929],1301,-25,[14.45540831]
[13.58965748],[1.39692198],1301,-25,[14.45540831]
[13.60362062],[1.39640714],1301,-25,[14.45540831]
[13.61757858],[1.39588466],1301,-25,[14.45540831]
[13.63153127],[1.39535444],1301,-25,[14.45540831]
[13.64547862],[1.39481636],1301,-25,[14.45540831]
[13.65942056],[1.39427031],1301,-25,[14.45540831]
[13.67335699],[1.39371619],1301,-25,[14.45540831]
[13.68728784],[1.39315387],1301,-25,[14.45540831]
[13.70121303],[1.39258325],1301,-25,[14.45540831]
[13.71513247],[1.39200421],1301,-25,[14.45540831]
[13.72904609],[1.39141663],1301,-25,[14.45540831]
[13.74295378],[1.3908204],1301,-25,[14.45540831]
[13.75685547],[1.39021539],1301,-25,[14.45540831]
[13.77075106],[1.38960148],1301,-25,[14.45540831]
[13.78464047],[1.38897855],1301,-25,[14.45540831]
[13.79852361],[1.38834647],1301,-25,[14.45540831]
[13.81240038],[1.38770513],1301,-25,[14.45540831]
[13.82627069],[1.38705438],1301,-25,[14.45540831]
[13.84013445],[1.38639411],1301,-25,[14.45540831]
[13.85399156],[1.38572418],1301,-25,[14.45540831]
[13.86784192],[1.38504447],1301,-25,[14.45540831]
[13.88168544],[1.38435483],1301,-25,[14.45540831]
[13.89552201],[1.38365513],1301,-25,[14.45540831]
[13.90935154],[1.38294524],1301,-25,[14.45540831]
[13.92317392],[1.38222502],1301,-25,[14.45540831]
[13.93698904],[1.38149433],1301,-25,[14.45540831]
[13.95079681],[1.38075303],1301,-25,[14.45540831]
[13.96459711],[1.38000098],1301,-25,[14.45540831]
[13.97838983],[1.37923803],1301,-25,[14.45540831]
[13.99217488],[1.37846403],1301,-25,[14.45540831]
[14.00595212],[1.37767885],1301,-25,[14.45540831]
[14.01972147],[1.37688232],1301,-25,[14.45540831]
[14.03348279],[1.37607431],1301,-25,[14.45540831]
[14.04723597],[1.37525466],1301,-25,[14.45540831]
[14.0609809],[1.37442321],1301,-25,[14.45540831]
[14.07471746],[1.37357982],1301,-25,[14.45540831]
[14.08844553],[1.37272431],1301,-25,[14.45540831]
[14.10216498],[1.37185655],1301,-25,[14.45540831]
[14.11587569],[1.37097636],1301,-25,[14.45540831]
[14.12957754],[1.37008359],1301,-25,[14.45540831]
[14.14327041],[1.36917807],1301,-25,[14.45540831]
[14.15695415],[1.36825963],1301,-25,[14.45540831]
[14.17062864],[1.36732812],1301,-25,[14.45540831]
[14.18429376],[1.36638336],1301,-25,[14.45540831]
[14.19794936],[1.36542519],1301,-25,[14.45540831]
[14.21159532],[1.36445343],1301,-25,[14.45540831]
[14.22523149],[1.36346791],1301,-25,[14.45540831]
[14.23885774],[1.36246846],1301,-25,[14.45540831]
[14.25247393],[1.3614549],1301,-25,[14.45540831]
[14.26607991],[1.36042705],1301,-25,[14.45540831]
[14.27967554],[1.35938474],1301,-25,[14.45540831]
[14.29326068],[1.35832779],1301,-25,[14.45540831]
[14.30683517],[1.35725601],1301,-25,[14.45540831]
[14.32039888],[1.35616922],1301,-25,[14.45540831]
[14.33395165],[1.35506723],1301,-25,[14.45540831]
[14.34749332],[1.35394986],1301,-25,[14.45540831]
[14.36102374],[1.35281692],1301,-25,[14.45540831]
[14.37454275],[1.35166822],1301,-25,[14.45540831]
[14.3880502],[1.35050358],1301,-25,[14.45540831]
[14.40154593],[1.34932279],1301,-25,[14.45540831]
[14.41502977],[1.34812566],1301,-25,[14.45540831]
[14.42850156],[1.346912],1301,-25,[14.45540831]
[14.44196113],[1.34568161],1301,-25,[14.45540831]
[14.45540831],[1.3444343],1301,-25,[14.45540831]
[14.46884294],[1.34316986],1301,-25,[14.45540831]
[14.48226484],[1.34188809],1301,-25,[14.45540831]
[14.49567384],[1.34058879],1301,-25,[14.45540831]
[14.50906976],[1.33927176],1301,-25,[14.45540831]
[14.52245242],[1.33793679],1301,-25,[14.45540831]
[14.53582164],[1.33658368],1301,-25,[14.45540831]
[14.54917725],[1.33521221],1301,-25,[14.45540831]
[14.56251905],[1.33382219],1301,-25,[14.45540831]
[14.57584686],[1.33241339],1301,-25,[14.45540831]
[14.58916048],[1.33098562],1301,-25,[14.45540831]
[14.60245974],[1.32953865],1301,-25,[14.45540831]
[14.61574444],[1.32807227],1301,-25,[14.45540831]
[14.62901437],[1.32658628],1301,-25,[14.45540831]
[14.64226935],[1.32508045],1301,-25,[14.45540831]
[14.65550918],[1.32355457],1301,-25,[14.45540831]
[14.66873364],[1.32200841],1301,-25,[14.45540831]
[14.68194255],[1.32044178],1301,-25,[14.45540831]
[14.69513569],[1.31885443],1301,-25,[14.45540831]
[14.70831286],[1.31724616],1301,-25,[14.45540831]
[14.72147384],[1.31561675],1301,-25,[14.45540831]
[14.73461842],[1.31396597],1301,-25,[14.45540831]
[14.74774639],[1.3122936],1301,-25,[14.45540831]
[14.76085753],[1.31059942],1301,-25,[14.45540831]
[14.77395163],[1.3088832],1301,-25,[14.45540831]
[14.78702845],[1.30714473],1301,-25,[14.45540831]
[14.80008778],[1.30538378],1301,-25,[14.45540831]
[14.81312939],[1.30360012],1301,-25,[14.45540831]
[14.82615306],[1.30179353],1301,-25,[14.45540831]
[14.83915854],[1.29996379],1301,-25,[14.45540831]
[14.85214562],[1.29811067],1301,-25,[14.45540831]
[14.86511405],[1.29623395],1301,-25,[14.45540831]
[14.8780636],[1.2943334],1301,-25,[14.45540831]
[14.89099402],[1.29240879],1301,-25,[14.45540831]
[14.90390509],[1.2904599],1301,-25,[14.45540831]
[14.91679654],[1.28848651],1301,-25,[14.45540831]
[14.92966814],[1.28648839],1301,-25,[14.45540831]
[14.94251965],[1.28446532],1301,-25,[14.45540831]
[14.9553508],[1.28241708],1301,-25,[14.45540831]
[14.96816134],[1.28034343],1301,-25,[14.45540831]
[14.98095102],[1.27824416],1301,-25,[14.45540831]
[14.99371959],[1.27611905],1301,-25,[14.45540831]
[15.00646678],[1.27396788],1301,-25,[14.45540831]
[15.01919233],[1.27179042],1301,-25,[14.45540831]
[15.03189598],[1.26958645],1301,-25,[14.45540831]
[15.04457746],[1.26735576],1301,-25,[14.45540831]
[15.0572365],[1.26509814],1301,-25,[14.45540831]
[15.06987284],[1.26281335],1301,-25,[14.45540831]
[15.0824862],[1.2605012],1301,-25,[14.45540831]
[15.0950763],[1.25816146],1301,-25,[14.45540831]
[15.10764287],[1.25579394],1301,-25,[14.45540831]
[15.12018563],[1.2533984],1301,-25,[14.45540831]
[15.1327043],[1.25097466],1301,-25,[14.45540831]
[15.1451986],[1.2485225],1301,-25,[14.45540831]
[15.15766823],[1.24604171],1301,-25,[14.45540831]
[15.17011292],[1.24353211],1301,-25,[14.45540831]
[15.18253238],[1.24099348],1301,-25,[14.45540831]
[15.1949263],[1.23842563],1301,-25,[14.45540831]
[15.20729441],[1.23582837],1301,-25,[14.45540831]
[15.2196364],[1.2332015],1301,-25,[14.45540831]
[15.23195199],[1.23054484],1301,-25,[14.45540831]
[15.24424085],[1.2278582],1301,-25,[14.45540831]
[15.25650271],[1.2251414],1301,-25,[14.45540831]
[15.26873726],[1.22239425],1301,-25,[14.45540831]
[15.28094418],[1.21961658],1301,-25,[14.45540831]
[15.29312319],[1.21680822],1301,-25,[14.45540831]
[15.30527396],[1.213969],1301,-25,[14.45540831]
[15.31739619],[1.21109875],1301,-25,[14.45540831]
[15.32948957],[1.20819731],1301,-25,[14.45540831]
[15.34155378],[1.20526453],1301,-25,[14.45540831]
[15.35358851],[1.20230024],1301,-25,[14.45540831]
[15.36559345],[1.19930431],1301,-25,[14.45540831]
[15.37756828],[1.19627659],1301,-25,[14.45540831]
[15.38951268],[1.19321693],1301,-25,[14.45540831]
[15.40142632],[1.1901252],1301,-25,[14.45540831]
[15.4133089],[1.18700127],1301,-25,[14.45540831]
[15.42516008],[1.18384502],1301,-25,[14.45540831]
[15.43697955],[1.18065633],1301,-25,[14.45540831]
[15.44876697],[1.17743508],1301,-25,[14.45540831]
[15.46052202],[1.17418117],1301,-25,[14.45540831]
[15.47224438],[1.17089448],1301,-25,[14.45540831]
[15.48393371],[1.16757493],1301,-25,[14.45540831]
[15.49558969],[1.16422243],1301,-25,[14.45540831]
[15.50721199],[1.16083688],1301,-25,[14.45540831]
[15.51880027],[1.15741821],1301,-25,[14.45540831]
[15.53035421],[1.15396635],1301,-25,[14.45540831]
[15.54187347],[1.15048123],1301,-25,[14.45540831]
[15.55335772],[1.1469628],1301,-25,[14.45540831]
[15.56480663],[1.143411],1301,-25,[14.45540831]
[15.57621986],[1.1398258],1301,-25,[14.45540831]
[15.58759708],[1.13620714],1301,-25,[14.45540831]
[15.59893796],[1.13255501],1301,-25,[14.45540831]
[15.61024215],[1.12886938],1301,-25,[14.45540831]
[15.62150933],[1.12515023],1301,-25,[14.45540831]
[15.63273916],[1.12139757],1301,-25,[14.45540831]
[15.6439313],[1.1176114],1301,-25,[14.45540831]
[15.65508542],[1.11379172],1301,-25,[14.45540831]
[15.66620118],[1.10993855],1301,-25,[14.45540831]
[15.67727826],[1.10605192],1301,-25,[14.45540831]
[15.68831631],[1.10213187],1301,-25,[14.45540831]
[15.699315],[1.09817844],1301,-25,[14.45540831]
[15.710274],[1.09419168],1301,-25,[14.45540831]
[15.72119297],[1.09017166],1301,-25,[14.45540831]
[15.73207159],[1.08611845],1301,-25,[14.45540831]
[15.74290952],[1.08203213],1301,-25,[14.45540831]
[15.75370643],[1.0779128],1301,-25,[14.45540831]
[15.76446199],[1.07376054],1301,-25,[14.45540831]
[15.77517587],[1.06957548],1301,-25,[14.45540831]
[15.78584775],[1.06535773],1301,-25,[14.45540831]
[15.7964773],[1.06110742],1301,-25,[14.45540831]
[15.80706419],[1.05682469],1301,-25,[14.45540831]
[15.81760811],[1.05250969],1301,-25,[14.45540831]
[15.82810872],[1.04816258],1301,-25,[14.45540831]
[15.83856571],[1.04378354],1301,-25,[14.45540831]
[15.84897876],[1.03937273],1301,-25,[14.45540831]
[15.85934756],[1.03493036],1301,-25,[14.45540831]
[15.86967179],[1.03045662],1301,-25,[14.45540831]
[15.87995113],[1.02595173],1301,-25,[14.45540831]
[15.89018528],[1.0214159],1301,-25,[14.45540831]
[15.90037393],[1.01684938],1301,-25,[14.45540831]
[15.91051677],[1.01225241],1301,-25,[14.45540831]
[15.92061351],[1.00762523],1301,-25,[14.45540831]
[15.93066383],[1.00296813],1301,-25,[14.45540831]
[15.94066744],[0.99828137],1301,-25,[14.45540831]
[15.95062405],[0.99356524],1301,-25,[14.45540831]
[15.96053336],[0.98882004],1301,-25,[14.45540831]
[15.97039509],[0.98404608],1301,-25,[14.45540831]
[15.98020895],[0.97924368],1301,-25,[14.45540831]
[15.98997465],[0.97441318],1301,-25,[14.45540831]
[15.99969192],[0.9695549],1301,-25,[14.45540831]
[16.00936048],[0.96466921],1301,-25,[14.45540831]
[16.01898007],[0.95975647],1301,-25,[14.45540831]
[16.0285504],[0.95481705],1301,-25,[14.45540831]
[16.03807122],[0.94985134],1301,-25,[14.45540831]
[16.04754226],[0.94485974],1301,-25,[14.45540831]
[16.05696327],[0.93984264],1301,-25,[14.45540831]
[16.066334],[0.93480047],1301,-25,[14.45540831]
[16.07565419],[0.92973366],1301,-25,[14.45540831]
[16.08492361],[0.92464264],1301,-25,[14.45540831]
[16.09414201],[0.91952785],1301,-25,[14.45540831]
[16.10330915],[0.91438977],1301,-25,[14.45540831]
[16.11242482],[0.90922885],1301,-25,[14.45540831]
[16.12148877],[0.90404557],1301,-25,[14.45540831]
[16.13050079],[0.89884042],1301,-25,[14.45540831]
[16.13946067],[0.8936139],1301,-25,[14.45540831]
[16.14836819],[0.88836652],1301,-25,[14.45540831]
[16.15722315],[0.88309879],1301,-25,[14.45540831]
[16.16602535],[0.87781123],1301,-25,[14.45540831]
[16.17477458],[0.87250438],1301,-25,[14.45540831]
[16.18347067],[0.86717878],1301,-25,[14.45540831]
[16.19211342],[0.86183499],1301,-25,[14.45540831]
[16.20070265],[0.85647357],1301,-25,[14.45540831]
[16.2092382],[0.85109507],1301,-25,[14.45540831]
[16.2177199],[0.84570008],1301,-25,[14.45540831]
[16.22614758],[0.84028918],1301,-25,[14.45540831]
[16.23452108],[0.83486297],1301,-25,[14.45540831]
[16.24284027],[0.82942204],1301,-25,[14.45540831]
[16.25110498],[0.82396699],1301,-25,[14.45540831]
[16.25931509],[0.81849845],1301,-25,[14.45540831]
[16.26747047],[0.81301702],1301,-25,[14.45540831]
[16.27557098],[0.80752334],1301,-25,[14.45540831]
[16.28361651],[0.80201803],1301,-25,[14.45540831]
[16.29160695],[0.79650173],1301,-25,[14.45540831]
[16.29954218],[0.79097509],1301,-25,[14.45540831]
[16.30742211],[0.78543874],1301,-25,[14.45540831]
[16.31524665],[0.77989335],1301,-25,[14.45540831]
[16.32301571],[0.77433958],1301,-25,[14.45540831]
[16.3307292],[0.76877807],1301,-25,[14.45540831]
[16.33838705],[0.7632095],1301,-25,[14.45540831]
[16.3459892],[0.75763453],1301,-25,[14.45540831]
[16.35353559],[0.75205384],1301,-25,[14.45540831]
[16.36102616],[0.74646811],1301,-25,[14.45540831]
[16.36846086],[0.740878],1301,-25,[14.45540831]
[16.37583965],[0.7352842],1301,-25,[14.45540831]
[16.38316251],[0.72968739],1301,-25,[14.45540831]
[16.3904294],[0.72408826],1301,-25,[14.45540831]
[16.39764031],[0.71848749],1301,-25,[14.45540831]
[16.40479521],[0.71288577],1301,-25,[14.45540831]
[16.41189411],[0.70728377],1301,-25,[14.45540831]
[16.41893701],[0.7016822],1301,-25,[14.45540831]
[16.42592391],[0.69608173],1301,-25,[14.45540831]
[16.43285483],[0.69048306],1301,-25,[14.45540831]
[16.43972979],[0.68488686],1301,-25,[14.45540831]
[16.44654881],[0.67929383],1301,-25,[14.45540831]
[16.45331194],[0.67370465],1301,-25,[14.45540831]
[16.46001922],[0.66812],1301,-25,[14.45540831]
[16.46667068],[0.66254056],1301,-25,[14.45540831]
[16.4732664],[0.656967],1301,-25,[14.45540831]
[16.47980642],[0.65140001],1301,-25,[14.45540831]
[16.48629083],[0.64584025],1301,-25,[14.45540831]
[16.49271969],[0.6402884],1301,-25,[14.45540831]
[16.49909309],[0.63474511],1301,-25,[14.45540831]
[16.50541112],[0.62921106],1301,-25,[14.45540831]
[16.51167387],[0.62368688],1301,-25,[14.45540831]
[16.51788145],[0.61817325],1301,-25,[14.45540831]
[16.52403396],[0.6126708],1301,-25,[14.45540831]
[16.53013151],[0.60718018],1301,-25,[14.45540831]
[16.53617424],[0.60170203],1301,-25,[14.45540831]
[16.54216227],[0.59623697],1301,-25,[14.45540831]
[16.54809572],[0.59078563],1301,-25,[14.45540831]
[16.55397475],[0.58534863],1301,-25,[14.45540831]
[16.5597995],[0.57992658],1301,-25,[14.45540831]
[16.56557012],[0.57452008],1301,-25,[14.45540831]
[16.57128677],[0.56912975],1301,-25,[14.45540831]
[16.57694961],[0.56375615],1301,-25,[14.45540831]
[16.58255882],[0.55839988],1301,-25,[14.45540831]
[16.58811456],[0.55306152],1301,-25,[14.45540831]
[16.59361703],[0.54774163],1301,-25,[14.45540831]
[16.59906641],[0.54244077],1301,-25,[14.45540831]
[16.6044629],[0.53715948],1301,-25,[14.45540831]
[16.60980668],[0.53189832],1301,-25,[14.45540831]
[16.61509797],[0.52665781],1301,-25,[14.45540831]
[16.62033697],[0.52143849],1301,-25,[14.45540831]
[16.6255239],[0.51624085],1301,-25,[14.45540831]
[16.63065898],[0.51106541],1301,-25,[14.45540831]
[16.63574244],[0.50591266],1301,-25,[14.45540831]
[16.64077449],[0.5007831],1301,-25,[14.45540831]
[16.64575538],[0.49567718],1301,-25,[14.45540831]
[16.65068535],[0.49059539],1301,-25,[14.45540831]
[16.65556463],[0.48553817],1301,-25,[14.45540831]
[16.66039348],[0.48050598],1301,-25,[14.45540831]
[16.66517214],[0.47549924],1301,-25,[14.45540831]
[16.66990089],[0.47051837],1301,-25,[14.45540831]
[16.67457997],[0.4655638],1301,-25,[14.45540831]
[16.67920964],[0.46063593],1301,-25,[14.45540831]
[16.68379019],[0.45573515],1301,-25,[14.45540831]
[16.68832189],[0.45086183],1301,-25,[14.45540831]
[16.692805],[0.44601636],1301,-25,[14.45540831]
[16.6972398],[0.44119908],1301,-25,[14.45540831]
[16.7016266],[0.43641035],1301,-25,[14.45540831]
[16.70596566],[0.43165051],1301,-25,[14.45540831]
[16.71025728],[0.42691988],1301,-25,[14.45540831]
[16.71450176],[0.42221877],1301,-25,[14.45540831]
[16.71869938],[0.4175475],1301,-25,[14.45540831]
[16.72285046],[0.41290635],1301,-25,[14.45540831]
[16.72695529],[0.4082956],1301,-25,[14.45540831]
[16.73101418],[0.40371554],1301,-25,[14.45540831]
[16.73502743],[0.3991664],1301,-25,[14.45540831]
[16.73899536],[0.39464846],1301,-25,[14.45540831]
[16.74291828],[0.39016193],1301,-25,[14.45540831]
[16.74679651],[0.38570706],1301,-25,[14.45540831]
[16.75063035],[0.38128405],1301,-25,[14.45540831]
[16.75442014],[0.37689311],1301,-25,[14.45540831]
[16.7581662],[0.37253444],1301,-25,[14.45540831]
[16.76186884],[0.36820821],1301,-25,[14.45540831]
[16.76552839],[0.36391461],1301,-25,[14.45540831]
[16.76914519],[0.35965379],1301,-25,[14.45540831]
[16.77271955],[0.3554259],1301,-25,[14.45540831]
[16.77625181],[0.35123109],1301,-25,[14.45540831]
[16.7797423],[0.34706949],1301,-25,[14.45540831]
[16.78319135],[0.34294122],1301,-25,[14.45540831]
[16.78659929],[0.33884638],1301,-25,[14.45540831]
[16.78996647],[0.33478509],1301,-25,[14.45540831]
[16.79329321],[0.33075743],1301,-25,[14.45540831]
[16.79657986],[0.32676347],1301,-25,[14.45540831]
[16.79982674],[0.3228033],1301,-25,[14.45540831]
[16.80303421],[0.31887698],1301,-25,[14.45540831]
[16.80620259],[0.31498456],1301,-25,[14.45540831]
[16.80933223],[0.31112607],1301,-25,[14.45540831]
[16.81242346],[0.30730156],1301,-25,[14.45540831]
[16.81547663],[0.30351106],1301,-25,[14.45540831]
[16.81849207],[0.29975457],1301,-25,[14.45540831]
[16.82147013],[0.2960321],1301,-25,[14.45540831]
[16.82441115],[0.29234366],1301,-25,[14.45540831]
[16.82731546],[0.28868924],1301,-25,[14.45540831]
[16.83018341],[0.28506882],1301,-25,[14.45540831]
[16.83301533],[0.28148236],1301,-25,[14.45540831]
[16.83581157],[0.27792985],1301,-25,[14.45540831]
[16.83857246],[0.27441124],1301,-25,[14.45540831]
[16.84129835],[0.27092648],1301,-25,[14.45540831]
[16.84398956],[0.26747551],1301,-25,[14.45540831]
[16.84664645],[0.26405828],1301,-25,[14.45540831]
[16.84926934],[0.26067471],1301,-25,[14.45540831]
[16.85185857],[0.25732472],1301,-25,[14.45540831]
[16.85441448],[0.25400823],1301,-25,[14.45540831]
[16.8569374],[0.25072515],1301,-25,[14.45540831]
[16.85942767],[0.24747539],1301,-25,[14.45540831]
[16.86188561],[0.24425883],1301,-25,[14.45540831]
[16.86431156],[0.24107538],1301,-25,[14.45540831]
[16.86670585],[0.23792491],1301,-25,[14.45540831]
[16.86906881],[0.2348073],1301,-25,[14.45540831]
[16.87140077],[0.23172243],1301,-25,[14.45540831]
[16.87370205],[0.22867017],1301,-25,[14.45540831]
[16.87597298],[0.22565037],1301,-25,[14.45540831]
[16.87821388],[0.2226629],1301,-25,[14.45540831]
[16.88042507],[0.21970761],1301,-25,[14.45540831]
[16.88260688],[0.21678435],1301,-25,[14.45540831]
[16.88475963],[0.21389295],1301,-25,[14.45540831]
[16.88688362],[0.21103326],1301,-25,[14.45540831]
[16.88897919],[0.20820511],1301,-25,[14.45540831]
[16.89104664],[0.20540834],1301,-25,[14.45540831]
[16.89308629],[0.20264276],1301,-25,[14.45540831]
[16.89509844],[0.19990821],1301,-25,[14.45540831]
[16.89708341],[0.19720449],1301,-25,[14.45540831]
[16.89904151],[0.19453143],1301,-25,[14.45540831]
[16.90097303],[0.19188883],1301,-25,[14.45540831]
[16.90287829],[0.18927651],1301,-25,[14.45540831]
[16.90475758],[0.18669426],1301,-25,[14.45540831]
[16.9066112],[0.1841419],1301,-25,[14.45540831]
[16.90843946],[0.18161922],1301,-25,[14.45540831]
[16.91024264],[0.17912602],1301,-25,[14.45540831]
[16.91202105],[0.17666209],1301,-25,[14.45540831]
[16.91377497],[0.17422722],1301,-25,[14.45540831]
[16.91550469],[0.1718212],1301,-25,[14.45540831]
[16.91721051],[0.16944383],1301,-25,[14.45540831]
[16.91889269],[0.16709488],1301,-25,[14.45540831]
[16.92055154],[0.16477413],1301,-25,[14.45540831]
[16.92218733],[0.16248138],1301,-25,[14.45540831]
[16.92380033],[0.16021639],1301,-25,[14.45540831]
[16.92539083],[0.15797896],1301,-25,[14.45540831]
[16.92695909],[0.15576884],1301,-25,[14.45540831]
[16.9285054],[0.15358583],1301,-25,[14.45540831]
[16.93003002],[0.15142969],1301,-25,[14.45540831]
[16.93153321],[0.14930019],1301,-25,[14.45540831]
[16.93301525],[0.14719711],1301,-25,[14.45540831]
[16.9344764],[0.14512022],1301,-25,[14.45540831]
[16.93591691],[0.14306929],1301,-25,[14.45540831]
[16.93733705],[0.14104409],1301,-25,[14.45540831]
[16.93873707],[0.13904438],1301,-25,[14.45540831]
[16.94011722],[0.13706994],1301,-25,[14.45540831]
[16.94147776],[0.13512053],1301,-25,[14.45540831]
[16.94281894],[0.13319593],1301,-25,[14.45540831]
[16.944141],[0.13129589],1301,-25,[14.45540831]
[16.94544418],[0.12942018],1301,-25,[14.45540831]
[16.94672874],[0.12756858],1301,-25,[14.45540831]
[16.9479949],[0.12574084],1301,-25,[14.45540831]
[16.94924291],[0.12393674],1301,-25,[14.45540831]
[16.950473],[0.12215605],1301,-25,[14.45540831]
[16.9516854],[0.12039852],1301,-25,[14.45540831]
[16.95288035],[0.11866393],1301,-25,[14.45540831]
[16.95405807],[0.11695204],1301,-25,[14.45540831]
[16.9552188],[0.11526263],1301,-25,[14.45540831]
[16.95636274],[0.11359546],1301,-25,[14.45540831]
[16.95749012],[0.1119503],1301,-25,[14.45540831]
[16.95860117],[0.11032692],1301,-25,[14.45540831]
[16.9596961],[0.10872509],1301,-25,[14.45540831]
[16.96077512],[0.10714459],1301,-25,[14.45540831]
[16.96183844],[0.10558518],1301,-25,[14.45540831]
[16.96288628],[0.10404664],1301,-25,[14.45540831]
[16.96391885],[0.10252874],1301,-25,[14.45540831]
[16.96493634],[0.10103125],1301,-25,[14.45540831]
[16.96593896],[0.09955396],1301,-25,[14.45540831]
[16.96692691],[0.09809663],1301,-25,[14.45540831]
[16.96790039],[0.09665905],1301,-25,[14.45540831]
[16.9688596],[0.09524099],1301,-25,[14.45540831]
[16.96980472],[0.09384224],1301,-25,[14.45540831]
[16.97073596],[0.09246257],1301,-25,[14.45540831]
[16.9716535],[0.09110176],1301,-25,[14.45540831]
[16.97255754],[0.08975961],1301,-25,[14.45540831]
[16.97344824],[0.0884359],1301,-25,[14.45540831]
[16.9743258],[0.0871304],1301,-25,[14.45540831]
[16.97519041],[0.08584291],1301,-25,[14.45540831]
[16.97604223],[0.08457322],1301,-25,[14.45540831]
[16.97688144],[0.08332112],1301,-25,[14.45540831]
[16.97770822],[0.08208639],1301,-25,[14.45540831]
[16.97852275],[0.08086884],1301,-25,[14.45540831]
[16.97932519],[0.07966825],1301,-25,[14.45540831]
[16.98011571],[0.07848442],1301,-25,[14.45540831]
[16.98089448],[0.07731715],1301,-25,[14.45540831]
[16.98166166],[0.07616624],1301,-25,[14.45540831]
[16.98241742],[0.07503148],1301,-25,[14.45540831]
[16.98316191],[0.07391269],1301,-25,[14.45540831]
[16.9838953],[0.07280966],1301,-25,[14.45540831]
[16.98461774],[0.0717222],1301,-25,[14.45540831]
[16.98532938],[0.07065011],1301,-25,[14.45540831]
[16.98603038],[0.06959321],1301,-25,[14.45540831]
[16.98672089],[0.0685513],1301,-25,[14.45540831]
[16.98740106],[0.0675242],1301,-25,[14.45540831]
[16.98807104],[0.06651171],1301,-25,[14.45540831]
[16.98873096],[0.06551366],1301,-25,[14.45540831]
[16.98938098],[0.06452986],1301,-25,[14.45540831]
[16.99002123],[0.06356012],1301,-25,[14.45540831]
[16.99065186],[0.06260428],1301,-25,[14.45540831]
[16.991273],[0.06166214],1301,-25,[14.45540831]
[16.99188479],[0.06073354],1301,-25,[14.45540831]
[16.99248736],[0.05981829],1301,-25,[14.45540831]
[16.99308085],[0.05891623],1301,-25,[14.45540831]
[16.99366539],[0.05802718],1301,-25,[14.45540831]
[16.9942411],[0.05715097],1301,-25,[14.45540831]
[16.99480812],[0.05628744],1301,-25,[14.45540831]
[16.99536657],[0.05543641],1301,-25,[14.45540831]
[16.99591657],[0.05459773],1301,-25,[14.45540831]
[16.99645825],[0.05377122],1301,-25,[14.45540831]
[16.99699172],[0.05295674],1301,-25,[14.45540831]
[16.99751712],[0.05215411],1301,-25,[14.45540831]
[16.99803454],[0.05136318],1301,-25,[14.45540831]
[16.99854412],[0.05058379],1301,-25,[14.45540831]
[16.99904596],[0.04981579],1301,-25,[14.45540831]
[16.99954019],[0.04905903],1301,-25,[14.45540831]
[17.0000269],[0.04831335],1301,-25,[14.45540831]
[17.00050621],[0.04757861],1301,-25,[14.45540831]
[17.00097823],[0.04685465],1301,-25,[14.45540831]
[17.00144307],[0.04614132],1301,-25,[14.45540831]
[17.00190082],[0.0454385],1301,-25,[14.45540831]
[17.00235161],[0.04474602],1301,-25,[14.45540831]
[17.00279552],[0.04406375],1301,-25,[14.45540831]
[17.00323266],[0.04339155],1301,-25,[14.45540831]
[17.00366313],[0.04272928],1301,-25,[14.45540831]
[17.00408703],[0.04207681],1301,-25,[14.45540831]
[17.00450446],[0.04143399],1301,-25,[14.45540831]
[17.0049155],[0.04080069],1301,-25,[14.45540831]
[17.00532027],[0.04017679],1301,-25,[14.45540831]
[17.00571884],[0.03956215],1301,-25,[14.45540831]
[17.00611131],[0.03895665],1301,-25,[14.45540831]
[17.00649777],[0.03836014],1301,-25,[14.45540831]
[17.00687832],[0.03777252],1301,-25,[14.45540831]
[17.00725304],[0.03719365],1301,-25,[14.45540831]
[17.00762201],[0.03662342],1301,-25,[14.45540831]
[17.00798532],[0.03606169],1301,-25,[14.45540831]
[17.00834306],[0.03550836],1301,-25,[14.45540831]
[17.00869531],[0.03496329],1301,-25,[14.45540831]
[17.00904215],[0.03442639],1301,-25,[14.45540831]
[17.00938366],[0.03389752],1301,-25,[14.45540831]
[17.00971993],[0.03337657],1301,-25,[14.45540831]
[17.01005103],[0.03286344],1301,-25,[14.45540831]
[17.01037703],[0.03235801],1301,-25,[14.45540831]
[17.01069803],[0.03186018],1301,-25,[14.45540831]
[17.01101408],[0.03136982],1301,-25,[14.45540831]
[17.01132526],[0.03088684],1301,-25,[14.45540831]
[17.01163166],[0.03041113],1301,-25,[14.45540831]
[17.01193333],[0.02994259],1301,-25,[14.45540831]
[17.01223036],[0.02948111],1301,-25,[14.45540831]
[17.01252281],[0.02902659],1301,-25,[14.45540831]
[17.01281075],[0.02857893],1301,-25,[14.45540831]
[17.01309424],[0.02813804],1301,-25,[14.45540831]
[17.01337337],[0.0277038],1301,-25,[14.45540831]
[17.01364818],[0.02727614],1301,-25,[14.45540831]
[17.01391875],[0.02685495],1301,-25,[14.45540831]
[17.01418515],[0.02644013],1301,-25,[14.45540831]
[17.01444742],[0.0260316],1301,-25,[14.45540831]
[17.01470565],[0.02562927],1301,-25,[14.45540831]
[17.01495988],[0.02523304],1301,-25,[14.45540831]
[17.01521018],[0.02484282],1301,-25,[14.45540831]
[17.01545661],[0.02445853],1301,-25,[14.45540831]
[17.01569923],[0.02408008],1301,-25,[14.45540831]
[17.01593809],[0.02370738],1301,-25,[14.45540831]
[17.01617326],[0.02334036],1301,-25,[14.45540831]
[17.01640478],[0.02297892],1301,-25,[14.45540831]
[17.01663272],[0.02262298],1301,-25,[14.45540831]
[17.01685713],[0.02227247],1301,-25,[14.45540831]
[17.01707806],[0.02192731],1301,-25,[14.45540831]
[17.01729557],[0.0215874],1301,-25,[14.45540831]
[17.0175097],[0.02125269],1301,-25,[14.45540831]
[17.01772051],[0.02092309],1301,-25,[14.45540831]
[17.01792806],[0.02059852],1301,-25,[14.45540831]
[17.01813238],[0.02027891],1301,-25,[14.45540831]
[17.01833353],[0.01996419],1301,-25,[14.45540831]
[17.01853157],[0.01965428],1301,-25,[14.45540831]
[17.01872652],[0.01934912],1301,-25,[14.45540831]
[17.01891845],[0.01904863],1301,-25,[14.45540831]
[17.0191074],[0.01875274],1301,-25,[14.45540831]
[17.01929341],[0.01846139],1301,-25,[14.45540831]
[17.01947653],[0.0181745],1301,-25,[14.45540831]
[17.01965681],[0.01789201],1301,-25,[14.45540831]
[17.01983429],[0.01761386],1301,-25,[14.45540831]
[17.020009],[0.01733998],1301,-25,[14.45540831]
[17.020181],[0.0170703],1301,-25,[14.45540831]
[17.02035032],[0.01680477],1301,-25,[14.45540831]
[17.02051701],[0.01654331],1301,-25,[14.45540831]
[17.0206811],[0.01628588],1301,-25,[14.45540831]
[17.02084265],[0.01603241],1301,-25,[14.45540831]
[17.02100167],[0.01578283],1301,-25,[14.45540831]
[17.02115822],[0.0155371],1301,-25,[14.45540831]
[17.02131234],[0.01529515],1301,-25,[14.45540831]
[17.02146405],[0.01505693],1301,-25,[14.45540831]
[17.0216134],[0.01482238],1301,-25,[14.45540831]
[17.02176042],[0.01459144],1301,-25,[14.45540831]
[17.02190516],[0.01436406],1301,-25,[14.45540831]
[17.02204763],[0.01414019],1301,-25,[14.45540831]
[17.02218789],[0.01391978],1301,-25,[14.45540831]
[17.02232596],[0.01370276],1301,-25,[14.45540831]
[17.02246188],[0.0134891],1301,-25,[14.45540831]
[17.02259567],[0.01327873],1301,-25,[14.45540831]
[17.02272739],[0.01307162],1301,-25,[14.45540831]
[17.02285704],[0.01286771],1301,-25,[14.45540831]
[17.02298468],[0.01266694],1301,-25,[14.45540831]
[17.02311032],[0.01246928],1301,-25,[14.45540831]
[17.023234],[0.01227468],1301,-25,[14.45540831]
[17.02335575],[0.01208309],1301,-25,[14.45540831]
[17.0234756],[0.01189447],1301,-25,[14.45540831]
[17.02359358],[0.01170876],1301,-25,[14.45540831]
[17.02370972],[0.01152593],1301,-25,[14.45540831]
[17.02382404],[0.01134593],1301,-25,[14.45540831]
[17.02393658],[0.01116872],1301,-25,[14.45540831]
[17.02404736],[0.01099425],1301,-25,[14.45540831]
[17.02415641],[0.01082249],1301,-25,[14.45540831]
[17.02426375],[0.01065339],1301,-25,[14.45540831]
[17.02436942],[0.01048691],1301,-25,[14.45540831]
[17.02447344],[0.01032302],1301,-25,[14.45540831]
[17.02457583],[0.01016166],1301,-25,[14.45540831]
[17.02467662],[0.01000282],1301,-25,[14.45540831]
[17.02477584],[0.00984643],1301,-25,[14.45540831]
[17.0248735],[0.00969248],1301,-25,[14.45540831]
[17.02496964],[0.00954091],1301,-25,[14.45540831]
[17.02506427],[0.0093917],1301,-25,[14.45540831]
[17.02515743],[0.00924481],1301,-25,[14.45540831]
[17.02524912],[0.0091002],1301,-25,[14.45540831]
[17.02533939],[0.00895784],1301,-25,[14.45540831]
[17.02542824],[0.00881769],1301,-25,[14.45540831]
[17.0255157],[0.00867971],1301,-25,[14.45540831]
[17.02560179],[0.00854389],1301,-25,[14.45540831]
[17.02568653],[0.00841018],1301,-25,[14.45540831]
[17.02576995],[0.00827854],1301,-25,[14.45540831]
[17.02585206],[0.00814896],1301,-25,[14.45540831]
[17.02593289],[0.00802139],1301,-25,[14.45540831]
[17.02601245],[0.00789581],1301,-25,[14.45540831]
[17.02609076],[0.00777218],1301,-25,[14.45540831]
[17.02616785],[0.00765048],1301,-25,[14.45540831]
[17.02624373],[0.00753067],1301,-25,[14.45540831]
[17.02631843],[0.00741273],1301,-25,[14.45540831]
[17.02639195],[0.00729663],1301,-25,[14.45540831]
[17.02646432],[0.00718233],1301,-25,[14.45540831]
[17.02653556],[0.00706982],1301,-25,[14.45540831]
[17.02660569],[0.00695906],1301,-25,[14.45540831]
[17.02667471],[0.00685003],1301,-25,[14.45540831]
[17.02674265],[0.00674269],1301,-25,[14.45540831]
[17.02680953],[0.00663703],1301,-25,[14.45540831]
[17.02687536],[0.00653302],1301,-25,[14.45540831]
[17.02694016],[0.00643063],1301,-25,[14.45540831]
[17.02700394],[0.00632984],1301,-25,[14.45540831]
[17.02706672],[0.00623062],1301,-25,[14.45540831]
[17.02712852],[0.00613295],1301,-25,[14.45540831]
[17.02718935],[0.00603681],1301,-25,[14.45540831]
[17.02724923],[0.00594216],1301,-25,[14.45540831]
[17.02730817],[0.00584899],1301,-25,[14.45540831]
[17.02736618],[0.00575728],1301,-25,[14.45540831]
[17.02742328],[0.005667],1301,-25,[14.45540831]
[17.02747949],[0.00557813],1301,-25,[14.45540831]
[17.02753482],[0.00549065],1301,-25,[14.45540831]
[17.02758928],[0.00540453],1301,-25,[14.45540831]
[17.02764288],[0.00531976],1301,-25,[14.45540831]
[17.02769564],[0.00523632],1301,-25,[14.45540831]
[17.02774758],[0.00515417],1301,-25,[14.45540831]
[17.0277987],[0.00507332],1301,-25,[14.45540831]
[17.02784902],[0.00499372],1301,-25,[14.45540831]
[17.02789855],[0.00491537],1301,-25,[14.45540831]
[17.0279473],[0.00483825],1301,-25,[14.45540831]
[17.02799529],[0.00476233],1301,-25,[14.45540831]
[17.02804253],[0.0046876],1301,-25,[14.45540831]
[17.02808902],[0.00461403],1301,-25,[14.45540831]
[17.02813479],[0.00454162],1301,-25,[14.45540831]
[17.02817983],[0.00447034],1301,-25,[14.45540831]
[17.02822417],[0.00440018],1301,-25,[14.45540831]
[17.02826781],[0.00433111],1301,-25,[14.45540831]
[17.02831077],[0.00426313],1301,-25,[14.45540831]
[17.02835305],[0.00419621],1301,-25,[14.45540831]
[17.02839467],[0.00413033],1301,-25,[14.45540831]
[17.02843564],[0.00406549],1301,-25,[14.45540831]
[17.02847596],[0.00400166],1301,-25,[14.45540831]
[17.02851565],[0.00393883],1301,-25,[14.45540831]
[17.02855472],[0.00387699],1301,-25,[14.45540831]
[17.02859317],[0.00381611],1301,-25,[14.45540831]
[17.02863102],[0.00375619],1301,-25,[14.45540831]
[17.02866828],[0.0036972],1301,-25,[14.45540831]
[17.02870495],[0.00363914],1301,-25,[14.45540831]
[17.02874104],[0.00358199],1301,-25,[14.45540831]
[17.02877657],[0.00352573],1301,-25,[14.45540831]
[17.02881154],[0.00347036],1301,-25,[14.45540831]
[17.02884596],[0.00341585],1301,-25,[14.45540831]
[17.02887984],[0.0033622],1301,-25,[14.45540831]
[17.02891319],[0.00330939],1301,-25,[14.45540831]
[17.02894601],[0.0032574],1301,-25,[14.45540831]
[17.02897832],[0.00320623],1301,-25,[14.45540831]
[17.02901012],[0.00315586],1301,-25,[14.45540831]
[17.02904142],[0.00310628],1301,-25,[14.45540831]
[17.02907223],[0.00305748],1301,-25,[14.45540831]
[17.02910256],[0.00300944],1301,-25,[14.45540831]
[17.0291324],[0.00296216],1301,-25,[14.45540831]
[17.02916178],[0.00291562],1301,-25,[14.45540831]
[17.0291907],[0.00286981],1301,-25,[14.45540831]
[17.02921917],[0.00282471],1301,-25,[14.45540831]
[17.02924718],[0.00278033],1301,-25,[14.45540831]
[17.02927476],[0.00273663],1301,-25,[14.45540831]
[17.0293019],[0.00269363],1301,-25,[14.45540831]
[17.02932862],[0.0026513],1301,-25,[14.45540831]
[17.02935491],[0.00260963],1301,-25,[14.45540831]
[17.0293808],[0.00256862],1301,-25,[14.45540831]
[17.02940627],[0.00252825],1301,-25,[14.45540831]
[17.02943135],[0.00248851],1301,-25,[14.45540831]
[17.02945603],[0.0024494],1301,-25,[14.45540831]
[17.02948033],[0.0024109],1301,-25,[14.45540831]
[17.02950424],[0.002373],1301,-25,[14.45540831]
[17.02952777],[0.0023357],1301,-25,[14.45540831]
[17.02955094],[0.00229899],1301,-25,[14.45540831]
[17.02957374],[0.00226285],1301,-25,[14.45540831]
[17.02959619],[0.00222728],1301,-25,[14.45540831]
[17.02961828],[0.00219226],1301,-25,[14.45540831]
[17.02964002],[0.0021578],1301,-25,[14.45540831]
[17.02966142],[0.00212388],1301,-25,[14.45540831]
[17.02968249],[0.00209048],1301,-25,[14.45540831]
[17.02970322],[0.00205762],1301,-25,[14.45540831]
[17.02972363],[0.00202527],1301,-25,[14.45540831]
[17.02974372],[0.00199343],1301,-25,[14.45540831]
[17.02976349],[0.00196208],1301,-25,[14.45540831]
[17.02978295],[0.00193123],1301,-25,[14.45540831]
[17.0298021],[0.00190087],1301,-25,[14.45540831]
[17.02982096],[0.00187098],1301,-25,[14.45540831]
[17.02983951],[0.00184156],1301,-25,[14.45540831]
[17.02985778],[0.0018126],1301,-25,[14.45540831]
[17.02987576],[0.0017841],1301,-25,[14.45540831]
[17.02989345],[0.00175604],1301,-25,[14.45540831]
[17.02991087],[0.00172843],1301,-25,[14.45540831]
[17.02992801],[0.00170124],1301,-25,[14.45540831]
[17.02994488],[0.00167449],1301,-25,[14.45540831]
[17.02996149],[0.00164816],1301,-25,[14.45540831]
[17.02997784],[0.00162224],1301,-25,[14.45540831]
[17.02999393],[0.00159672],1301,-25,[14.45540831]
[17.03000977],[0.00157161],1301,-25,[14.45540831]
[17.03002535],[0.00154689],1301,-25,[14.45540831]
[17.0300407],[0.00152256],1301,-25,[14.45540831]
[17.0300558],[0.00149862],1301,-25,[14.45540831]
[17.03007066],[0.00147504],1301,-25,[14.45540831]
[17.03008529],[0.00145184],1301,-25,[14.45540831]
[17.03009969],[0.00142901],1301,-25,[14.45540831]
[17.03011386],[0.00140653],1301,-25,[14.45540831]
[17.03012781],[0.00138441],1301,-25,[14.45540831]
[17.03014155],[0.00136263],1301,-25,[14.45540831]
[17.03015506],[0.0013412],1301,-25,[14.45540831]
[17.03016836],[0.0013201],1301,-25,[14.45540831]
[17.03018146],[0.00129933],1301,-25,[14.45540831]
[17.03019434],[0.00127889],1301,-25,[14.45540831]
[17.03020703],[0.00125878],1301,-25,[14.45540831]
[17.03021951],[0.00123897],1301,-25,[14.45540831]
[17.0302318],[0.00121948],1301,-25,[14.45540831]
[17.0302439],[0.0012003],1301,-25,[14.45540831]
[17.0302558],[0.00118142],1301,-25,[14.45540831]
[17.03026752],[0.00116283],1301,-25,[14.45540831]
[17.03027905],[0.00114454],1301,-25,[14.45540831]
[17.0302904],[0.00112653],1301,-25,[14.45540831]
[17.03030158],[0.00110881],1301,-25,[14.45540831]
[17.03031257],[0.00109136],1301,-25,[14.45540831]
[17.0303234],[0.00107419],1301,-25,[14.45540831]
[17.03033405],[0.00105729],1301,-25,[14.45540831]
[17.03034454],[0.00104066],1301,-25,[14.45540831]
[17.03035486],[0.00102428],1301,-25,[14.45540831]
[17.03036502],[0.00100817],1301,-25,[14.45540831]
[17.03037502],[0.0009923],1301,-25,[14.45540831]
[17.03038486],[0.00097669],1301,-25,[14.45540831]
[17.03039455],[0.00096132],1301,-25,[14.45540831]
[17.03040408],[0.0009462],1301,-25,[14.45540831]
[17.03041347],[0.00093131],1301,-25,[14.45540831]
[17.0304227],[0.00091666],1301,-25,[14.45540831]
[17.0304318],[0.00090223],1301,-25,[14.45540831]
[17.03044074],[0.00088803],1301,-25,[14.45540831]
[17.03044955],[0.00087406],1301,-25,[14.45540831]
[17.03045822],[0.00086031],1301,-25,[14.45540831]
[17.03046675],[0.00084677],1301,-25,[14.45540831]
[17.03047515],[0.00083345],1301,-25,[14.45540831]
[17.03048342],[0.00082033],1301,-25,[14.45540831]
[17.03049155],[0.00080742],1301,-25,[14.45540831]
[17.03049956],[0.00079472],1301,-25,[14.45540831]
[17.03050744],[0.00078221],1301,-25,[14.45540831]
[17.0305152],[0.0007699],1301,-25,[14.45540831]
[17.03052284],[0.00075779],1301,-25,[14.45540831]
[17.03053035],[0.00074586],1301,-25,[14.45540831]
[17.03053775],[0.00073412],1301,-25,[14.45540831]
[17.03054503],[0.00072257],1301,-25,[14.45540831]
[17.0305522],[0.0007112],1301,-25,[14.45540831]
[17.03055925],[0.00070001],1301,-25,[14.45540831]
[17.0305662],[0.00068899],1301,-25,[14.45540831]
[17.03057303],[0.00067815],1301,-25,[14.45540831]
[17.03057976],[0.00066747],1301,-25,[14.45540831]
[17.03058638],[0.00065697],1301,-25,[14.45540831]
[17.03059289],[0.00064663],1301,-25,[14.45540831]
[17.03059931],[0.00063645],1301,-25,[14.45540831]
[17.03060562],[0.00062644],1301,-25,[14.45540831]
[17.03061183],[0.00061658],1301,-25,[14.45540831]
[17.03061795],[0.00060687],1301,-25,[14.45540831]
[17.03062397],[0.00059732],1301,-25,[14.45540831]
[17.03062989],[0.00058792],1301,-25,[14.45540831]
[17.03063572],[0.00057867],1301,-25,[14.45540831]
[17.03064146],[0.00056956],1301,-25,[14.45540831]
[17.03064711],[0.0005606],1301,-25,[14.45540831]
[17.03065267],[0.00055177],1301,-25,[14.45540831]
[17.03065814],[0.00054309],1301,-25,[14.45540831]
[17.03066353],[0.00053454],1301,-25,[14.45540831]
[17.03066883],[0.00052613],1301,-25,[14.45540831]
[17.03067405],[0.00051785],1301,-25,[14.45540831]
[17.03067919],[0.0005097],1301,-25,[14.45540831]
[17.03068424],[0.00050167],1301,-25,[14.45540831]
[17.03068922],[0.00049378],1301,-25,[14.45540831]
[17.03069411],[0.00048601],1301,-25,[14.45540831]
[17.03069893],[0.00047836],1301,-25,[14.45540831]
[17.03070368],[0.00047083],1301,-25,[14.45540831]
[17.03070835],[0.00046342],1301,-25,[14.45540831]
[17.03071294],[0.00045612],1301,-25,[14.45540831]
[17.03071747],[0.00044894],1301,-25,[14.45540831]
[17.03072192],[0.00044188],1301,-25,[14.45540831]
[17.0307263],[0.00043492],1301,-25,[14.45540831]
[17.03073062],[0.00042808],1301,-25,[14.45540831]
[17.03073486],[0.00042134],1301,-25,[14.45540831]
[17.03073904],[0.00041471],1301,-25,[14.45540831]
[17.03074316],[0.00040818],1301,-25,[14.45540831]
[17.0307472],[0.00040175],1301,-25,[14.45540831]
[17.03075119],[0.00039543],1301,-25,[14.45540831]
[17.03075511],[0.0003892],1301,-25,[14.45540831]
[17.03075897],[0.00038308],1301,-25,[14.45540831]
[17.03076277],[0.00037705],1301,-25,[14.45540831]
[17.03076651],[0.00037111],1301,-25,[14.45540831]
[17.03077019],[0.00036527],1301,-25,[14.45540831]
[17.03077381],[0.00035952],1301,-25,[14.45540831]
[17.03077738],[0.00035386],1301,-25,[14.45540831]
[17.03078089],[0.00034829],1301,-25,[14.45540831]
[17.03078434],[0.00034281],1301,-25,[14.45540831]
[17.03078774],[0.00033741],1301,-25,[14.45540831]
[17.03079109],[0.0003321],1301,-25,[14.45540831]
[17.03079438],[0.00032687],1301,-25,[14.45540831]
[17.03079763],[0.00032173],1301,-25,[14.45540831]
[17.03080082],[0.00031666],1301,-25,[14.45540831]
[17.03080396],[0.00031168],1301,-25,[14.45540831]
[17.03080705],[0.00030677],1301,-25,[14.45540831]
[17.03081009],[0.00030194],1301,-25,[14.45540831]
[17.03081309],[0.00029719],1301,-25,[14.45540831]
[17.03081603],[0.00029251],1301,-25,[14.45540831]
[17.03081893],[0.00028791],1301,-25,[14.45540831]
[17.03082179],[0.00028338],1301,-25,[14.45540831]
[17.0308246],[0.00027891],1301,-25,[14.45540831]
[17.03082737],[0.00027452],1301,-25,[14.45540831]
[17.03083009],[0.0002702],1301,-25,[14.45540831]
[17.03083277],[0.00026595],1301,-25,[14.45540831]
[17.03083541],[0.00026176],1301,-25,[14.45540831]
[17.030838],[0.00025764],1301,-25,[14.45540831]
[17.03084056],[0.00025359],1301,-25,[14.45540831]
[17.03084307],[0.00024959],1301,-25,[14.45540831]
[17.03084555],[0.00024566],1301,-25,[14.45540831]
[17.03084799],[0.0002418],1301,-25,[14.45540831]
[17.03085038],[0.00023799],1301,-25,[14.45540831]
[17.03085275],[0.00023424],1301,-25,[14.45540831]
[17.03085507],[0.00023056],1301,-25,[14.45540831]
[17.03085735],[0.00022693],1301,-25,[14.45540831]
[17.03085961],[0.00022335],1301,-25,[14.45540831]
[17.03086182],[0.00021984],1301,-25,[14.45540831]
[17.030864],[0.00021638],1301,-25,[14.45540831]
[17.03086615],[0.00021297],1301,-25,[14.45540831]
[17.03086826],[0.00020962],1301,-25,[14.45540831]
[17.03087034],[0.00020632],1301,-25,[14.45540831]
[17.03087239],[0.00020307],1301,-25,[14.45540831]
[17.0308744],[0.00019987],1301,-25,[14.45540831]
[17.03087638],[0.00019673],1301,-25,[14.45540831]
[17.03087833],[0.00019363],1301,-25,[14.45540831]
[17.03088025],[0.00019058],1301,-25,[14.45540831]
[17.03088214],[0.00018758],1301,-25,[14.45540831]
[17.030884],[0.00018463],1301,-25,[14.45540831]
[17.03088584],[0.00018172],1301,-25,[14.45540831]
[17.03088764],[0.00017886],1301,-25,[14.45540831]
[17.03088941],[0.00017604],1301,-25,[14.45540831]
[17.03089116],[0.00017327],1301,-25,[14.45540831]
[17.03089288],[0.00017055],1301,-25,[14.45540831]
[17.03089457],[0.00016786],1301,-25,[14.45540831]
[17.03089623],[0.00016522],1301,-25,[14.45540831]
[17.03089787],[0.00016262],1301,-25,[14.45540831]
[17.03089948],[0.00016006],1301,-25,[14.45540831]
[17.03090107],[0.00015754],1301,-25,[14.45540831]
[17.03090263],[0.00015506],1301,-25,[14.45540831]
[17.03090417],[0.00015262],1301,-25,[14.45540831]
[17.03090569],[0.00015021],1301,-25,[14.45540831]
[17.03090718],[0.00014785],1301,-25,[14.45540831]
[17.03090864],[0.00014552],1301,-25,[14.45540831]
[17.03091008],[0.00014323],1301,-25,[14.45540831]
[17.03091151],[0.00014097],1301,-25,[14.45540831]
[17.0309129],[0.00013875],1301,-25,[14.45540831]
[17.03091428],[0.00013657],1301,-25,[14.45540831]
[17.03091563],[0.00013442],1301,-25,[14.45540831]
[17.03091697],[0.0001323],1301,-25,[14.45540831]
[17.03091828],[0.00013022],1301,-25,[14.45540831]
[17.03091957],[0.00012817],1301,-25,[14.45540831]
[17.03092084],[0.00012615],1301,-25,[14.45540831]
[17.03092209],[0.00012417],1301,-25,[14.45540831]
[17.03092333],[0.00012221],1301,-25,[14.45540831]
[17.03092454],[0.00012029],1301,-25,[14.45540831]
[17.03092573],[0.00011839],1301,-25,[14.45540831]
[17.0309269],[0.00011653],1301,-25,[14.45540831]
[17.03092806],[0.0001147],1301,-25,[14.45540831]
[17.0309292],[0.00011289],1301,-25,[14.45540831]
[17.03093032],[0.00011111],1301,-25,[14.45540831]
[17.03093142],[0.00010936],1301,-25,[14.45540831]
[17.0309325],[0.00010764],1301,-25,[14.45540831]
[17.03093357],[0.00010595],1301,-25,[14.45540831]
[17.03093462],[0.00010428],1301,-25,[14.45540831]
[17.03093566],[0.00010264],1301,-25,[14.45540831]
[17.03093667],[0.00010102],1301,-25,[14.45540831]
[17.03093768],[9.94301559e-05],1301,-25,[14.45540831]
[17.03093866],[9.78647205e-05],1301,-25,[14.45540831]
[17.03093963],[9.63239297e-05],1301,-25,[14.45540831]
[17.03094059],[9.48073956e-05],1301,-25,[14.45540831]
[17.03094153],[9.33147364e-05],1301,-25,[14.45540831]
[17.03094245],[9.18455762e-05],1301,-25,[14.45540831]
[17.03094337],[9.03995452e-05],1301,-25,[14.45540831]
[17.03094426],[8.89762793e-05],1301,-25,[14.45540831]
[17.03094514],[8.75754201e-05],1301,-25,[14.45540831]
[17.03094601],[8.6196615e-05],1301,-25,[14.45540831]
[17.03094687],[8.48395167e-05],1301,-25,[14.45540831]
[17.03094771],[8.35037836e-05],1301,-25,[14.45540831]
[17.03094854],[8.21890793e-05],1301,-25,[14.45540831]
[17.03094935],[8.08950729e-05],1301,-25,[14.45540831]
[17.03095016],[7.96214384e-05],1301,-25,[14.45540831]
[17.03095095],[7.83678553e-05],1301,-25,[14.45540831]
[17.03095172],[7.71340079e-05],1301,-25,[14.45540831]
[17.03095249],[7.59195855e-05],1301,-25,[14.45540831]
[17.03095324],[7.47242823e-05],1301,-25,[14.45540831]
[17.03095398],[7.35477974e-05],1301,-25,[14.45540831]
[17.03095471],[7.23898345e-05],1301,-25,[14.45540831]
[17.03095543],[7.1250102e-05],1301,-25,[14.45540831]
[17.03095614],[7.0128313e-05],1301,-25,[14.45540831]
[17.03095683],[6.90241851e-05],1301,-25,[14.45540831]
[17.03095752],[6.79374401e-05],1301,-25,[14.45540831]
[17.03095819],[6.68678044e-05],1301,-25,[14.45540831]
[17.03095885],[6.58150087e-05],1301,-25,[14.45540831]
[17.03095951],[6.4778788e-05],1301,-25,[14.45540831]
[17.03096015],[6.37588812e-05],1301,-25,[14.45540831]
[17.03096078],[6.27550315e-05],1301,-25,[14.45540831]
[17.0309614],[6.17669863e-05],1301,-25,[14.45540831]
[17.03096202],[6.07944966e-05],1301,-25,[14.45540831]
[17.03096262],[5.98373176e-05],1301,-25,[14.45540831]
[17.03096321],[5.88952083e-05],1301,-25,[14.45540831]
[17.0309638],[5.79679314e-05],1301,-25,[14.45540831]
[17.03096437],[5.70552535e-05],1301,-25,[14.45540831]
[17.03096494],[5.61569446e-05],1301,-25,[14.45540831]
[17.03096549],[5.52727787e-05],1301,-25,[14.45540831]
[17.03096604],[5.4402533e-05],1301,-25,[14.45540831]
[17.03096658],[5.35459884e-05],1301,-25,[14.45540831]
[17.03096711],[5.27029292e-05],1301,-25,[14.45540831]
[17.03096764],[5.18731432e-05],1301,-25,[14.45540831]
[17.03096815],[5.10564213e-05],1301,-25,[14.45540831]
[17.03096866],[5.02525579e-05],1301,-25,[14.45540831]
[17.03096915],[4.94613506e-05],1301,-25,[14.45540831]
[17.03096965],[4.86826001e-05],1301,-25,[14.45540831]
[17.03097013],[4.79161103e-05],1301,-25,[14.45540831]
[17.0309706],[4.71616882e-05],1301,-25,[14.45540831]
[17.03097107],[4.64191439e-05],1301,-25,[14.45540831]
[17.03097153],[4.56882902e-05],1301,-25,[14.45540831]
[17.03097198],[4.49689432e-05],1301,-25,[14.45540831]
[17.03097243],[4.42609218e-05],1301,-25,[14.45540831]
[17.03097287],[4.35640475e-05],1301,-25,[14.45540831]
[17.0309733],[4.2878145e-05],1301,-25,[14.45540831]
[17.03097373],[4.22030415e-05],1301,-25,[14.45540831]
[17.03097415],[4.15385669e-05],1301,-25,[14.45540831]
[17.03097456],[4.0884554e-05],1301,-25,[14.45540831]
[17.03097496],[4.02408381e-05],1301,-25,[14.45540831]
[17.03097536],[3.9607257e-05],1301,-25,[14.45540831]
[17.03097576],[3.89836512e-05],1301,-25,[14.45540831]
[17.03097614],[3.83698636e-05],1301,-25,[14.45540831]
[17.03097652],[3.77657397e-05],1301,-25,[14.45540831]
[17.0309769],[3.71711273e-05],1301,-25,[14.45540831]
[17.03097727],[3.65858767e-05],1301,-25,[14.45540831]
[17.03097763],[3.60098405e-05],1301,-25,[14.45540831]
[17.03097799],[3.54428736e-05],1301,-25,[14.45540831]
[17.03097834],[3.48848333e-05],1301,-25,[14.45540831]
[17.03097868],[3.43355789e-05],1301,-25,[14.45540831]
[17.03097902],[3.37949723e-05],1301,-25,[14.45540831]
[17.03097936],[3.32628772e-05],1301,-25,[14.45540831]
[17.03097969],[3.27391596e-05],1301,-25,[14.45540831]
[17.03098001],[3.22236877e-05],1301,-25,[14.45540831]
[17.03098033],[3.17163316e-05],1301,-25,[14.45540831]
[17.03098065],[3.12169635e-05],1301,-25,[14.45540831]
[17.03098096],[3.07254577e-05],1301,-25,[14.45540831]
[17.03098126],[3.02416905e-05],1301,-25,[14.45540831]
[17.03098156],[2.97655399e-05],1301,-25,[14.45540831]
[17.03098186],[2.92968861e-05],1301,-25,[14.45540831]
[17.03098215],[2.8835611e-05],1301,-25,[14.45540831]
[17.03098243],[2.83815984e-05],1301,-25,[14.45540831]
[17.03098272],[2.79347341e-05],1301,-25,[14.45540831]
[17.03098299],[2.74949054e-05],1301,-25,[14.45540831]
[17.03098327],[2.70620017e-05],1301,-25,[14.45540831]
[17.03098353],[2.66359139e-05],1301,-25,[14.45540831]
[17.0309838],[2.62165346e-05],1301,-25,[14.45540831]
[17.03098406],[2.58037582e-05],1301,-25,[14.45540831]
[17.03098431],[2.53974809e-05],1301,-25,[14.45540831]
[17.03098457],[2.49976003e-05],1301,-25,[14.45540831]
[17.03098481],[2.46040156e-05],1301,-25,[14.45540831]
[17.03098506],[2.42166277e-05],1301,-25,[14.45540831]
[17.0309853],[2.38353392e-05],1301,-25,[14.45540831]
[17.03098553],[2.34600539e-05],1301,-25,[14.45540831]
[17.03098577],[2.30906773e-05],1301,-25,[14.45540831]
[17.030986],[2.27271164e-05],1301,-25,[14.45540831]
[17.03098622],[2.23692797e-05],1301,-25,[14.45540831]
[17.03098644],[2.2017077e-05],1301,-25,[14.45540831]
[17.03098666],[2.16704196e-05],1301,-25,[14.45540831]
[17.03098688],[2.13292202e-05],1301,-25,[14.45540831]
[17.03098709],[2.0993393e-05],1301,-25,[14.45540831]
[17.0309873],[2.06628532e-05],1301,-25,[14.45540831]
[17.0309875],[2.03375176e-05],1301,-25,[14.45540831]
[17.0309877],[2.00173044e-05],1301,-25,[14.45540831]
[17.0309879],[1.97021329e-05],1301,-25,[14.45540831]
[17.0309881],[1.93919236e-05],1301,-25,[14.45540831]
[17.03098829],[1.90865986e-05],1301,-25,[14.45540831]
[17.03098848],[1.87860807e-05],1301,-25,[14.45540831]
[17.03098866],[1.84902945e-05],1301,-25,[14.45540831]
[17.03098885],[1.81991654e-05],1301,-25,[14.45540831]
[17.03098903],[1.791262e-05],1301,-25,[14.45540831]
[17.03098921],[1.76305862e-05],1301,-25,[14.45540831]
[17.03098938],[1.73529929e-05],1301,-25,[14.45540831]
[17.03098955],[1.70797703e-05],1301,-25,[14.45540831]
[17.03098972],[1.68108496e-05],1301,-25,[14.45540831]
[17.03098989],[1.65461629e-05],1301,-25,[14.45540831]
[17.03099005],[1.62856437e-05],1301,-25,[14.45540831]
[17.03099021],[1.60292263e-05],1301,-25,[14.45540831]
[17.03099037],[1.57768462e-05],1301,-25,[14.45540831]
[17.03099053],[1.55284397e-05],1301,-25,[14.45540831]
[17.03099068],[1.52839443e-05],1301,-25,[14.45540831]
[17.03099084],[1.50432985e-05],1301,-25,[14.45540831]
[17.03099099],[1.48064417e-05],1301,-25,[14.45540831]
[17.03099113],[1.45733141e-05],1301,-25,[14.45540831]
[17.03099128],[1.4343857e-05],1301,-25,[14.45540831]
[17.03099142],[1.41180127e-05],1301,-25,[14.45540831]
[17.03099156],[1.38957243e-05],1301,-25,[14.45540831]
[17.0309917],[1.36769359e-05],1301,-25,[14.45540831]
[17.03099183],[1.34615922e-05],1301,-25,[14.45540831]
[17.03099197],[1.3249639e-05],1301,-25,[14.45540831]
[17.0309921],[1.30410231e-05],1301,-25,[14.45540831]
[17.03099223],[1.28356918e-05],1301,-25,[14.45540831]
[17.03099235],[1.26335934e-05],1301,-25,[14.45540831]
[17.03099248],[1.2434677e-05],1301,-25,[14.45540831]
[17.0309926],[1.22388925e-05],1301,-25,[14.45540831]
[17.03099272],[1.20461906e-05],1301,-25,[14.45540831]
[17.03099284],[1.18565229e-05],1301,-25,[14.45540831]
[17.03099296],[1.16698414e-05],1301,-25,[14.45540831]
[17.03099308],[1.14860992e-05],1301,-25,[14.45540831]
[17.03099319],[1.130525e-05],1301,-25,[14.45540831]
[17.0309933],[1.11272482e-05],1301,-25,[14.45540831]
[17.03099341],[1.09520491e-05],1301,-25,[14.45540831]
[17.03099352],[1.07796085e-05],1301,-25,[14.45540831]
[17.03099363],[1.0609883e-05],1301,-25,[14.45540831]
[17.03099373],[1.04428297e-05],1301,-25,[14.45540831]
[17.03099384],[1.02784067e-05],1301,-25,[14.45540831]
[17.03099394],[1.01165726e-05],1301,-25,[14.45540831]
[17.03099404],[9.9572865e-06],1301,-25,[14.45540831]
[17.03099414],[9.80050836e-06],1301,-25,[14.45540831]
[17.03099424],[9.64619868e-06],1301,-25,[14.45540831]
[17.03099433],[9.49431861e-06],1301,-25,[14.45540831]
[17.03099443],[9.34482989e-06],1301,-25,[14.45540831]
[17.03099452],[9.19769486e-06],1301,-25,[14.45540831]
[17.03099461],[9.05287647e-06],1301,-25,[14.45540831]
[17.0309947],[8.91033824e-06],1301,-25,[14.45540831]
[17.03099479],[8.77004427e-06],1301,-25,[14.45540831]
[17.03099487],[8.63195922e-06],1301,-25,[14.45540831]
[17.03099496],[8.49604833e-06],1301,-25,[14.45540831]
[17.03099504],[8.36227735e-06],1301,-25,[14.45540831]
[17.03099513],[8.23061259e-06],1301,-25,[14.45540831]
[17.03099521],[8.10102089e-06],1301,-25,[14.45540831]
[17.03099529],[7.97346962e-06],1301,-25,[14.45540831]
[17.03099537],[7.84792663e-06],1301,-25,[14.45540831]
[17.03099545],[7.72436033e-06],1301,-25,[14.45540831]
[17.03099552],[7.60273957e-06],1301,-25,[14.45540831]
[17.0309956],[7.48303373e-06],1301,-25,[14.45540831]
[17.03099567],[7.36521266e-06],1301,-25,[14.45540831]
[17.03099575],[7.24924669e-06],1301,-25,[14.45540831]
[17.03099582],[7.13510661e-06],1301,-25,[14.45540831]
[17.03099589],[7.02276365e-06],1301,-25,[14.45540831]
[17.03099596],[6.91218956e-06],1301,-25,[14.45540831]
[17.03099603],[6.80335644e-06],1301,-25,[14.45540831]
[17.03099609],[6.6962369e-06],1301,-25,[14.45540831]
[17.03099616],[6.59080396e-06],1301,-25,[14.45540831]
[17.03099623],[6.48703107e-06],1301,-25,[14.45540831]
[17.03099629],[6.38489209e-06],1301,-25,[14.45540831]
[17.03099635],[6.28436129e-06],1301,-25,[14.45540831]
[17.03099642],[6.18541335e-06],1301,-25,[14.45540831]
[17.03099648],[6.08802334e-06],1301,-25,[14.45540831]
[17.03099654],[5.99216676e-06],1301,-25,[14.45540831]
[17.0309966],[5.89781942e-06],1301,-25,[14.45540831]
[17.03099666],[5.80495759e-06],1301,-25,[14.45540831]
[17.03099671],[5.71355789e-06],1301,-25,[14.45540831]
[17.03099677],[5.62359727e-06],1301,-25,[14.45540831]
[17.03099683],[5.53505309e-06],1301,-25,[14.45540831]
[17.03099688],[5.44790305e-06],1301,-25,[14.45540831]
[17.03099693],[5.36212518e-06],1301,-25,[14.45540831]
[17.03099699],[5.27769789e-06],1301,-25,[14.45540831]
[17.03099704],[5.19459992e-06],1301,-25,[14.45540831]
[17.03099709],[5.11281033e-06],1301,-25,[14.45540831]
[17.03099714],[5.03230851e-06],1301,-25,[14.45540831]
[17.03099719],[4.9530742e-06],1301,-25,[14.45540831]
[17.03099724],[4.87508745e-06],1301,-25,[14.45540831]
[17.03099729],[4.7983286e-06],1301,-25,[14.45540831]
[17.03099734],[4.72277833e-06],1301,-25,[14.45540831]
[17.03099738],[4.64841759e-06],1301,-25,[14.45540831]
[17.03099743],[4.57522768e-06],1301,-25,[14.45540831]
[17.03099748],[4.50319014e-06],1301,-25,[14.45540831]
[17.03099752],[4.43228685e-06],1301,-25,[14.45540831]
[17.03099756],[4.36249992e-06],1301,-25,[14.45540831]
[17.03099761],[4.2938118e-06],1301,-25,[14.45540831]
[17.03099765],[4.22620518e-06],1301,-25,[14.45540831]
[17.03099769],[4.15966303e-06],1301,-25,[14.45540831]
[17.03099773],[4.0941686e-06],1301,-25,[14.45540831]
[17.03099777],[4.02970537e-06],1301,-25,[14.45540831]
[17.03099781],[3.96625713e-06],1301,-25,[14.45540831]
[17.03099785],[3.90380788e-06],1301,-25,[14.45540831]
[17.03099789],[3.84234191e-06],1301,-25,[14.45540831]
[17.03099793],[3.78184372e-06],1301,-25,[14.45540831]
[17.03099797],[3.72229809e-06],1301,-25,[14.45540831]
[17.030998],[3.66368999e-06],1301,-25,[14.45540831]
[17.03099804],[3.6060047e-06],1301,-25,[14.45540831]
[17.03099808],[3.54922765e-06],1301,-25,[14.45540831]
[17.03099811],[3.49334458e-06],1301,-25,[14.45540831]
[17.03099815],[3.43834139e-06],1301,-25,[14.45540831]
[17.03099818],[3.38420423e-06],1301,-25,[14.45540831]
[17.03099821],[3.33091946e-06],1301,-25,[14.45540831]
[17.03099825],[3.27847367e-06],1301,-25,[14.45540831]
[17.03099828],[3.22685364e-06],1301,-25,[14.45540831]
[17.03099831],[3.17604637e-06],1301,-25,[14.45540831]
[17.03099834],[3.12603907e-06],1301,-25,[14.45540831]
[17.03099837],[3.07681914e-06],1301,-25,[14.45540831]
[17.0309984],[3.02837418e-06],1301,-25,[14.45540831]
[17.03099843],[2.980692e-06],1301,-25,[14.45540831]
[17.03099846],[2.93376057e-06],1301,-25,[14.45540831]
[17.03099849],[2.88756808e-06],1301,-25,[14.45540831]
[17.03099852],[2.84210291e-06],1301,-25,[14.45540831]
[17.03099855],[2.79735359e-06],1301,-25,[14.45540831]
[17.03099858],[2.75330885e-06],1301,-25,[14.45540831]
[17.0309986],[2.7099576e-06],1301,-25,[14.45540831]
[17.03099863],[2.66728892e-06],1301,-25,[14.45540831]
[17.03099866],[2.62529205e-06],1301,-25,[14.45540831]
[17.03099868],[2.58395644e-06],1301,-25,[14.45540831]
[17.03099871],[2.54327166e-06],1301,-25,[14.45540831]
[17.03099874],[2.50322748e-06],1301,-25,[14.45540831]
[17.03099876],[2.46381378e-06],1301,-25,[14.45540831]
[17.03099878],[2.42502066e-06],1301,-25,[14.45540831]
[17.03099881],[2.38683835e-06],1301,-25,[14.45540831]
[17.03099883],[2.34925722e-06],1301,-25,[14.45540831]
[17.03099886],[2.31226781e-06],1301,-25,[14.45540831]
[17.03099888],[2.2758608e-06],1301,-25,[14.45540831]
[17.0309989],[2.24002704e-06],1301,-25,[14.45540831]
[17.03099892],[2.20475746e-06],1301,-25,[14.45540831]
[17.03099895],[2.17004323e-06],1301,-25,[14.45540831]
[17.03099897],[2.13587557e-06],1301,-25,[14.45540831]
[17.03099899],[2.10224588e-06],1301,-25,[14.45540831]
[17.03099901],[2.0691457e-06],1301,-25,[14.45540831]
[17.03099903],[2.03656668e-06],1301,-25,[14.45540831]
[17.03099905],[2.00450063e-06],1301,-25,[14.45540831]
[17.03099907],[1.97293946e-06],1301,-25,[14.45540831]
[17.03099909],[1.94187522e-06],1301,-25,[14.45540831]
[17.03099911],[1.91130009e-06],1301,-25,[14.45540831]
[17.03099913],[1.88120637e-06],1301,-25,[14.45540831]
[17.03099915],[1.85158649e-06],1301,-25,[14.45540831]
[17.03099916],[1.82243297e-06],1301,-25,[14.45540831]
[17.03099918],[1.79373848e-06],1301,-25,[14.45540831]
[17.0309992],[1.76549578e-06],1301,-25,[14.45540831]
[17.03099922],[1.73769777e-06],1301,-25,[14.45540831]
[17.03099923],[1.71033744e-06],1301,-25,[14.45540831]
[17.03099925],[1.68340791e-06],1301,-25,[14.45540831]
[17.03099927],[1.65690239e-06],1301,-25,[14.45540831]
[17.03099928],[1.63081419e-06],1301,-25,[14.45540831]
[17.0309993],[1.60513677e-06],1301,-25,[14.45540831]
[17.03099932],[1.57986364e-06],1301,-25,[14.45540831]
[17.03099933],[1.55498844e-06],1301,-25,[14.45540831]
[17.03099935],[1.53050489e-06],1301,-25,[14.45540831]
[17.03099936],[1.50640685e-06],1301,-25,[14.45540831]
[17.03099938],[1.48268824e-06],1301,-25,[14.45540831]
[17.03099939],[1.45934307e-06],1301,-25,[14.45540831]
[17.03099941],[1.43636548e-06],1301,-25,[14.45540831]
[17.03099942],[1.41374968e-06],1301,-25,[14.45540831]
[17.03099944],[1.39148997e-06],1301,-25,[14.45540831]
[17.03099945],[1.36958072e-06],1301,-25,[14.45540831]
[17.03099946],[1.34801646e-06],1301,-25,[14.45540831]
[17.03099948],[1.32679171e-06],1301,-25,[14.45540831]
[17.03099949],[1.30590117e-06],1301,-25,[14.45540831]
[17.0309995],[1.28533955e-06],1301,-25,[14.45540831]
[17.03099952],[1.26510166e-06],1301,-25,[14.45540831]
[17.03099953],[1.24518243e-06],1301,-25,[14.45540831]
[17.03099954],[1.22557682e-06],1301,-25,[14.45540831]
[17.03099955],[1.20627992e-06],1301,-25,[14.45540831]
[17.03099956],[1.18728685e-06],1301,-25,[14.45540831]
[17.03099958],[1.16859282e-06],1301,-25,[14.45540831]
[17.03099959],[1.15019313e-06],1301,-25,[14.45540831]
[17.0309996],[1.13208316e-06],1301,-25,[14.45540831]
[17.03099961],[1.11425832e-06],1301,-25,[14.45540831]
[17.03099962],[1.09671413e-06],1301,-25,[14.45540831]
[17.03099963],[1.07944619e-06],1301,-25,[14.45540831]
[17.03099964],[1.06245013e-06],1301,-25,[14.45540831]
[17.03099965],[1.04572168e-06],1301,-25,[14.45540831]
[17.03099966],[1.02925662e-06],1301,-25,[14.45540831]
[17.03099967],[1.0130508e-06],1301,-25,[14.45540831]
[17.03099968],[9.97100156e-07],1301,-25,[14.45540831]
[17.03099969],[9.81400644e-07],1301,-25,[14.45540831]
[17.0309997],[9.6594833e-07],1301,-25,[14.45540831]
[17.03099971],[9.50739318e-07],1301,-25,[14.45540831]
[17.03099972],[9.35769772e-07],1301,-25,[14.45540831]
[17.03099973],[9.21035922e-07],1301,-25,[14.45540831]
[17.03099974],[9.06534055e-07],1301,-25,[14.45540831]
[17.03099975],[8.92260523e-07],1301,-25,[14.45540831]
[17.03099976],[8.78211733e-07],1301,-25,[14.45540831]
[17.03099977],[8.64384136e-07],1301,-25,[14.45540831]
[17.03099978],[8.50774267e-07],1301,-25,[14.45540831]
[17.03099978],[8.37378679e-07],1301,-25,[14.45540831]
[17.03099979],[8.24194013e-07],1301,-25,[14.45540831]
[17.0309998],[8.11216949e-07],1301,-25,[14.45540831]
[17.03099981],[7.98444194e-07],1301,-25,[14.45540831]
[17.03099982],[7.85872556e-07],1301,-25,[14.45540831]
[17.03099982],[7.73498859e-07],1301,-25,[14.45540831]
[17.03099983],[7.61319982e-07],1301,-25,[14.45540831]
[17.03099984],[7.49332879e-07],1301,-25,[14.45540831]
[17.03099985],[7.37534507e-07],1301,-25,[14.45540831]
[17.03099985],[7.25921902e-07],1301,-25,[14.45540831]
[17.03099986],[7.14492138e-07],1301,-25,[14.45540831]
[17.03099987],[7.03242341e-07],1301,-25,[14.45540831]
[17.03099988],[6.92169666e-07],1301,-25,[14.45540831]
[17.03099988],[6.81271343e-07],1301,-25,[14.45540831]
[17.03099989],[6.70544606e-07],1301,-25,[14.45540831]
[17.0309999],[6.59986777e-07],1301,-25,[14.45540831]
[17.0309999],[6.49595173e-07],1301,-25,[14.45540831]
[17.03099991],[6.39367186e-07],1301,-25,[14.45540831]
[17.03099992],[6.29300244e-07],1301,-25,[14.45540831]
[17.03099992],[6.19391796e-07],1301,-25,[14.45540831]
[17.03099993],[6.09639371e-07],1301,-25,[14.45540831]
[17.03099993],[6.00040494e-07],1301,-25,[14.45540831]
[17.03099994],[5.90592747e-07],1301,-25,[14.45540831]
[17.03099995],[5.81293769e-07],1301,-25,[14.45540831]
[17.03099995],[5.72141204e-07],1301,-25,[14.45540831]
[17.03099996],[5.63132739e-07],1301,-25,[14.45540831]
[17.03099996],[5.54266116e-07],1301,-25,[14.45540831]
[17.03099997],[5.45539099e-07],1301,-25,[14.45540831]
[17.03099997],[5.36949493e-07],1301,-25,[14.45540831]
[17.03099998],[5.28495123e-07],1301,-25,[14.45540831]
[17.03099998],[5.20173884e-07],1301,-25,[14.45540831]
[17.03099999],[5.11983655e-07],1301,-25,[14.45540831]
[17.03099999],[5.03922386e-07],1301,-25,[14.45540831]
[17.031],[4.95988046e-07],1301,-25,[14.45540831]
[17.031],[4.88178629e-07],1301,-25,[14.45540831]
[17.03100001],[4.80492177e-07],1301,-25,[14.45540831]
[17.03100001],[4.7292674e-07],1301,-25,[14.45540831]
[17.03100002],[4.6548043e-07],1301,-25,[14.45540831]
[17.03100002],[4.58151364e-07],1301,-25,[14.45540831]
[17.03100003],[4.50937689e-07],1301,-25,[14.45540831]
[17.03100003],[4.43837598e-07],1301,-25,[14.45540831]
[17.03100004],[4.368493e-07],1301,-25,[14.45540831]
[17.03100004],[4.29971028e-07],1301,-25,[14.45540831]
[17.03100005],[4.23201058e-07],1301,-25,[14.45540831]
[17.03100005],[4.16537687e-07],1301,-25,[14.45540831]
[17.03100005],[4.09979233e-07],1301,-25,[14.45540831]
[17.03100006],[4.03524039e-07],1301,-25,[14.45540831]
[17.03100006],[3.97170474e-07],1301,-25,[14.45540831]
[17.03100007],[3.90916961e-07],1301,-25,[14.45540831]
[17.03100007],[3.84761901e-07],1301,-25,[14.45540831]
[17.03100007],[3.78703762e-07],1301,-25,[14.45540831]
[17.03100008],[3.72741005e-07],1301,-25,[14.45540831]
[17.03100008],[3.66872136e-07],1301,-25,[14.45540831]
[17.03100008],[3.61095675e-07],1301,-25,[14.45540831]
[17.03100009],[3.5541016e-07],1301,-25,[14.45540831]
[17.03100009],[3.49814165e-07],1301,-25,[14.45540831]
[17.0310001],[3.44306274e-07],1301,-25,[14.45540831]
[17.0310001],[3.38885114e-07],1301,-25,[14.45540831]
[17.0310001],[3.33549318e-07],1301,-25,[14.45540831]
[17.03100011],[3.28297524e-07],1301,-25,[14.45540831]
[17.03100011],[3.23128425e-07],1301,-25,[14.45540831]
[17.03100011],[3.180407e-07],1301,-25,[14.45540831]
[17.03100011],[3.13033099e-07],1301,-25,[14.45540831]
[17.03100012],[3.08104336e-07],1301,-25,[14.45540831]
[17.03100012],[3.0325318e-07],1301,-25,[14.45540831]
[17.03100012],[2.98478407e-07],1301,-25,[14.45540831]
[17.03100013],[2.93778807e-07],1301,-25,[14.45540831]
[17.03100013],[2.89153211e-07],1301,-25,[14.45540831]
[17.03100013],[2.84600435e-07],1301,-25,[14.45540831]
[17.03100014],[2.80119356e-07],1301,-25,[14.45540831]
[17.03100014],[2.75708824e-07],1301,-25,[14.45540831]
[17.03100014],[2.71367742e-07],1301,-25,[14.45540831]
[17.03100014],[2.67095008e-07],1301,-25,[14.45540831]
[17.03100015],[2.62889553e-07],1301,-25,[14.45540831]
[17.03100015],[2.58750305e-07],1301,-25,[14.45540831]
[17.03100015],[2.54676238e-07],1301,-25,[14.45540831]
[17.03100015],[2.50666319e-07],1301,-25,[14.45540831]
[17.03100016],[2.46719538e-07],1301,-25,[14.45540831]
[17.03100016],[2.42834903e-07],1301,-25,[14.45540831]
[17.03100016],[2.39011412e-07],1301,-25,[14.45540831]
[17.03100016],[2.35248147e-07],1301,-25,[14.45540831]
[17.03100017],[2.31544121e-07],1301,-25,[14.45540831]
[17.03100017],[2.27898423e-07],1301,-25,[14.45540831]
[17.03100017],[2.24310119e-07],1301,-25,[14.45540831]
[17.03100017],[2.20778315e-07],1301,-25,[14.45540831]
[17.03100018],[2.1730212e-07],1301,-25,[14.45540831]
[17.03100018],[2.13880656e-07],1301,-25,[14.45540831]
[17.03100018],[2.10513063e-07],1301,-25,[14.45540831]
[17.03100018],[2.07198504e-07],1301,-25,[14.45540831]
[17.03100018],[2.03936123e-07],1301,-25,[14.45540831]
[17.03100019],[2.00725123e-07],1301,-25,[14.45540831]
[17.03100019],[1.97564666e-07],1301,-25,[14.45540831]
[17.03100019],[1.94453983e-07],1301,-25,[14.45540831]
[17.03100019],[1.91392262e-07],1301,-25,[14.45540831]
[17.03100019],[1.88378755e-07],1301,-25,[14.45540831]
[17.0310002],[1.85412706e-07],1301,-25,[14.45540831]
[17.0310002],[1.82493352e-07],1301,-25,[14.45540831]
[17.0310002],[1.7961996e-07],1301,-25,[14.45540831]
[17.0310002],[1.76791814e-07],1301,-25,[14.45540831]
[17.0310002],[1.74008198e-07],1301,-25,[14.45540831]
[17.0310002],[1.71268405e-07],1301,-25,[14.45540831]
[17.03100021],[1.68571764e-07],1301,-25,[14.45540831]
[17.03100021],[1.65917564e-07],1301,-25,[14.45540831]
[17.03100021],[1.63305168e-07],1301,-25,[14.45540831]
[17.03100021],[1.60733892e-07],1301,-25,[14.45540831]
[17.03100021],[1.5820311e-07],1301,-25,[14.45540831]
[17.03100021],[1.55712166e-07],1301,-25,[14.45540831]
[17.03100022],[1.5326046e-07],1301,-25,[14.45540831]
[17.03100022],[1.50847342e-07],1301,-25,[14.45540831]
[17.03100022],[1.48472222e-07],1301,-25,[14.45540831]
[17.03100022],[1.46134506e-07],1301,-25,[14.45540831]
[17.03100022],[1.43833594e-07],1301,-25,[14.45540831]
[17.03100022],[1.41568901e-07],1301,-25,[14.45540831]
[17.03100022],[1.39339878e-07],1301,-25,[14.45540831]
[17.03100023],[1.37145942e-07],1301,-25,[14.45540831]
[17.03100023],[1.34986552e-07],1301,-25,[14.45540831]
[17.03100023],[1.32861171e-07],1301,-25,[14.45540831]
[17.03100023],[1.30769249e-07],1301,-25,[14.45540831]
[17.03100023],[1.28710263e-07],1301,-25,[14.45540831]
[17.03100023],[1.266837e-07],1301,-25,[14.45540831]
[17.03100023],[1.24689045e-07],1301,-25,[14.45540831]
[17.03100023],[1.22725797e-07],1301,-25,[14.45540831]
[17.03100024],[1.20793451e-07],1301,-25,[14.45540831]
[17.03100024],[1.18891546e-07],1301,-25,[14.45540831]
[17.03100024],[1.17019568e-07],1301,-25,[14.45540831]
[17.03100024],[1.1517708e-07],1301,-25,[14.45540831]
[17.03100024],[1.13363593e-07],1301,-25,[14.45540831]
[17.03100024],[1.11578661e-07],1301,-25,[14.45540831]
[17.03100024],[1.09821841e-07],1301,-25,[14.45540831]
[17.03100024],[1.08092682e-07],1301,-25,[14.45540831]
[17.03100025],[1.06390735e-07],1301,-25,[14.45540831]
[17.03100025],[1.047156e-07],1301,-25,[14.45540831]
[17.03100025],[1.03066833e-07],1301,-25,[14.45540831]
[17.03100025],[1.01444029e-07],1301,-25,[14.45540831]
[17.03100025],[9.98467706e-08],1301,-25,[14.45540831]
[17.03100025],[9.82746715e-08],1301,-25,[14.45540831]
[17.03100025],[9.67273153e-08],1301,-25,[14.45540831]
[17.03100025],[9.52043249e-08],1301,-25,[14.45540831]
[17.03100025],[9.37053253e-08],1301,-25,[14.45540831]
[17.03100025],[9.22299095e-08],1301,-25,[14.45540831]
[17.03100025],[9.07777264e-08],1301,-25,[14.45540831]
[17.03100026],[8.93484104e-08],1301,-25,[14.45540831]
[17.03100026],[8.79416058e-08],1301,-25,[14.45540831]
[17.03100026],[8.65569514e-08],1301,-25,[14.45540831]
[17.03100026],[8.51940869e-08],1301,-25,[14.45540831]
[17.03100026],[8.38526966e-08],1301,-25,[14.45540831]
[17.03100026],[8.25324198e-08],1301,-25,[14.45540831]
[17.03100026],[8.12329364e-08],1301,-25,[14.45540831]
[17.03100026],[7.99539106e-08],1301,-25,[14.45540831]
[17.03100026],[7.86950278e-08],1301,-25,[14.45540831]
[17.03100026],[7.74559574e-08],1301,-25,[14.45540831]
[17.03100026],[7.62363992e-08],1301,-25,[14.45540831]
[17.03100026],[7.50360438e-08],1301,-25,[14.45540831]
[17.03100027],[7.38545858e-08],1301,-25,[14.45540831]
[17.03100027],[7.26917304e-08],1301,-25,[14.45540831]
[17.03100027],[7.15471877e-08],1301,-25,[14.45540831]
[17.03100027],[7.04206584e-08],1301,-25,[14.45540831]
[17.03100027],[6.93118778e-08],1301,-25,[14.45540831]
[17.03100027],[6.82205461e-08],1301,-25,[14.45540831]
[17.03100027],[6.71464042e-08],1301,-25,[14.45540831]
[17.03100027],[6.60891724e-08],1301,-25,[14.45540831]
[17.03100027],[6.5048581e-08],1301,-25,[14.45540831]
[17.03100027],[6.40243869e-08],1301,-25,[14.45540831]
[17.03100027],[6.30163097e-08],1301,-25,[14.45540831]
[17.03100027],[6.20241059e-08],1301,-25,[14.45540831]
[17.03100027],[6.10475261e-08],1301,-25,[14.45540831]
[17.03100027],[6.00863219e-08],1301,-25,[14.45540831]
[17.03100027],[5.91402485e-08],1301,-25,[14.45540831]
[17.03100028],[5.82090727e-08],1301,-25,[14.45540831]
[17.03100028],[5.72925605e-08],1301,-25,[14.45540831]
[17.03100028],[5.63904829e-08],1301,-25,[14.45540831]
[17.03100028],[5.55026016e-08],1301,-25,[14.45540831]
[17.03100028],[5.46286976e-08],1301,-25,[14.45540831]
[17.03100028],[5.37685576e-08],1301,-25,[14.45540831]
[17.03100028],[5.2921963e-08],1301,-25,[14.45540831]
[17.03100028],[5.20887e-08],1301,-25,[14.45540831]
[17.03100028],[5.12685507e-08],1301,-25,[14.45540831]
[17.03100028],[5.04613167e-08],1301,-25,[14.45540831]
[17.03100028],[4.9666794e-08],1301,-25,[14.45540831]
[17.03100028],[4.88847853e-08],1301,-25,[14.45540831]
[17.03100028],[4.81150817e-08],1301,-25,[14.45540831]
[17.03100028],[4.73574953e-08],1301,-25,[14.45540831]
[17.03100028],[4.66118479e-08],1301,-25,[14.45540831]
[17.03100028],[4.58779368e-08],1301,-25,[14.45540831]
[17.03100028],[4.51555733e-08],1301,-25,[14.45540831]
[17.03100028],[4.44445902e-08],1301,-25,[14.45540831]
[17.03100028],[4.37448042e-08],1301,-25,[14.45540831]
[17.03100028],[4.30560376e-08],1301,-25,[14.45540831]
[17.03100029],[4.23781072e-08],1301,-25,[14.45540831]
[17.03100029],[4.17108657e-08],1301,-25,[14.45540831]
[17.03100029],[4.1054115e-08],1301,-25,[14.45540831]
[17.03100029],[4.04077123e-08],1301,-25,[14.45540831]
[17.03100029],[3.97714908e-08],1301,-25,[14.45540831]
[17.03100029],[3.91452768e-08],1301,-25,[14.45540831]
[17.03100029],[3.85289283e-08],1301,-25,[14.45540831]
[17.03100029],[3.79222829e-08],1301,-25,[14.45540831]
[17.03100029],[3.73251927e-08],1301,-25,[14.45540831]
[17.03100029],[3.67375006e-08],1301,-25,[14.45540831]
[17.03100029],[3.61590742e-08],1301,-25,[14.45540831]
[17.03100029],[3.55897409e-08],1301,-25,[14.45540831]
[17.03100029],[3.50293732e-08],1301,-25,[14.45540831]
[17.03100029],[3.44778244e-08],1301,-25,[14.45540831]
[17.03100029],[3.39349715e-08],1301,-25,[14.45540831]
[17.03100029],[3.34006527e-08],1301,-25,[14.45540831]
[17.03100029],[3.2874756e-08],1301,-25,[14.45540831]
[17.03100029],[3.2357139e-08],1301,-25,[14.45540831]
[17.03100029],[3.18476698e-08],1301,-25,[14.45540831]
[17.03100029],[3.13462261e-08],1301,-25,[14.45540831]
[17.03100029],[3.08526706e-08],1301,-25,[14.45540831]
[17.03100029],[3.03668963e-08],1301,-25,[14.45540831]
[17.03100029],[2.98887619e-08],1301,-25,[14.45540831]
[17.03100029],[2.94181548e-08],1301,-25,[14.45540831]
[17.03100029],[2.89549582e-08],1301,-25,[14.45540831]
[17.03100029],[2.84990604e-08],1301,-25,[14.45540831]
[17.03100029],[2.80503345e-08],1301,-25,[14.45540831]
[17.03100029],[2.76086782e-08],1301,-25,[14.45540831]
[17.03100029],[2.71739753e-08],1301,-25,[14.45540831]
[17.0310003],[2.67461189e-08],1301,-25,[14.45540831]
[17.0310003],[2.63249917e-08],1301,-25,[14.45540831]
[17.0310003],[2.59105029e-08],1301,-25,[14.45540831]
[17.0310003],[2.55025299e-08],1301,-25,[14.45540831]
[17.0310003],[2.51009915e-08],1301,-25,[14.45540831]
[17.0310003],[2.4705771e-08],1301,-25,[14.45540831]
[17.0310003],[2.43167768e-08],1301,-25,[14.45540831]
[17.0310003],[2.39339022e-08],1301,-25,[14.45540831]
[17.0310003],[2.3557071e-08],1301,-25,[14.45540831]
[17.0310003],[2.31861559e-08],1301,-25,[14.45540831]
[17.0310003],[2.28210859e-08],1301,-25,[14.45540831]
[17.0310003],[2.24617644e-08],1301,-25,[14.45540831]
[17.0310003],[2.21080949e-08],1301,-25,[14.45540831]
[17.0310003],[2.17600014e-08],1301,-25,[14.45540831]
[17.0310003],[2.14173868e-08],1301,-25,[14.45540831]
[17.0310003],[2.10801701e-08],1301,-25,[14.45540831]
[17.0310003],[2.07482491e-08],1301,-25,[14.45540831]
[17.0310003],[2.04215691e-08],1301,-25,[14.45540831]
[17.0310003],[2.01000223e-08],1301,-25,[14.45540831]
[17.0310003],[1.9783543e-08],1301,-25,[14.45540831]
[17.0310003],[1.94720549e-08],1301,-25,[14.45540831]
[17.0310003],[1.91654612e-08],1301,-25,[14.45540831]
[17.0310003],[1.88636964e-08],1301,-25,[14.45540831]
[17.0310003],[1.85666837e-08],1301,-25,[14.45540831]
[17.0310003],[1.82743471e-08],1301,-25,[14.45540831]
[17.0310003],[1.79866155e-08],1301,-25,[14.45540831]
[17.0310003],[1.77034127e-08],1301,-25,[14.45540831]
[17.0310003],[1.74246675e-08],1301,-25,[14.45540831]
[17.0310003],[1.71503134e-08],1301,-25,[14.45540831]
[17.0310003],[1.68802798e-08],1301,-25,[14.45540831]
[17.0310003],[1.66144902e-08],1301,-25,[14.45540831]
[17.0310003],[1.63528988e-08],1301,-25,[14.45540831]
[17.0310003],[1.60954194e-08],1301,-25,[14.45540831]
[17.0310003],[1.58419964e-08],1301,-25,[14.45540831]
[17.0310003],[1.55925626e-08],1301,-25,[14.45540831]
[17.0310003],[1.53470532e-08],1301,-25,[14.45540831]
[17.0310003],[1.51054063e-08],1301,-25,[14.45540831]
[17.0310003],[1.48675616e-08],1301,-25,[14.45540831]
[17.0310003],[1.4633478e-08],1301,-25,[14.45540831]
[17.0310003],[1.44030636e-08],1301,-25,[14.45540831]
[17.0310003],[1.4176289e-08],1301,-25,[14.45540831]
[17.0310003],[1.39530822e-08],1301,-25,[14.45540831]
[17.0310003],[1.37333878e-08],1301,-25,[14.45540831]
[17.0310003],[1.35171496e-08],1301,-25,[14.45540831]
[17.0310003],[1.33043214e-08],1301,-25,[14.45540831]
[17.0310003],[1.30948379e-08],1301,-25,[14.45540831]
[17.0310003],[1.28886584e-08],1301,-25,[14.45540831]
[17.0310003],[1.26857316e-08],1301,-25,[14.45540831]
[17.0310003],[1.24859916e-08],1301,-25,[14.45540831]
[17.0310003],[1.22893979e-08],1301,-25,[14.45540831]
[17.0310003],[1.20958998e-08],1301,-25,[14.45540831]
[17.0310003],[1.19054457e-08],1301,-25,[14.45540831]
[17.0310003],[1.17179959e-08],1301,-25,[14.45540831]
[17.0310003],[1.1533499e-08],1301,-25,[14.45540831]
[17.0310003],[1.1351899e-08],1301,-25,[14.45540831]
[17.0310003],[1.1173156e-08],1301,-25,[14.45540831]
[17.03100031],[1.09972336e-08],1301,-25,[14.45540831]
[17.03100031],[1.0824071e-08],1301,-25,[14.45540831]
[17.03100031],[1.06536533e-08],1301,-25,[14.45540831]
[17.03100031],[1.04859088e-08],1301,-25,[14.45540831]
[17.03100031],[1.03208024e-08],1301,-25,[14.45540831]
[17.03100031],[1.01583035e-08],1301,-25,[14.45540831]
[17.03100031],[9.99836103e-09],1301,-25,[14.45540831]
[17.03100031],[9.84092963e-09],1301,-25,[14.45540831]
[17.03100031],[9.68598357e-09],1301,-25,[14.45540831]
[17.03100031],[9.53347712e-09],1301,-25,[14.45540831]
[17.03100031],[9.38336453e-09],1301,-25,[14.45540831]
[17.03100031],[9.23563093e-09],1301,-25,[14.45540831]
[17.03100031],[9.09020459e-09],1301,-25,[14.45540831]
[17.03100031],[8.94708108e-09],1301,-25,[14.45540831]
[17.03100031],[8.80620399e-09],1301,-25,[14.45540831]
[17.03100031],[8.6675529e-09],1301,-25,[14.45540831]
[17.03100031],[8.53107718e-09],1301,-25,[14.45540831]
[17.03100031],[8.39675685e-09],1301,-25,[14.45540831]
[17.03100031],[8.26455593e-09],1301,-25,[14.45540831]
[17.03100031],[8.13442869e-09],1301,-25,[14.45540831]
[17.03100031],[8.0063447e-09],1301,-25,[14.45540831]
[17.03100031],[7.88027843e-09],1301,-25,[14.45540831]
[17.03100031],[7.75620457e-09],1301,-25,[14.45540831]
[17.03100031],[7.63407759e-09],1301,-25,[14.45540831]
[17.03100031],[7.51387663e-09],1301,-25,[14.45540831]
[17.03100031],[7.39557682e-09],1301,-25,[14.45540831]
[17.03100031],[7.2791273e-09],1301,-25,[14.45540831]
[17.03100031],[7.16451232e-09],1301,-25,[14.45540831]
[17.03100031],[7.0517121e-09],1301,-25,[14.45540831]
[17.03100031],[6.9406807e-09],1301,-25,[14.45540831]
[17.03100031],[6.83140255e-09],1301,-25,[14.45540831]
[17.03100031],[6.72382705e-09],1301,-25,[14.45540831]
[17.03100031],[6.61796484e-09],1301,-25,[14.45540831]
[17.03100031],[6.51376419e-09],1301,-25,[14.45540831]
[17.03100031],[6.41120557e-09],1301,-25,[14.45540831]
[17.03100031],[6.31025832e-09],1301,-25,[14.45540831]
[17.03100031],[6.21089646e-09],1301,-25,[14.45540831]
[17.03100031],[6.11310536e-09],1301,-25,[14.45540831]
[17.03100031],[6.01684924e-09],1301,-25,[14.45540831]
[17.03100031],[5.92212279e-09],1301,-25,[14.45540831]
[17.03100031],[5.82886561e-09],1301,-25,[14.45540831]
[17.03100031],[5.73709213e-09],1301,-25,[14.45540831]
[17.03100031],[5.64676239e-09],1301,-25,[14.45540831]
[17.03100031],[5.55785618e-09],1301,-25,[14.45540831]
[17.03100031],[5.47034729e-09],1301,-25,[14.45540831]
[17.03100031],[5.38421063e-09],1301,-25,[14.45540831]
[17.03100031],[5.29942623e-09],1301,-25,[14.45540831]
[17.03100031],[5.21598831e-09],1301,-25,[14.45540831]
[17.03100031],[5.13386733e-09],1301,-25,[14.45540831]
[17.03100031],[5.05303199e-09],1301,-25,[14.45540831]
[17.03100031],[4.97347274e-09],1301,-25,[14.45540831]
[17.03100031],[4.8951585e-09],1301,-25,[14.45540831]
[17.03100031],[4.8180897e-09],1301,-25,[14.45540831]
[17.03100031],[4.74222528e-09],1301,-25,[14.45540831]
[17.03100031],[4.66756034e-09],1301,-25,[14.45540831]
[17.03100031],[4.59406957e-09],1301,-25,[14.45540831]
[17.03100031],[4.52173765e-09],1301,-25,[14.45540831]
[17.03100031],[4.45053394e-09],1301,-25,[14.45540831]
[17.03100031],[4.38045911e-09],1301,-25,[14.45540831]
[17.03100031],[4.31148672e-09],1301,-25,[14.45540831]
[17.03100031],[4.24360214e-09],1301,-25,[14.45540831]
[17.03100031],[4.17677981e-09],1301,-25,[14.45540831]
[17.03100031],[4.11101486e-09],1301,-25,[14.45540831]
[17.03100031],[4.04628664e-09],1301,-25,[14.45540831]
[17.03100031],[3.98257494e-09],1301,-25,[14.45540831]
[17.03100031],[3.91986466e-09],1301,-25,[14.45540831]
[17.03100031],[3.85814536e-09],1301,-25,[14.45540831]
[17.03100031],[3.79740195e-09],1301,-25,[14.45540831]
[17.03100031],[3.73761444e-09],1301,-25,[14.45540831]
[17.03100031],[3.67876685e-09],1301,-25,[14.45540831]
[17.03100031],[3.62084451e-09],1301,-25,[14.45540831]
[17.03100031],[3.5638319e-09],1301,-25,[14.45540831]
[17.03100031],[3.50770879e-09],1301,-25,[14.45540831]
[17.03100031],[3.45248541e-09],1301,-25,[14.45540831]
[17.03100031],[3.39812578e-09],1301,-25,[14.45540831]
[17.03100031],[3.34462524e-09],1301,-25,[14.45540831]
[17.03100031],[3.29196337e-09],1301,-25,[14.45540831]
[17.03100031],[3.24012994e-09],1301,-25,[14.45540831]
[17.03100031],[3.18911475e-09],1301,-25,[14.45540831]
[17.03100031],[3.1388927e-09],1301,-25,[14.45540831]
[17.03100031],[3.08947357e-09],1301,-25,[14.45540831]
[17.03100031],[3.04082204e-09],1301,-25,[14.45540831]
[17.03100031],[2.99294789e-09],1301,-25,[14.45540831]
[17.03100031],[2.94582647e-09],1301,-25,[14.45540831]
[17.03100031],[2.89944158e-09],1301,-25,[14.45540831]
[17.03100031],[2.85379387e-09],1301,-25,[14.45540831]
[17.03100031],[2.8088627e-09],1301,-25,[14.45540831]
[17.03100031],[2.7646383e-09],1301,-25,[14.45540831]
[17.03100031],[2.72110001e-09],1301,-25,[14.45540831]
[17.03100031],[2.67825784e-09],1301,-25,[14.45540831]
[17.03100031],[2.63608646e-09],1301,-25,[14.45540831]
[17.03100031],[2.59458122e-09],1301,-25,[14.45540831]
[17.03100031],[2.55372656e-09],1301,-25,[14.45540831]
[17.03100031],[2.51351762e-09],1301,-25,[14.45540831]
[17.03100031],[2.47393817e-09],1301,-25,[14.45540831]
[17.03100031],[2.43498466e-09],1301,-25,[14.45540831]
[17.03100031],[2.39664577e-09],1301,-25,[14.45540831]
[17.03100031],[2.35891706e-09],1301,-25,[14.45540831]
[17.03100031],[2.32177255e-09],1301,-25,[14.45540831]
[17.03100031],[2.28521779e-09],1301,-25,[14.45540831]
[17.03100031],[2.24922725e-09],1301,-25,[14.45540831]
[17.03100031],[2.2138209e-09],1301,-25,[14.45540831]
[17.03100031],[2.17895901e-09],1301,-25,[14.45540831]
[17.03100031],[2.1446509e-09],1301,-25,[14.45540831]
[17.03100031],[2.11088103e-09],1301,-25,[14.45540831]
[17.03100031],[2.0776556e-09],1301,-25,[14.45540831]
[17.03100031],[2.04493311e-09],1301,-25,[14.45540831]
[17.03100031],[2.0127342e-09],1301,-25,[14.45540831]
[17.03100031],[1.98104866e-09],1301,-25,[14.45540831]
[17.03100031],[1.94985628e-09],1301,-25,[14.45540831]
[17.03100031],[1.91915173e-09],1301,-25,[14.45540831]
[17.03100031],[1.88894034e-09],1301,-25,[14.45540831]
[17.03100031],[1.85919635e-09],1301,-25,[14.45540831]
[17.03100031],[1.82992466e-09],1301,-25,[14.45540831]
[17.03100031],[1.80110615e-09],1301,-25,[14.45540831]
[17.03100031],[1.77275483e-09],1301,-25,[14.45540831]
[17.03100031],[1.74483006e-09],1301,-25,[14.45540831]
[17.03100031],[1.71736336e-09],1301,-25,[14.45540831]
[17.03100031],[1.69031833e-09],1301,-25,[14.45540831]
[17.03100031],[1.6637054e-09],1301,-25,[14.45540831]
[17.03100031],[1.63750924e-09],1301,-25,[14.45540831]
[17.03100031],[1.61172986e-09],1301,-25,[14.45540831]
[17.03100031],[1.58635194e-09],1301,-25,[14.45540831]
[17.03100031],[1.56138058e-09],1301,-25,[14.45540831]
[17.03100031],[1.53679047e-09],1301,-25,[14.45540831]
[17.03100031],[1.51259671e-09],1301,-25,[14.45540831]
[17.03100031],[1.48877932e-09],1301,-25,[14.45540831]
[17.03100031],[1.46534296e-09],1301,-25,[14.45540831]
[17.03100031],[1.44227252e-09],1301,-25,[14.45540831]
[17.03100031],[1.41956802e-09],1301,-25,[14.45540831]
[17.03100031],[1.39721434e-09],1301,-25,[14.45540831]
[17.03100031],[1.37521639e-09],1301,-25,[14.45540831]
[17.03100031],[1.35356415e-09],1301,-25,[14.45540831]
[17.03100031],[1.33225253e-09],1301,-25,[14.45540831]
[17.03100031],[1.31127109e-09],1301,-25,[14.45540831]
[17.03100031],[1.29062006e-09],1301,-25,[14.45540831]
[17.03100031],[1.27029942e-09],1301,-25,[14.45540831]
[17.03100031],[1.25029875e-09],1301,-25,[14.45540831]
[17.03100031],[1.23061361e-09],1301,-25,[14.45540831]
[17.03100031],[1.21123334e-09],1301,-25,[14.45540831]
[17.03100031],[1.19216303e-09],1301,-25,[14.45540831]
[17.03100031],[1.17339782e-09],1301,-25,[14.45540831]
[17.03100031],[1.15492238e-09],1301,-25,[14.45540831]
[17.03100031],[1.13674137e-09],1301,-25,[14.45540831]
[17.03100031],[1.11884013e-09],1301,-25,[14.45540831]
[17.03100031],[1.10121823e-09],1301,-25,[14.45540831]
[17.03100031],[1.08388143e-09],1301,-25,[14.45540831]
[17.03100031],[1.06681863e-09],1301,-25,[14.45540831]
[17.03100031],[1.05002518e-09],1301,-25,[14.45540831]
[17.03100031],[1.0334964e-09],1301,-25,[14.45540831]
[17.03100031],[1.01722186e-09],1301,-25,[14.45540831]
[17.03100031],[1.00120068e-09],1301,-25,[14.45540831]
[17.03100031],[9.85434623e-10],1301,-25,[14.45540831]
[17.03100031],[9.69922143e-10],1301,-25,[14.45540831]
[17.03100031],[9.54653467e-10],1301,-25,[14.45540831]
[17.03100031],[9.39618827e-10],1301,-25,[14.45540831]
[17.03100031],[9.24818e-10],1301,-25,[14.45540831]
[17.03100031],[9.10261422e-10],1301,-25,[14.45540831]
[17.03100031],[8.95918006e-10],1301,-25,[14.45540831]
[17.03100031],[8.81818396e-10],1301,-25,[14.45540831]
[17.03100031],[8.67937722e-10],1301,-25,[14.45540831]
[17.03100031],[8.54264881e-10],1301,-25,[14.45540831]
[17.03100031],[8.40811198e-10],1301,-25,[14.45540831]
[17.03100031],[8.27580893e-10],1301,-25,[14.45540831]
[17.03100031],[8.14549095e-10],1301,-25,[14.45540831]
[17.03100031],[8.01720246e-10],1301,-25,[14.45540831]
[17.03100031],[7.89105004e-10],1301,-25,[14.45540831]
[17.03100031],[7.76677833e-10],1301,-25,[14.45540831]
[17.03100031],[7.6444362e-10],1301,-25,[14.45540831]
[17.03100031],[7.52413021e-10],1301,-25,[14.45540831]
[17.03100031],[7.40565165e-10],1301,-25,[14.45540831]
[17.03100031],[7.2890538e-10],1301,-25,[14.45540831]
[17.03100031],[7.17423454e-10],1301,-25,[14.45540831]
[17.03100031],[7.06124714e-10],1301,-25,[14.45540831]
[17.03100031],[6.95008939e-10],1301,-25,[14.45540831]
[17.03100031],[6.84060808e-10],1301,-25,[14.45540831]
[17.03100031],[6.73295864e-10],1301,-25,[14.45540831]
[17.03100031],[6.62693456e-10],1301,-25,[14.45540831]
[17.03100031],[6.52258469e-10],1301,-25,[14.45540831]
[17.03100031],[6.41986242e-10],1301,-25,[14.45540831]
[17.03100031],[6.3188188e-10],1301,-25,[14.45540831]
[17.03100031],[6.2193517e-10],1301,-25,[14.45540831]
[17.03100031],[6.12150775e-10],1301,-25,[14.45540831]
[17.03100031],[6.02514039e-10],1301,-25,[14.45540831]
[17.03100031],[5.93019411e-10],1301,-25,[14.45540831]
[17.03100031],[5.83682658e-10],1301,-25,[14.45540831]
[17.03100031],[5.74488235e-10],1301,-25,[14.45540831]
[17.03100031],[5.65446134e-10],1301,-25,[14.45540831]
[17.03100031],[5.56530599e-10],1301,-25,[14.45540831]
[17.03100031],[5.47768497e-10],1301,-25,[14.45540831]
[17.03100031],[5.39137845e-10],1301,-25,[14.45540831]
[17.03100031],[5.30654631e-10],1301,-25,[14.45540831]
[17.03100031],[5.22298871e-10],1301,-25,[14.45540831]
[17.03100031],[5.14075227e-10],1301,-25,[14.45540831]
[17.03100031],[5.05983255e-10],1301,-25,[14.45540831]
[17.03100031],[4.98024066e-10],1301,-25,[14.45540831]
[17.03100031],[4.90186336e-10],1301,-25,[14.45540831]
[17.03100031],[4.82460738e-10],1301,-25,[14.45540831]
[17.03100031],[4.74867257e-10],1301,-25,[14.45540831]
[17.03100031],[4.67390349e-10],1301,-25,[14.45540831]
[17.03100031],[4.60040672e-10],1301,-25,[14.45540831]
[17.03100031],[4.52792914e-10],1301,-25,[14.45540831]
[17.03100031],[4.4566173e-10],1301,-25,[14.45540831]
[17.03100031],[4.386429e-10],1301,-25,[14.45540831]
[17.03100031],[4.31730207e-10],1301,-25,[14.45540831]
[17.03100031],[4.24934754e-10],1301,-25,[14.45540831]
[17.03100031],[4.18235668e-10],1301,-25,[14.45540831]
[17.03100031],[4.116536e-10],1301,-25,[14.45540831]
[17.03100031],[4.05167899e-10],1301,-25,[14.45540831]
[17.03100031],[3.98789224e-10],1301,-25,[14.45540831]
[17.03100031],[3.92512245e-10],1301,-25,[14.45540831]
[17.03100031],[3.86331633e-10],1301,-25,[14.45540831]
[17.03100031],[3.80247389e-10],1301,-25,[14.45540831]
[17.03100031],[3.74250186e-10],1301,-25,[14.45540831]
[17.03100031],[3.68359121e-10],1301,-25,[14.45540831]
[17.03100031],[3.62554875e-10],1301,-25,[14.45540831]
[17.03100031],[3.56846774e-10],1301,-25,[14.45540831]
[17.03100031],[3.51235707e-10],1301,-25,[14.45540831]
[17.03100031],[3.45705464e-10],1301,-25,[14.45540831]
[17.03100031],[3.40261819e-10],1301,-25,[14.45540831]
[17.03100031],[3.34899442e-10],1301,-25,[14.45540831]
[17.03100031],[3.29634098e-10],1301,-25,[14.45540831]
[17.03100031],[3.244498e-10],1301,-25,[14.45540831]
[17.03100031],[3.19341664e-10],1301,-25,[14.45540831]
[17.03100031],[3.14315018e-10],1301,-25,[14.45540831]
[17.03100031],[3.09374304e-10],1301,-25,[14.45540831]
[17.03100031],[3.04505088e-10],1301,-25,[14.45540831]
[17.03100031],[2.9970737e-10],1301,-25,[14.45540831]
[17.03100031],[2.94985369e-10],1301,-25,[14.45540831]
[17.03100031],[2.90339752e-10],1301,-25,[14.45540831]
[17.03100031],[2.85770518e-10],1301,-25,[14.45540831]
[17.03100031],[2.8126701e-10],1301,-25,[14.45540831]
[17.03100031],[2.76840106e-10],1301,-25,[14.45540831]
[17.03100031],[2.7247915e-10],1301,-25,[14.45540831]
[17.03100031],[2.68184364e-10],1301,-25,[14.45540831]
[17.03100031],[2.63965738e-10],1301,-25,[14.45540831]
[17.03100031],[2.59807953e-10],1301,-25,[14.45540831]
[17.03100031],[2.55716337e-10],1301,-25,[14.45540831]
[17.03100031],[2.51686005e-10],1301,-25,[14.45540831]
[17.03100031],[2.4771607e-10],1301,-25,[14.45540831]
[17.03100031],[2.4382274e-10],1301,-25,[14.45540831]
[17.03100031],[2.39975373e-10],1301,-25,[14.45540831]
[17.03100031],[2.36198838e-10],1301,-25,[14.45540831]
[17.03100031],[2.32478259e-10],1301,-25,[14.45540831]
[17.03100031],[2.28818742e-10],1301,-25,[14.45540831]
[17.03100031],[2.25214958e-10],1301,-25,[14.45540831]
[17.03100031],[2.21672458e-10],1301,-25,[14.45540831]
[17.03100031],[2.18175478e-10],1301,-25,[14.45540831]
[17.03100031],[2.14744666e-10],1301,-25,[14.45540831]
[17.03100031],[2.11359596e-10],1301,-25,[14.45540831]
[17.03100031],[2.0803026e-10],1301,-25,[14.45540831]
[17.03100031],[2.04757322e-10],1301,-25,[14.45540831]
[17.03100031],[2.01524797e-10],1301,-25,[14.45540831]
[17.03100031],[1.98357997e-10],1301,-25,[14.45540831]
[17.03100031],[1.95232497e-10],1301,-25,[14.45540831]
[17.03100031],[1.92162286e-10],1301,-25,[14.45540831]
[17.03100031],[1.89128047e-10],1301,-25,[14.45540831]
[17.03100031],[1.8614954e-10],1301,-25,[14.45540831]
[17.03100031],[1.83221882e-10],1301,-25,[14.45540831]
[17.03100031],[1.80339965e-10],1301,-25,[14.45540831]
[17.03100031],[1.77498904e-10],1301,-25,[14.45540831]
[17.03100031],[1.74703141e-10],1301,-25,[14.45540831]
[17.03100031],[1.71953562e-10],1301,-25,[14.45540831]
[17.03100031],[1.69249503e-10],1301,-25,[14.45540831]
[17.03100031],[1.66591407e-10],1301,-25,[14.45540831]
[17.03100031],[1.63968616e-10],1301,-25,[14.45540831]
[17.03100031],[1.61396674e-10],1301,-25,[14.45540831]
[17.03100031],[1.58855151e-10],1301,-25,[14.45540831]
[17.03100031],[1.56354929e-10],1301,-25,[14.45540831]
[17.03100031],[1.53894675e-10],1301,-25,[14.45540831]
[17.03100031],[1.51475499e-10],1301,-25,[14.45540831]
[17.03100031],[1.49091406e-10],1301,-25,[14.45540831]
[17.03100031],[1.46748391e-10],1301,-25,[14.45540831]
[17.03100031],[1.4443069e-10],1301,-25,[14.45540831]
[17.03100031],[1.42158951e-10],1301,-25,[14.45540831]
[17.03100031],[1.39922518e-10],1301,-25,[14.45540831]
[17.03100031],[1.37716283e-10],1301,-25,[14.45540831]
[17.03100031],[1.35546019e-10],1301,-25,[14.45540831]
[17.03100031],[1.33411504e-10],1301,-25,[14.45540831]
[17.03100031],[1.31312294e-10],1301,-25,[14.45540831]
[17.03100031],[1.29243727e-10],1301,-25,[14.45540831]
[17.03100031],[1.27205579e-10],1301,-25,[14.45540831]
[17.03100031],[1.25202737e-10],1301,-25,[14.45540831]
[17.03100031],[1.23230759e-10],1301,-25,[14.45540831]
[17.03100031],[1.21294086e-10],1301,-25,[14.45540831]
[17.03100031],[1.1938317e-10],1301,-25,[14.45540831]
[17.03100031],[1.17497345e-10],1301,-25,[14.45540831]
[17.03100031],[1.15652599e-10],1301,-25,[14.45540831]
[17.03100031],[1.13832721e-10],1301,-25,[14.45540831]
[17.03100031],[1.12038601e-10],1301,-25,[14.45540831]
[17.03100031],[1.10269793e-10],1301,-25,[14.45540831]
[17.03100031],[1.08531628e-10],1301,-25,[14.45540831]
[17.03100031],[1.06823883e-10],1301,-25,[14.45540831]
[17.03100031],[1.05136344e-10],1301,-25,[14.45540831]
[17.03100031],[1.03484554e-10],1301,-25,[14.45540831]
[17.03100031],[1.01857855e-10],1301,-25,[14.45540831]
[17.03100031],[1.002467e-10],1301,-25,[14.45540831]
[17.03100031],[9.86712934e-11],1301,-25,[14.45540831]
[17.03100031],[9.71158709e-11],1301,-25,[14.45540831]
[17.03100031],[9.55859836e-11],1301,-25,[14.45540831]
[17.03100031],[9.40814093e-11],1301,-25,[14.45540831]
[17.03100031],[9.25972632e-11],1301,-25,[14.45540831]
[17.03100031],[9.11437592e-11],1301,-25,[14.45540831]
[17.03100031],[8.97053543e-11],1301,-25,[14.45540831]
[17.03100031],[8.82871554e-11],1301,-25,[14.45540831]
[17.03100031],[8.68995986e-11],1301,-25,[14.45540831]
[17.03100031],[8.5537355e-11],1301,-25,[14.45540831]
[17.03100031],[8.41855474e-11],1301,-25,[14.45540831]
[17.03100031],[8.28639379e-11],1301,-25,[14.45540831]
[17.03100031],[8.15627565e-11],1301,-25,[14.45540831]
[17.03100031],[8.02717892e-11],1301,-25,[14.45540831]
[17.03100031],[7.9006135e-11],1301,-25,[14.45540831]
[17.03100031],[7.77662379e-11],1301,-25,[14.45540831]
[17.03100031],[7.65358887e-11],1301,-25,[14.45540831]
[17.03100031],[7.53364038e-11],1301,-25,[14.45540831]
[17.03100031],[7.41471329e-11],1301,-25,[14.45540831]
[17.03100031],[7.2978068e-11],1301,-25,[14.45540831]
[17.03100031],[7.18243243e-11],1301,-25,[14.45540831]
[17.03100031],[7.06961156e-11],1301,-25,[14.45540831]
[17.03100031],[6.9588113e-11],1301,-25,[14.45540831]
[17.03100031],[6.84949875e-11],1301,-25,[14.45540831]
[17.03100031],[6.74127421e-11],1301,-25,[14.45540831]
[17.03100031],[6.63555877e-11],1301,-25,[14.45540831]
[17.03100031],[6.53033183e-11],1301,-25,[14.45540831]
[17.03100031],[6.4276362e-11],1301,-25,[14.45540831]
[17.03100031],[6.32598418e-11],1301,-25,[14.45540831]
[17.03100031],[6.22739638e-11],1301,-25,[14.45540831]
[17.03100031],[6.12878637e-11],1301,-25,[14.45540831]
[17.03100031],[6.03219696e-11],1301,-25,[14.45540831]
[17.03100031],[5.93769478e-11],1301,-25,[14.45540831]
[17.03100031],[5.84363669e-11],1301,-25,[14.45540831]
[17.03100031],[5.75166581e-11],1301,-25,[14.45540831]
[17.03100031],[5.66169334e-11],1301,-25,[14.45540831]
[17.03100031],[5.57174307e-11],1301,-25,[14.45540831]
[17.03100031],[5.4843019e-11],1301,-25,[14.45540831]
[17.03100031],[5.39841505e-11],1301,-25,[14.45540831]
[17.03100031],[5.31301669e-11],1301,-25,[14.45540831]
[17.03100031],[5.22966115e-11],1301,-25,[14.45540831]
[17.03100031],[5.14681631e-11],1301,-25,[14.45540831]
[17.03100031],[5.06548137e-11],1301,-25,[14.45540831]
[17.03100031],[4.98618924e-11],1301,-25,[14.45540831]
[17.03100031],[4.90791852e-11],1301,-25,[14.45540831]
[17.03100031],[4.8301585e-11],1301,-25,[14.45540831]
[17.03100031],[4.75444129e-11],1301,-25,[14.45540831]
[17.03100031],[4.67921257e-11],1301,-25,[14.45540831]
[17.03100031],[4.60549376e-11],1301,-25,[14.45540831]
[17.03100031],[4.53284077e-11],1301,-25,[14.45540831]
[17.03100031],[4.46116477e-11],1301,-25,[14.45540831]
[17.03100031],[4.39102088e-11],1301,-25,[14.45540831]
[17.03100031],[4.32187619e-11],1301,-25,[14.45540831]
[17.03100031],[4.25379731e-11],1301,-25,[14.45540831]
[17.03100031],[4.18669543e-11],1301,-25,[14.45540831]
[17.03100031],[4.12010426e-11],1301,-25,[14.45540831]
[17.03100031],[4.05555589e-11],1301,-25,[14.45540831]
[17.03100031],[3.99151823e-11],1301,-25,[14.45540831]
[17.03100031],[3.92847976e-11],1301,-25,[14.45540831]
[17.03100031],[3.86697341e-11],1301,-25,[14.45540831]
[17.03100031],[3.80599996e-11],1301,-25,[14.45540831]
[17.03100031],[3.74651421e-11],1301,-25,[14.45540831]
[17.03100031],[3.68705066e-11],1301,-25,[14.45540831]
[17.03100031],[3.62911923e-11],1301,-25,[14.45540831]
[17.03100031],[3.57218699e-11],1301,-25,[14.45540831]
[17.03100031],[3.51627616e-11],1301,-25,[14.45540831]
[17.03100031],[3.46089823e-11],1301,-25,[14.45540831]
[17.03100031],[3.40649731e-11],1301,-25,[14.45540831]
[17.03100031],[3.35211858e-11],1301,-25,[14.45540831]
[17.03100031],[3.29976046e-11],1301,-25,[14.45540831]
[17.03100031],[3.24793525e-11],1301,-25,[14.45540831]
[17.03100031],[3.19710924e-11],1301,-25,[14.45540831]
[17.03100031],[3.14628323e-11],1301,-25,[14.45540831]
[17.03100031],[3.09694492e-11],1301,-25,[14.45540831]
[17.03100031],[3.04816172e-11],1301,-25,[14.45540831]
[17.03100031],[2.99937852e-11],1301,-25,[14.45540831]
[17.03100031],[2.95261593e-11],1301,-25,[14.45540831]
[17.03100031],[2.90636404e-11],1301,-25,[14.45540831]
[17.03100031],[2.86062285e-11],1301,-25,[14.45540831]
[17.03100031],[2.81590307e-11],1301,-25,[14.45540831]
[17.03100031],[2.77116108e-11],1301,-25,[14.45540831]
[17.03100031],[2.72692979e-11],1301,-25,[14.45540831]
[17.03100031],[2.68423062e-11],1301,-25,[14.45540831]
[17.03100031],[2.64255284e-11],1301,-25,[14.45540831]
[17.03100031],[2.60036437e-11],1301,-25,[14.45540831]
[17.03100031],[2.559708e-11],1301,-25,[14.45540831]
[17.03100031],[2.51956234e-11],1301,-25,[14.45540831]
[17.03100031],[2.47990517e-11],1301,-25,[14.45540831]
[17.03100031],[2.44075871e-11],1301,-25,[14.45540831]
[17.03100031],[2.40165665e-11],1301,-25,[14.45540831]
[17.03100031],[2.364553e-11],1301,-25,[14.45540831]
[17.03100031],[2.32642794e-11],1301,-25,[14.45540831]
[17.03100031],[2.29032349e-11],1301,-25,[14.45540831]
[17.03100031],[2.25424124e-11],1301,-25,[14.45540831]
[17.03100031],[2.21915819e-11],1301,-25,[14.45540831]
[17.03100031],[2.18307594e-11],1301,-25,[14.45540831]
[17.03100031],[2.14954721e-11],1301,-25,[14.45540831]
[17.03100031],[2.11601847e-11],1301,-25,[14.45540831]
[17.03100031],[2.08193462e-11],1301,-25,[14.45540831]
[17.03100031],[2.049938e-11],1301,-25,[14.45540831]
[17.03100031],[2.01740846e-11],1301,-25,[14.45540831]
[17.03100031],[1.98587813e-11],1301,-25,[14.45540831]
[17.03100031],[1.9543922e-11],1301,-25,[14.45540831]
[17.03100031],[1.92337257e-11],1301,-25,[14.45540831]
[17.03100031],[1.89286364e-11],1301,-25,[14.45540831]
[17.03100031],[1.86286542e-11],1301,-25,[14.45540831]
[17.03100031],[1.8334001e-11],1301,-25,[14.45540831]
[17.03100031],[1.80544468e-11],1301,-25,[14.45540831]
[17.03100031],[1.77646786e-11],1301,-25,[14.45540831]
[17.03100031],[1.74902315e-11],1301,-25,[14.45540831]
[17.03100031],[1.72057923e-11],1301,-25,[14.45540831]
[17.03100031],[1.69364522e-11],1301,-25,[14.45540831]
[17.03100031],[1.66719971e-11],1301,-25,[14.45540831]
[17.03100031],[1.6407764e-11],1301,-25,[14.45540831]
[17.03100031],[1.6153745e-11],1301,-25,[14.45540831]
[17.03100031],[1.58943969e-11],1301,-25,[14.45540831]
[17.03100031],[1.56454849e-11],1301,-25,[14.45540831]
[17.03100031],[1.54014579e-11],1301,-25,[14.45540831]
[17.03100031],[1.51574309e-11],1301,-25,[14.45540831]
[17.03100031],[1.49182888e-11],1301,-25,[14.45540831]
[17.03100031],[1.46898049e-11],1301,-25,[14.45540831]
[17.03100031],[1.44557699e-11],1301,-25,[14.45540831]
[17.03100031],[1.4232171e-11],1301,-25,[14.45540831]
[17.03100031],[1.40036871e-11],1301,-25,[14.45540831]
[17.03100031],[1.37849732e-11],1301,-25,[14.45540831]
[17.03100031],[1.35662592e-11],1301,-25,[14.45540831]
[17.03100031],[1.33528744e-11],1301,-25,[14.45540831]
[17.03100031],[1.31494815e-11],1301,-25,[14.45540831]
[17.03100031],[1.29412037e-11],1301,-25,[14.45540831]
[17.03100031],[1.27275968e-11],1301,-25,[14.45540831]
[17.03100031],[1.2539525e-11],1301,-25,[14.45540831]
[17.03100031],[1.23361321e-11],1301,-25,[14.45540831]
[17.03100031],[1.21380683e-11],1301,-25,[14.45540831]
[17.03100031],[1.19551036e-11],1301,-25,[14.45540831]
[17.03100031],[1.17670318e-11],1301,-25,[14.45540831]
[17.03100031],[1.1574075e-11],1301,-25,[14.45540831]
[17.03100031],[1.13962173e-11],1301,-25,[14.45540831]
[17.03100031],[1.12183596e-11],1301,-25,[14.45540831]
[17.03100031],[1.10353948e-11],1301,-25,[14.45540831]
[17.03100031],[1.08624221e-11],1301,-25,[14.45540831]
[17.03100031],[1.06945564e-11],1301,-25,[14.45540831]
[17.03100031],[1.05271347e-11],1301,-25,[14.45540831]
[17.03100031],[1.0359269e-11],1301,-25,[14.45540831]
[17.03100031],[1.01967323e-11],1301,-25,[14.45540831]
[17.03100031],[1.00288666e-11],1301,-25,[14.45540831]
[17.03100031],[9.88142901e-12],1301,-25,[14.45540831]
[17.03100031],[9.72910641e-12],1301,-25,[14.45540831]
[17.03100031],[9.56634771e-12],1301,-25,[14.45540831]
[17.03100031],[9.41913214e-12],1301,-25,[14.45540831]
[17.03100031],[9.27169452e-12],1301,-25,[14.45540831]
[17.03100031],[9.12425691e-12],1301,-25,[14.45540831]
[17.03100031],[8.98170427e-12],1301,-25,[14.45540831]
[17.03100031],[8.84470275e-12],1301,-25,[14.45540831]
[17.03100031],[8.70725714e-12],1301,-25,[14.45540831]
[17.03100031],[8.57003357e-12],1301,-25,[14.45540831]
[17.03100031],[8.42792502e-12],1301,-25,[14.45540831]
[17.03100031],[8.30069347e-12],1301,-25,[14.45540831]
[17.03100031],[8.16857693e-12],1301,-25,[14.45540831]
[17.03100031],[8.03646039e-12],1301,-25,[14.45540831]
[17.03100031],[7.90922883e-12],1301,-25,[14.45540831]
[17.03100031],[7.78732634e-12],1301,-25,[14.45540831]
[17.03100031],[7.66520181e-12],1301,-25,[14.45540831]
[17.03100031],[7.54352136e-12],1301,-25,[14.45540831]
[17.03100031],[7.42650386e-12],1301,-25,[14.45540831]
[17.03100031],[7.30460137e-12],1301,-25,[14.45540831]
[17.03100031],[7.19779791e-12],1301,-25,[14.45540831]
[17.03100031],[7.08100245e-12],1301,-25,[14.45540831]
[17.03100031],[6.974199e-12],1301,-25,[14.45540831]
[17.03100031],[6.85718149e-12],1301,-25,[14.45540831]
[17.03100031],[6.7557071e-12],1301,-25,[14.45540831]
[17.03100031],[6.64379662e-12],1301,-25,[14.45540831]
[17.03100031],[6.54232224e-12],1301,-25,[14.45540831]
[17.03100031],[6.44040377e-12],1301,-25,[14.45540831]
[17.03100031],[6.33915143e-12],1301,-25,[14.45540831]
[17.03100031],[6.23723295e-12],1301,-25,[14.45540831]
[17.03100031],[6.14064355e-12],1301,-25,[14.45540831]
[17.03100031],[6.04405415e-12],1301,-25,[14.45540831]
[17.03100031],[5.94257976e-12],1301,-25,[14.45540831]
[17.03100031],[5.85109738e-12],1301,-25,[14.45540831]
[17.03100031],[5.76472203e-12],1301,-25,[14.45540831]
[17.03100031],[5.67301761e-12],1301,-25,[14.45540831]
[17.03100031],[5.58153523e-12],1301,-25,[14.45540831]
[17.03100031],[5.49515988e-12],1301,-25,[14.45540831]
[17.03100031],[5.40367751e-12],1301,-25,[14.45540831]
[17.03100031],[5.32240918e-12],1301,-25,[14.45540831]
[17.03100031],[5.23603383e-12],1301,-25,[14.45540831]
[17.03100031],[5.15454346e-12],1301,-25,[14.45540831]
[17.03100031],[5.0786042e-12],1301,-25,[14.45540831]
[17.03100031],[4.99711383e-12],1301,-25,[14.45540831]
[17.03100031],[4.92095253e-12],1301,-25,[14.45540831]
[17.03100031],[4.83968421e-12],1301,-25,[14.45540831]
[17.03100031],[4.75308681e-12],1301,-25,[14.45540831]
[17.03100031],[4.67692551e-12],1301,-25,[14.45540831]
[17.03100031],[4.60076421e-12],1301,-25,[14.45540831]
[17.03100031],[4.52438087e-12],1301,-25,[14.45540831]
[17.03100031],[4.45310455e-12],1301,-25,[14.45540831]
[17.03100031],[4.37694325e-12],1301,-25,[14.45540831]
[17.03100031],[4.30588898e-12],1301,-25,[14.45540831]
[17.03100031],[4.23483471e-12],1301,-25,[14.45540831]
[17.03100031],[4.16333634e-12],1301,-25,[14.45540831]
[17.03100031],[4.09738909e-12],1301,-25,[14.45540831]
[17.03100031],[4.02633482e-12],1301,-25,[14.45540831]
[17.03100031],[3.96527255e-12],1301,-25,[14.45540831]
[17.03100031],[3.89399624e-12],1301,-25,[14.45540831]
[17.03100031],[3.82804899e-12],1301,-25,[14.45540831]
[17.03100031],[3.77209375e-12],1301,-25,[14.45540831]
[17.03100031],[3.7061465e-12],1301,-25,[14.45540831]
[17.03100031],[3.64508423e-12],1301,-25,[14.45540831]
[17.03100031],[3.57913699e-12],1301,-25,[14.45540831]
[17.03100031],[3.51807472e-12],1301,-25,[14.45540831]
[17.03100031],[3.46234152e-12],1301,-25,[14.45540831]
[17.03100031],[3.40616424e-12],1301,-25,[14.45540831]
[17.03100031],[3.34510197e-12],1301,-25,[14.45540831]
[17.03100031],[3.28936878e-12],1301,-25,[14.45540831]
[17.03100031],[3.22830651e-12],1301,-25,[14.45540831]
[17.03100031],[3.1774583e-12],1301,-25,[14.45540831]
[17.03100031],[3.12683213e-12],1301,-25,[14.45540831]
[17.03100031],[3.07576187e-12],1301,-25,[14.45540831]
[17.03100031],[3.02002867e-12],1301,-25,[14.45540831]
[17.03100031],[2.96895841e-12],1301,-25,[14.45540831]
[17.03100031],[2.92343927e-12],1301,-25,[14.45540831]
[17.03100031],[2.87236901e-12],1301,-25,[14.45540831]
[17.03100031],[2.82174284e-12],1301,-25,[14.45540831]
[17.03100031],[2.77089462e-12],1301,-25,[14.45540831]
[17.03100031],[2.72493139e-12],1301,-25,[14.45540831]
[17.03100031],[2.6791902e-12],1301,-25,[14.45540831]
[17.03100031],[2.63322697e-12],1301,-25,[14.45540831]
[17.03100031],[2.5826008e-12],1301,-25,[14.45540831]
[17.03100031],[2.53685961e-12],1301,-25,[14.45540831]
[17.03100031],[2.49622545e-12],1301,-25,[14.45540831]
[17.03100031],[2.45048426e-12],1301,-25,[14.45540831]
[17.03100031],[2.4098501e-12],1301,-25,[14.45540831]
[17.03100031],[2.37432296e-12],1301,-25,[14.45540831]
[17.03100031],[2.33346675e-12],1301,-25,[14.45540831]
[17.03100031],[2.29305464e-12],1301,-25,[14.45540831]
[17.03100031],[2.25219843e-12],1301,-25,[14.45540831]
[17.03100031],[2.21156427e-12],1301,-25,[14.45540831]
[17.03100031],[2.1709301e-12],1301,-25,[14.45540831]
[17.03100031],[2.13540297e-12],1301,-25,[14.45540831]
[17.03100031],[2.09965378e-12],1301,-25,[14.45540831]
[17.03100031],[2.05901962e-12],1301,-25,[14.45540831]
[17.03100031],[2.02371453e-12],1301,-25,[14.45540831]
[17.03100031],[1.98796535e-12],1301,-25,[14.45540831]
[17.03100031],[1.95243821e-12],1301,-25,[14.45540831]
[17.03100031],[1.91668903e-12],1301,-25,[14.45540831]
[17.03100031],[1.88116189e-12],1301,-25,[14.45540831]
[17.03100031],[1.85074178e-12],1301,-25,[14.45540831]
[17.03100031],[1.8149926e-12],1301,-25,[14.45540831]
[17.03100031],[1.78967952e-12],1301,-25,[14.45540831]
[17.03100031],[1.75437442e-12],1301,-25,[14.45540831]
[17.03100031],[1.72373227e-12],1301,-25,[14.45540831]
[17.03100031],[1.69331216e-12],1301,-25,[14.45540831]
[17.03100031],[1.66267e-12],1301,-25,[14.45540831]
[17.03100031],[1.63713487e-12],1301,-25,[14.45540831]
[17.03100031],[1.60182978e-12],1301,-25,[14.45540831]
[17.03100031],[1.57651669e-12],1301,-25,[14.45540831]
[17.03100031],[1.54587454e-12],1301,-25,[14.45540831]
[17.03100031],[1.52033941e-12],1301,-25,[14.45540831]
[17.03100031],[1.48481227e-12],1301,-25,[14.45540831]
[17.03100031],[1.45927714e-12],1301,-25,[14.45540831]
[17.03100031],[1.43374201e-12],1301,-25,[14.45540831]
[17.03100031],[1.40354395e-12],1301,-25,[14.45540831]
[17.03100031],[1.38311584e-12],1301,-25,[14.45540831]
[17.03100031],[1.35247369e-12],1301,-25,[14.45540831]
[17.03100031],[1.33737466e-12],1301,-25,[14.45540831]
[17.03100031],[1.3067325e-12],1301,-25,[14.45540831]
[17.03100031],[1.28141942e-12],1301,-25,[14.45540831]
[17.03100031],[1.25588429e-12],1301,-25,[14.45540831]
[17.03100031],[1.2305712e-12],1301,-25,[14.45540831]
[17.03100031],[1.21036514e-12],1301,-25,[14.45540831]
[17.03100031],[1.18505206e-12],1301,-25,[14.45540831]
[17.03100031],[1.16462395e-12],1301,-25,[14.45540831]
[17.03100031],[1.14419585e-12],1301,-25,[14.45540831]
[17.03100031],[1.12398979e-12],1301,-25,[14.45540831]
[17.03100031],[1.09845466e-12],1301,-25,[14.45540831]
[17.03100031],[1.07802656e-12],1301,-25,[14.45540831]
[17.03100031],[1.05271347e-12],1301,-25,[14.45540831]
[17.03100031],[1.03250741e-12],1301,-25,[14.45540831]
[17.03100031],[1.01696429e-12],1301,-25,[14.45540831]
[17.03100031],[9.96758232e-13],1301,-25,[14.45540831]
[17.03100031],[9.76552172e-13],1301,-25,[14.45540831]
[17.03100031],[9.61231095e-13],1301,-25,[14.45540831]
[17.03100031],[9.46132062e-13],1301,-25,[14.45540831]
[17.03100031],[9.25703958e-13],1301,-25,[14.45540831]
[17.03100031],[9.05275854e-13],1301,-25,[14.45540831]
[17.03100031],[8.90176821e-13],1301,-25,[14.45540831]
[17.03100031],[8.69748717e-13],1301,-25,[14.45540831]
[17.03100031],[8.54649684e-13],1301,-25,[14.45540831]
[17.03100031],[8.34221581e-13],1301,-25,[14.45540831]
[17.03100031],[8.18900503e-13],1301,-25,[14.45540831]
[17.03100031],[7.98472399e-13],1301,-25,[14.45540831]
[17.03100031],[7.83373366e-13],1301,-25,[14.45540831]
[17.03100031],[7.68052288e-13],1301,-25,[14.45540831]
[17.03100031],[7.52731211e-13],1301,-25,[14.45540831]
[17.03100031],[7.37632178e-13],1301,-25,[14.45540831]
[17.03100031],[7.223111e-13],1301,-25,[14.45540831]
[17.03100031],[7.06990022e-13],1301,-25,[14.45540831]
[17.03100031],[6.96998015e-13],1301,-25,[14.45540831]
[17.03100031],[6.81676937e-13],1301,-25,[14.45540831]
[17.03100031],[6.61248833e-13],1301,-25,[14.45540831]
[17.03100031],[6.51256826e-13],1301,-25,[14.45540831]
[17.03100031],[6.35935749e-13],1301,-25,[14.45540831]
[17.03100031],[6.25943741e-13],1301,-25,[14.45540831]
[17.03100031],[6.10622664e-13],1301,-25,[14.45540831]
[17.03100031],[5.9019456e-13],1301,-25,[14.45540831]
[17.03100031],[5.80202553e-13],1301,-25,[14.45540831]
[17.03100031],[5.64881475e-13],1301,-25,[14.45540831]
[17.03100031],[5.49560397e-13],1301,-25,[14.45540831]
[17.03100031],[5.39346345e-13],1301,-25,[14.45540831]
[17.03100031],[5.34461364e-13],1301,-25,[14.45540831]
[17.03100031],[5.19140286e-13],1301,-25,[14.45540831]
[17.03100031],[5.0870419e-13],1301,-25,[14.45540831]
[17.03100031],[4.98712183e-13],1301,-25,[14.45540831]
[17.03100031],[4.83391105e-13],1301,-25,[14.45540831]
[17.03100031],[4.78284079e-13],1301,-25,[14.45540831]
[17.03100031],[4.63185046e-13],1301,-25,[14.45540831]
[17.03100031],[4.52970994e-13],1301,-25,[14.45540831]
[17.03100031],[4.42756942e-13],1301,-25,[14.45540831]
[17.03100031],[4.32764935e-13],1301,-25,[14.45540831]
[17.03100031],[4.22328839e-13],1301,-25,[14.45540831]
[17.03100031],[4.12336831e-13],1301,-25,[14.45540831]
[17.03100031],[3.97015754e-13],1301,-25,[14.45540831]
[17.03100031],[3.86801702e-13],1301,-25,[14.45540831]
[17.03100031],[3.76809695e-13],1301,-25,[14.45540831]
[17.03100031],[3.66595643e-13],1301,-25,[14.45540831]
[17.03100031],[3.56381591e-13],1301,-25,[14.45540831]
[17.03100031],[3.41282558e-13],1301,-25,[14.45540831]
[17.03100031],[3.36175532e-13],1301,-25,[14.45540831]
[17.03100031],[3.25739435e-13],1301,-25,[14.45540831]
[17.03100031],[3.20854454e-13],1301,-25,[14.45540831]
[17.03100031],[3.15969473e-13],1301,-25,[14.45540831]
[17.03100031],[3.05533376e-13],1301,-25,[14.45540831]
[17.03100031],[3.0042635e-13],1301,-25,[14.45540831]
[17.03100031],[2.95541369e-13],1301,-25,[14.45540831]
[17.03100031],[2.85327317e-13],1301,-25,[14.45540831]
[17.03100031],[2.80220291e-13],1301,-25,[14.45540831]
[17.03100031],[2.7000624e-13],1301,-25,[14.45540831]
[17.03100031],[2.64899214e-13],1301,-25,[14.45540831]
[17.03100031],[2.59792188e-13],1301,-25,[14.45540831]
[17.03100031],[2.54907206e-13],1301,-25,[14.45540831]
[17.03100031],[2.39364084e-13],1301,-25,[14.45540831]
[17.03100031],[2.39364084e-13],1301,-25,[14.45540831]
[17.03100031],[2.34479103e-13],1301,-25,[14.45540831]
[17.03100031],[2.24487096e-13],1301,-25,[14.45540831]
[17.03100031],[2.19158025e-13],1301,-25,[14.45540831]
[17.03100031],[2.08943973e-13],1301,-25,[14.45540831]
[17.03100031],[2.04058992e-13],1301,-25,[14.45540831]
[17.03100031],[1.9384494e-13],1301,-25,[14.45540831]
[17.03100031],[1.88737914e-13],1301,-25,[14.45540831]
[17.03100031],[1.83630888e-13],1301,-25,[14.45540831]
[17.03100031],[1.68309811e-13],1301,-25,[14.45540831]
[17.03100031],[1.68309811e-13],1301,-25,[14.45540831]
[17.03100031],[1.63424829e-13],1301,-25,[14.45540831]
[17.03100031],[1.47881707e-13],1301,-25,[14.45540831]
[17.03100031],[1.42996726e-13],1301,-25,[14.45540831]
[17.03100031],[1.378897e-13],1301,-25,[14.45540831]
[17.03100031],[1.27675648e-13],1301,-25,[14.45540831]
[17.03100031],[1.22568622e-13],1301,-25,[14.45540831]
[17.03100031],[1.17461596e-13],1301,-25,[14.45540831]
[17.03100031],[1.1235457e-13],1301,-25,[14.45540831]
[17.03100031],[9.7255537e-14],1301,-25,[14.45540831]
[17.03100031],[9.2148511e-14],1301,-25,[14.45540831]
[17.03100031],[9.2148511e-14],1301,-25,[14.45540831]
[17.03100031],[9.2148511e-14],1301,-25,[14.45540831]
[17.03100031],[8.19344592e-14],1301,-25,[14.45540831]
[17.03100031],[7.70494779e-14],1301,-25,[14.45540831]
[17.03100031],[7.70494779e-14],1301,-25,[14.45540831]
[17.03100031],[7.1942452e-14],1301,-25,[14.45540831]
[17.03100031],[6.66133815e-14],1301,-25,[14.45540831]
[17.03100031],[6.66133815e-14],1301,-25,[14.45540831]
[17.03100031],[6.15063556e-14],1301,-25,[14.45540831]
[17.03100031],[5.66213743e-14],1301,-25,[14.45540831]
[17.03100031],[5.66213743e-14],1301,-25,[14.45540831]
[17.03100031],[5.15143483e-14],1301,-25,[14.45540831]
[17.03100031],[4.13002965e-14],1301,-25,[14.45540831]
[17.03100031],[4.13002965e-14],1301,-25,[14.45540831]
[17.03100031],[4.13002965e-14],1301,-25,[14.45540831]
[17.03100031],[3.61932706e-14],1301,-25,[14.45540831]
[17.03100031],[3.61932706e-14],1301,-25,[14.45540831]
[17.03100031],[2.62012634e-14],1301,-25,[14.45540831]
[17.03100031],[2.08721929e-14],1301,-25,[14.45540831]
[17.03100031],[2.08721929e-14],1301,-25,[14.45540831]
[17.03100031],[2.08721929e-14],1301,-25,[14.45540831]
[17.03100031],[2.08721929e-14],1301,-25,[14.45540831]
[17.03100031],[1.08801856e-14],1301,-25,[14.45540831]
[17.03100031],[5.77315973e-15],1301,-25,[14.45540831]
[17.03100031],[5.77315973e-15],1301,-25,[14.45540831]
[17.03100031],[4.4408921e-16],1301,-25,[14.45540831]
[17.03100031],[-4.4408921e-15],1301,-25,[14.45540831]
[17.03100031],[-4.4408921e-15],1301,-25,[14.45540831]
[17.03100031],[-9.54791801e-15],1301,-25,[14.45540831]
[17.03100031],[-1.44328993e-14],1301,-25,[14.45540831]
[17.03100031],[-1.44328993e-14],1301,-25,[14.45540831]
[17.03100031],[-1.95399252e-14],1301,-25,[14.45540831]
[17.03100031],[-2.99760217e-14],1301,-25,[14.45540831]
[17.03100031],[-2.99760217e-14],1301,-25,[14.45540831]
[17.03100031],[-2.99760217e-14],1301,-25,[14.45540831]
[17.03100031],[-3.4861003e-14],1301,-25,[14.45540831]
[17.03100031],[-3.4861003e-14],1301,-25,[14.45540831]
[17.03100031],[-4.50750548e-14],1301,-25,[14.45540831]
[17.03100031],[-5.01820807e-14],1301,-25,[14.45540831]
[17.03100031],[-5.01820807e-14],1301,-25,[14.45540831]
[17.03100031],[-5.52891066e-14],1301,-25,[14.45540831]
[17.03100031],[-6.03961325e-14],1301,-25,[14.45540831]
[17.03100031],[-6.03961325e-14],1301,-25,[14.45540831]
[17.03100031],[-6.55031585e-14],1301,-25,[14.45540831]
[17.03100031],[-7.06101844e-14],1301,-25,[14.45540831]
[17.03100031],[-7.06101844e-14],1301,-25,[14.45540831]
[17.03100031],[-7.54951657e-14],1301,-25,[14.45540831]
[17.03100031],[-8.06021916e-14],1301,-25,[14.45540831]
[17.03100031],[-8.06021916e-14],1301,-25,[14.45540831]
[17.03100031],[-8.57092175e-14],1301,-25,[14.45540831]
[17.03100031],[-8.57092175e-14],1301,-25,[14.45540831]
[17.03100031],[-9.1038288e-14],1301,-25,[14.45540831]
[17.03100031],[-9.59232693e-14],1301,-25,[14.45540831]
[17.03100031],[-9.59232693e-14],1301,-25,[14.45540831]
[17.03100031],[-1.05915277e-13],1301,-25,[14.45540831]
[17.03100031],[-1.05915277e-13],1301,-25,[14.45540831]
[17.03100031],[-1.05915277e-13],1301,-25,[14.45540831]
[17.03100031],[-1.16351373e-13],1301,-25,[14.45540831]
[17.03100031],[-1.21458399e-13],1301,-25,[14.45540831]
[17.03100031],[-1.21458399e-13],1301,-25,[14.45540831]
[17.03100031],[-1.2634338e-13],1301,-25,[14.45540831]
[17.03100031],[-1.2634338e-13],1301,-25,[14.45540831]
[17.03100031],[-1.2634338e-13],1301,-25,[14.45540831]
[17.03100031],[-1.2634338e-13],1301,-25,[14.45540831]
[17.03100031],[-1.2634338e-13],1301,-25,[14.45540831]
[17.03100031],[-1.2634338e-13],1301,-25,[14.45540831]
[17.03100031],[-1.2634338e-13],1301,-25,[14.45540831]
[17.03100031],[-1.2634338e-13],1301,-25,[14.45540831]
[17.03100031],[-1.2634338e-13],1301,-25,[14.45540831]
[17.03100031],[-1.2634338e-13],1301,-25,[14.45540831]
[17.03100031],[-1.2634338e-13],1301,-25,[14.45540831]
[17.03100031],[-1.2634338e-13],1301,-25,[14.45540831]
[17.03100031],[-1.2634338e-13],1301,-25,[14.45540831]
[17.03100031],[-1.2634338e-13],1301,-25,[14.45540831]
[17.03100031],[-1.2634338e-13],1301,-25,[14.45540831]
[17.03100031],[-1.2634338e-13],1301,-25,[14.45540831]
[17.03100031],[-1.2634338e-13],1301,-25,[14.45540831]
[17.03100031],[-1.2634338e-13],1301,-25,[14.45540831]
[17.03100031],[-1.2634338e-13],1301,-25,[14.45540831]
[17.03100031],[-1.2634338e-13],1301,-25,[14.45540831]
[17.03100031],[-1.2634338e-13],1301,-25,[14.45540831]
[17.03100031],[-1.2634338e-13],1301,-25,[14.45540831]
[17.03100031],[-1.2634338e-13],1301,-25,[14.45540831]
[17.03100031],[-1.2634338e-13],1301,-25,[14.45540831]
[17.03100031],[-1.2634338e-13],1301,-25,[14.45540831]
[17.03100031],[-1.2634338e-13],1301,-25,[14.45540831]
[17.03100031],[-1.2634338e-13],1301,-25,[14.45540831]
[17.03100031],[-1.2634338e-13],1301,-25,[14.45540831]
[17.03100031],[-1.2634338e-13],1301,-25,[14.45540831]
[17.03100031],[-1.2634338e-13],1301,-25,[14.45540831]
[17.03100031],[-1.2634338e-13],1301,-25,[14.45540831]
[17.03100031],[-1.2634338e-13],1301,-25,[14.45540831]
[17.03100031],[-1.2634338e-13],1301,-25,[14.45540831]
[17.03100031],[-1.2634338e-13],1301,-25,[14.45540831]
[17.03100031],[-1.2634338e-13],1301,-25,[14.45540831]
[17.03100031],[-1.2634338e-13],1301,-25,[14.45540831]
[17.03100031],[-1.2634338e-13],1301,-25,[14.45540831]
[17.03100031],[-1.2634338e-13],1301,-25,[14.45540831]
[17.03100031],[-1.2634338e-13],1301,-25,[14.45540831]
[17.03100031],[-1.2634338e-13],1301,-25,[14.45540831]
[17.03100031],[-1.2634338e-13],1301,-25,[14.45540831]
[17.03100031],[-1.2634338e-13],1301,-25,[14.45540831]
[17.03100031],[-1.2634338e-13],1301,-25,[14.45540831]
[17.03100031],[-1.2634338e-13],1301,-25,[14.45540831]
[17.03100031],[-1.2634338e-13],1301,-25,[14.45540831]
[17.03100031],[-1.2634338e-13],1301,-25,[14.45540831]
[17.03100031],[-1.2634338e-13],1301,-25,[14.45540831]
[17.03100031],[-1.2634338e-13],1301,-25,[14.45540831]
[17.03100031],[-1.2634338e-13],1301,-25,[14.45540831]
[17.03100031],[-1.2634338e-13],1301,-25,[14.45540831]
[17.03100031],[-1.2634338e-13],1301,-25,[14.45540831]
[17.03100031],[-1.2634338e-13],1301,-25,[14.45540831]
[17.03100031],[-1.2634338e-13],1301,-25,[14.45540831]
[17.03100031],[-1.2634338e-13],1301,-25,[14.45540831]
[17.03100031],[-1.2634338e-13],1301,-25,[14.45540831]
[17.03100031],[-1.2634338e-13],1301,-25,[14.45540831]
[17.03100031],[-1.2634338e-13],1301,-25,[14.45540831]
[17.03100031],[-1.2634338e-13],1301,-25,[14.45540831]
[17.03100031],[-1.2634338e-13],1301,-25,[14.45540831]
[17.03100031],[-1.2634338e-13],1301,-25,[14.45540831]
[17.03100031],[-1.2634338e-13],1301,-25,[14.45540831]
[17.03100031],[-1.2634338e-13],1301,-25,[14.45540831]
[17.03100031],[-1.2634338e-13],1301,-25,[14.45540831]
[17.03100031],[-1.2634338e-13],1301,-25,[14.45540831]
[17.03100031],[-1.2634338e-13],1301,-25,[14.45540831]
[17.03100031],[-1.2634338e-13],1301,-25,[14.45540831]
[17.03100031],[-1.2634338e-13],1301,-25,[14.45540831]
[17.03100031],[-1.2634338e-13],1301,-25,[14.45540831]
[17.03100031],[-1.2634338e-13],1301,-25,[14.45540831]
[17.03100031],[-1.2634338e-13],1301,-25,[14.45540831]
[17.03100031],[-1.2634338e-13],1301,-25,[14.45540831]
[17.03100031],[-1.2634338e-13],1301,-25,[14.45540831]
[17.03100031],[-1.2634338e-13],1301,-25,[14.45540831]
[17.03100031],[-1.2634338e-13],1301,-25,[14.45540831]
[17.03100031],[-1.2634338e-13],1301,-25,[14.45540831]
[17.03100031],[-1.2634338e-13],1301,-25,[14.45540831]
[17.03100031],[-1.2634338e-13],1301,-25,[14.45540831]
[17.03100031],[-1.2634338e-13],1301,-25,[14.45540831]
[17.03100031],[-1.2634338e-13],1301,-25,[14.45540831]
[17.03100031],[-1.2634338e-13],1301,-25,[14.45540831]
[17.03100031],[-1.2634338e-13],1301,-25,[14.45540831]
[17.03100031],[-1.2634338e-13],1301,-25,[14.45540831]
[17.03100031],[-1.2634338e-13],1301,-25,[14.45540831]
[17.03100031],[-1.2634338e-13],1301,-25,[14.45540831]
[17.03100031],[-1.2634338e-13],1301,-25,[14.45540831]
[17.03100031],[-1.2634338e-13],1301,-25,[14.45540831]
[17.03100031],[-1.2634338e-13],1301,-25,[14.45540831]
[17.03100031],[-1.2634338e-13],1301,-25,[14.45540831]
[17.03100031],[-1.2634338e-13],1301,-25,[14.45540831]
[17.03100031],[-1.2634338e-13],1301,-25,[14.45540831]
[17.03100031],[-1.2634338e-13],1301,-25,[14.45540831]
[17.03100031],[-1.2634338e-13],1301,-25,[14.45540831]
[17.03100031],[-1.2634338e-13],1301,-25,[14.45540831]
[17.03100031],[-1.2634338e-13],1301,-25,[14.45540831]
[17.03100031],[-1.2634338e-13],1301,-25,[14.45540831]
[17.03100031],[-1.2634338e-13],1301,-25,[14.45540831]
[17.03100031],[-1.2634338e-13],1301,-25,[14.45540831]
[17.03100031],[-1.2634338e-13],1301,-25,[14.45540831]
[17.03100031],[-1.2634338e-13],1301,-25,[14.45540831]
[17.03100031],[-1.2634338e-13],1301,-25,[14.45540831]
[17.03100031],[-1.2634338e-13],1301,-25,[14.45540831]
[17.03100031],[-1.2634338e-13],1301,-25,[14.45540831]
[17.03100031],[-1.2634338e-13],1301,-25,[14.45540831]
[17.03100031],[-1.2634338e-13],1301,-25,[14.45540831]
[17.03100031],[-1.2634338e-13],1301,-25,[14.45540831]
[17.03100031],[-1.2634338e-13],1301,-25,[14.45540831]
[17.03100031],[-1.2634338e-13],1301,-25,[14.45540831]
[17.03100031],[-1.2634338e-13],1301,-25,[14.45540831]
[17.03100031],[-1.2634338e-13],1301,-25,[14.45540831]
[17.03100031],[-1.2634338e-13],1301,-25,[14.45540831]
[17.03100031],[-1.2634338e-13],1301,-25,[14.45540831]
[17.03100031],[-1.2634338e-13],1301,-25,[14.45540831]
[17.03100031],[-1.2634338e-13],1301,-25,[14.45540831]
[17.03100031],[-1.2634338e-13],1301,-25,[14.45540831]
[17.03100031],[-1.2634338e-13],1301,-25,[14.45540831]
[17.03100031],[-1.2634338e-13],1301,-25,[14.45540831]
[17.03100031],[-1.2634338e-13],1301,-25,[14.45540831]
[17.03100031],[-1.2634338e-13],1301,-25,[14.45540831]
[17.03100031],[-1.2634338e-13],1301,-25,[14.45540831]
[17.03100031],[-1.2634338e-13],1301,-25,[14.45540831]
[17.03100031],[-1.2634338e-13],1301,-25,[14.45540831]
[17.03100031],[-1.2634338e-13],1301,-25,[14.45540831]
[17.03100031],[-1.2634338e-13],1301,-25,[14.45540831]
[17.03100031],[-1.2634338e-13],1301,-25,[14.45540831]
[17.03100031],[-1.2634338e-13],1301,-25,[14.45540831]
[17.03100031],[-1.2634338e-13],1301,-25,[14.45540831]
[17.03100031],[-1.2634338e-13],1301,-25,[14.45540831]
[17.03100031],[-1.2634338e-13],1301,-25,[14.45540831]
[17.03100031],[-1.2634338e-13],1301,-25,[14.45540831]
[17.03100031],[-1.2634338e-13],1301,-25,[14.45540831]
[17.03100031],[-1.2634338e-13],1301,-25,[14.45540831]
[17.03100031],[-1.2634338e-13],1301,-25,[14.45540831]
[17.03100031],[-1.2634338e-13],1301,-25,[14.45540831]
[17.03100031],[-1.2634338e-13],1301,-25,[14.45540831]
[17.03100031],[-1.2634338e-13],1301,-25,[14.45540831]
[17.03100031],[-1.2634338e-13],1301,-25,[14.45540831]
[17.03100031],[-1.2634338e-13],1301,-25,[14.45540831]
[17.03100031],[-1.2634338e-13],1301,-25,[14.45540831]
[17.03100031],[-1.2634338e-13],1301,-25,[14.45540831]
[17.03100031],[-1.2634338e-13],1301,-25,[14.45540831]
[17.03100031],[-1.2634338e-13],1301,-25,[14.45540831]
[17.03100031],[-1.2634338e-13],1301,-25,[14.45540831]
[17.03100031],[-1.2634338e-13],1301,-25,[14.45540831]
[17.03100031],[-1.2634338e-13],1301,-25,[14.45540831]
[17.03100031],[-1.2634338e-13],1301,-25,[14.45540831]
[17.03100031],[-1.2634338e-13],1301,-25,[14.45540831]
[17.03100031],[-1.2634338e-13],1301,-25,[14.45540831]
[17.03100031],[-1.2634338e-13],1301,-25,[14.45540831]
[17.03100031],[-1.2634338e-13],1301,-25,[14.45540831]
[17.03100031],[-1.2634338e-13],1301,-25,[14.45540831]
[17.03100031],[-1.2634338e-13],1301,-25,[14.45540831]
[17.03100031],[-1.2634338e-13],1301,-25,[14.45540831]
[17.03100031],[-1.2634338e-13],1301,-25,[14.45540831]
[17.03100031],[-1.2634338e-13],1301,-25,[14.45540831]
[17.03100031],[-1.2634338e-13],1301,-25,[14.45540831]
[17.03100031],[-1.2634338e-13],1301,-25,[14.45540831]
[17.03100031],[-1.2634338e-13],1301,-25,[14.45540831]
[17.03100031],[-1.2634338e-13],1301,-25,[14.45540831]
[17.03100031],[-1.2634338e-13],1301,-25,[14.45540831]
[17.03100031],[-1.2634338e-13],1301,-25,[14.45540831]
[17.03100031],[-1.2634338e-13],1301,-25,[14.45540831]
[17.03100031],[-1.2634338e-13],1301,-25,[14.45540831]
[17.03100031],[-1.2634338e-13],1301,-25,[14.45540831]
[17.03100031],[-1.2634338e-13],1301,-25,[14.45540831]
[17.03100031],[-1.2634338e-13],1301,-25,[14.45540831]
[17.03100031],[-1.2634338e-13],1301,-25,[14.45540831]
[17.03100031],[-1.2634338e-13],1301,-25,[14.45540831]
[17.03100031],[-1.2634338e-13],1301,-25,[14.45540831]
[17.03100031],[-1.2634338e-13],1301,-25,[14.45540831]
[17.03100031],[-1.2634338e-13],1301,-25,[14.45540831]
[17.03100031],[-1.2634338e-13],1301,-25,[14.45540831]
[17.03100031],[-1.2634338e-13],1301,-25,[14.45540831]
[17.03100031],[-1.2634338e-13],1301,-25,[14.45540831]
[17.03100031],[-1.2634338e-13],1301,-25,[14.45540831]
[17.03100031],[-1.2634338e-13],1301,-25,[14.45540831]
[17.03100031],[-1.2634338e-13],1301,-25,[14.45540831]
[17.03100031],[-1.2634338e-13],1301,-25,[14.45540831]
[17.03100031],[-1.2634338e-13],1301,-25,[14.45540831]
[17.03100031],[-1.2634338e-13],1301,-25,[14.45540831]
[17.03100031],[-1.2634338e-13],1301,-25,[14.45540831]
[17.03100031],[-1.2634338e-13],1301,-25,[14.45540831]
[17.03100031],[-1.2634338e-13],1301,-25,[14.45540831]
[17.03100031],[-1.2634338e-13],1301,-25,[14.45540831]
[17.03100031],[-1.2634338e-13],1301,-25,[14.45540831]
[17.03100031],[-1.2634338e-13],1301,-25,[14.45540831]
[17.03100031],[-1.2634338e-13],1301,-25,[14.45540831]
[17.03100031],[-1.2634338e-13],1301,-25,[14.45540831]
[17.03100031],[-1.2634338e-13],1301,-25,[14.45540831]
[17.03100031],[-1.2634338e-13],1301,-25,[14.45540831]
[17.03100031],[-1.2634338e-13],1301,-25,[14.45540831]
[17.03100031],[-1.2634338e-13],1301,-25,[14.45540831]
[17.03100031],[-1.2634338e-13],1301,-25,[14.45540831]
[17.03100031],[-1.2634338e-13],1301,-25,[14.45540831]
[17.03100031],[-1.2634338e-13],1301,-25,[14.45540831]
[17.03100031],[-1.2634338e-13],1301,-25,[14.45540831]
[17.03100031],[-1.2634338e-13],1301,-25,[14.45540831]
[17.03100031],[-1.2634338e-13],1301,-25,[14.45540831]
[17.03100031],[-1.2634338e-13],1301,-25,[14.45540831]
[17.03100031],[-1.2634338e-13],1301,-25,[14.45540831]
[17.03100031],[-1.2634338e-13],1301,-25,[14.45540831]
[17.03100031],[-1.2634338e-13],1301,-25,[14.45540831]
[17.03100031],[-1.2634338e-13],1301,-25,[14.45540831]
[17.03100031],[-1.2634338e-13],1301,-25,[14.45540831]
[17.03100031],[-1.2634338e-13],1301,-25,[14.45540831]
[17.03100031],[-1.2634338e-13],1301,-25,[14.45540831]
[17.03100031],[-1.2634338e-13],1301,-25,[14.45540831]
[17.03100031],[-1.2634338e-13],1301,-25,[14.45540831]
[17.03100031],[-1.2634338e-13],1301,-25,[14.45540831]
[17.03100031],[-1.2634338e-13],1301,-25,[14.45540831]
[17.03100031],[-1.2634338e-13],1301,-25,[14.45540831]
[17.03100031],[-1.2634338e-13],1301,-25,[14.45540831]
[17.03100031],[-1.2634338e-13],1301,-25,[14.45540831]
[17.03100031],[-1.2634338e-13],1301,-25,[14.45540831]
[17.03100031],[-1.2634338e-13],1301,-25,[14.45540831]
[17.03100031],[-1.2634338e-13],1301,-25,[14.45540831]
[17.03100031],[-1.2634338e-13],1301,-25,[14.45540831]
[17.03100031],[-1.2634338e-13],1301,-25,[14.45540831]
[17.03100031],[-1.2634338e-13],1301,-25,[14.45540831]
[17.03100031],[-1.2634338e-13],1301,-25,[14.45540831]
[17.03100031],[-1.2634338e-13],1301,-25,[14.45540831]
[17.03100031],[-1.2634338e-13],1301,-25,[14.45540831]
[17.03100031],[-1.2634338e-13],1301,-25,[14.45540831]
[17.03100031],[-1.2634338e-13],1301,-25,[14.45540831]
[17.03100031],[-1.2634338e-13],1301,-25,[14.45540831]
[17.03100031],[-1.2634338e-13],1301,-25,[14.45540831]
[17.03100031],[-1.2634338e-13],1301,-25,[14.45540831]
[17.03100031],[-1.2634338e-13],1301,-25,[14.45540831]
[17.03100031],[-1.2634338e-13],1301,-25,[14.45540831]
[17.03100031],[-1.2634338e-13],1301,-25,[14.45540831]
[17.03100031],[-1.2634338e-13],1301,-25,[14.45540831]
[17.03100031],[-1.2634338e-13],1301,-25,[14.45540831]
[17.03100031],[-1.2634338e-13],1301,-25,[14.45540831]
[17.03100031],[-1.2634338e-13],1301,-25,[14.45540831]
[17.03100031],[-1.2634338e-13],1301,-25,[14.45540831]
[17.03100031],[-1.2634338e-13],1301,-25,[14.45540831]
[17.03100031],[-1.2634338e-13],1301,-25,[14.45540831]
[17.03100031],[-1.2634338e-13],1301,-25,[14.45540831]
[17.03100031],[-1.2634338e-13],1301,-25,[14.45540831]
[17.03100031],[-1.2634338e-13],1301,-25,[14.45540831]
[17.03100031],[-1.2634338e-13],1301,-25,[14.45540831]
[17.03100031],[-1.2634338e-13],1301,-25,[14.45540831]
[17.03100031],[-1.2634338e-13],1301,-25,[14.45540831]
[17.03100031],[-1.2634338e-13],1301,-25,[14.45540831]
[17.03100031],[-1.2634338e-13],1301,-25,[14.45540831]
[17.03100031],[-1.2634338e-13],1301,-25,[14.45540831]
[17.03100031],[-1.2634338e-13],1301,-25,[14.45540831]
[17.03100031],[-1.2634338e-13],1301,-25,[14.45540831]
[17.03100031],[-1.2634338e-13],1301,-25,[14.45540831]
[17.03100031],[-1.2634338e-13],1301,-25,[14.45540831]
[17.03100031],[-1.2634338e-13],1301,-25,[14.45540831]
[17.03100031],[-1.2634338e-13],1301,-25,[14.45540831]
[17.03100031],[-1.2634338e-13],1301,-25,[14.45540831]
[17.03100031],[-1.2634338e-13],1301,-25,[14.45540831]
[17.03100031],[-1.2634338e-13],1301,-25,[14.45540831]
[17.03100031],[-1.2634338e-13],1301,-25,[14.45540831]
[17.03100031],[-1.2634338e-13],1301,-25,[14.45540831]
[17.03100031],[-1.2634338e-13],1301,-25,[14.45540831]
[17.03100031],[-1.2634338e-13],1301,-25,[14.45540831]
[17.03100031],[-1.2634338e-13],1301,-25,[14.45540831]
[17.03100031],[-1.2634338e-13],1301,-25,[14.45540831]
[17.03100031],[-1.2634338e-13],1301,-25,[14.45540831]
[17.03100031],[-1.2634338e-13],1301,-25,[14.45540831]
[17.03100031],[-1.2634338e-13],1301,-25,[14.45540831]
[17.03100031],[-1.2634338e-13],1301,-25,[14.45540831]
[17.03100031],[-1.2634338e-13],1301,-25,[14.45540831]
[17.03100031],[-1.2634338e-13],1301,-25,[14.45540831]
[17.03100031],[-1.2634338e-13],1301,-25,[14.45540831]
[17.03100031],[-1.2634338e-13],1301,-25,[14.45540831]
[17.03100031],[-1.2634338e-13],1301,-25,[14.45540831]
[17.03100031],[-1.2634338e-13],1301,-25,[14.45540831]
[17.03100031],[-1.2634338e-13],1301,-25,[14.45540831]
[17.03100031],[-1.2634338e-13],1301,-25,[14.45540831]
[17.03100031],[-1.2634338e-13],1301,-25,[14.45540831]
[17.03100031],[-1.2634338e-13],1301,-25,[14.45540831]
[17.03100031],[-1.2634338e-13],1301,-25,[14.45540831]
[17.03100031],[-1.2634338e-13],1301,-25,[14.45540831]
[17.03100031],[-1.2634338e-13],1301,-25,[14.45540831]
[17.03100031],[-1.2634338e-13],1301,-25,[14.45540831]
[17.03100031],[-1.2634338e-13],1301,-25,[14.45540831]
[17.03100031],[-1.2634338e-13],1301,-25,[14.45540831]
[17.03100031],[-1.2634338e-13],1301,-25,[14.45540831]
[17.03100031],[-1.2634338e-13],1301,-25,[14.45540831]
[17.03100031],[-1.2634338e-13],1301,-25,[14.45540831]
[17.03100031],[-1.2634338e-13],1301,-25,[14.45540831]
[17.03100031],[-1.2634338e-13],1301,-25,[14.45540831]
[17.03100031],[-1.2634338e-13],1301,-25,[14.45540831]
[17.03100031],[-1.2634338e-13],1301,-25,[14.45540831]
[17.03100031],[-1.2634338e-13],1301,-25,[14.45540831]
[17.03100031],[-1.2634338e-13],1301,-25,[14.45540831]
[17.03100031],[-1.2634338e-13],1301,-25,[14.45540831]
[17.03100031],[-1.2634338e-13],1301,-25,[14.45540831]
[17.03100031],[-1.2634338e-13],1301,-25,[14.45540831]
[17.03100031],[-1.2634338e-13],1301,-25,[14.45540831]
[17.03100031],[-1.2634338e-13],1301,-25,[14.45540831]
[17.03100031],[-1.2634338e-13],1301,-25,[14.45540831]
[17.03100031],[-1.2634338e-13],1301,-25,[14.45540831]
[17.03100031],[-1.2634338e-13],1301,-25,[14.45540831]
[17.03100031],[-1.2634338e-13],1301,-25,[14.45540831]
[17.03100031],[-1.2634338e-13],1301,-25,[14.45540831]
[17.03100031],[-1.2634338e-13],1301,-25,[14.45540831]
[17.03100031],[-1.2634338e-13],1301,-25,[14.45540831]
[17.03100031],[-1.2634338e-13],1301,-25,[14.45540831]
[17.03100031],[-1.2634338e-13],1301,-25,[14.45540831]
[17.03100031],[-1.2634338e-13],1301,-25,[14.45540831]
[17.03100031],[-1.2634338e-13],1301,-25,[14.45540831]
[17.03100031],[-1.2634338e-13],1301,-25,[14.45540831]
[17.03100031],[-1.2634338e-13],1301,-25,[14.45540831]
[17.03100031],[-1.2634338e-13],1301,-25,[14.45540831]
[17.03100031],[-1.2634338e-13],1301,-25,[14.45540831]
[17.03100031],[-1.2634338e-13],1301,-25,[14.45540831]
[17.03100031],[-1.2634338e-13],1301,-25,[14.45540831]
[17.03100031],[-1.2634338e-13],1301,-25,[14.45540831]
[17.03100031],[-1.2634338e-13],1301,-25,[14.45540831]
[17.03100031],[-1.2634338e-13],1301,-25,[14.45540831]
[17.03100031],[-1.2634338e-13],1301,-25,[14.45540831]
[17.03100031],[-1.2634338e-13],1301,-25,[14.45540831]
[17.03100031],[-1.2634338e-13],1301,-25,[14.45540831]
[17.03100031],[-1.2634338e-13],1301,-25,[14.45540831]
[17.03100031],[-1.2634338e-13],1301,-25,[14.45540831]
[17.03100031],[-1.2634338e-13],1301,-25,[14.45540831]
[17.03100031],[-1.2634338e-13],1301,-25,[14.45540831]
[17.03100031],[-1.2634338e-13],1301,-25,[14.45540831]
[17.03100031],[-1.2634338e-13],1301,-25,[14.45540831]
[17.03100031],[-1.2634338e-13],1301,-25,[14.45540831]
[17.03100031],[-1.2634338e-13],1301,-25,[14.45540831]
[17.03100031],[-1.2634338e-13],1301,-25,[14.45540831]
[17.03100031],[-1.2634338e-13],1301,-25,[14.45540831]
[17.03100031],[-1.2634338e-13],1301,-25,[14.45540831]
[17.03100031],[-1.2634338e-13],1301,-25,[14.45540831]
[17.03100031],[-1.2634338e-13],1301,-25,[14.45540831]
[17.03100031],[-1.2634338e-13],1301,-25,[14.45540831]
[17.03100031],[-1.2634338e-13],1301,-25,[14.45540831]
[17.03100031],[-1.2634338e-13],1301,-25,[14.45540831]
[17.03100031],[-1.2634338e-13],1301,-25,[14.45540831]
[17.03100031],[-1.2634338e-13],1301,-25,[14.45540831]
[17.03100031],[-1.2634338e-13],1301,-25,[14.45540831]
[17.03100031],[-1.2634338e-13],1301,-25,[14.45540831]
[17.03100031],[-1.2634338e-13],1301,-25,[14.45540831]
[17.03100031],[-1.2634338e-13],1301,-25,[14.45540831]
[17.03100031],[-1.2634338e-13],1301,-25,[14.45540831]
[17.03100031],[-1.2634338e-13],1301,-25,[14.45540831]
[17.03100031],[-1.2634338e-13],1301,-25,[14.45540831]
[17.03100031],[-1.2634338e-13],1301,-25,[14.45540831]
[17.03100031],[-1.2634338e-13],1301,-25,[14.45540831]
[17.03100031],[-1.2634338e-13],1301,-25,[14.45540831]
[17.03100031],[-1.2634338e-13],1301,-25,[14.45540831]
[17.03100031],[-1.2634338e-13],1301,-25,[14.45540831]
[17.03100031],[-1.2634338e-13],1301,-25,[14.45540831]
[17.03100031],[-1.2634338e-13],1301,-25,[14.45540831]
[17.03100031],[-1.2634338e-13],1301,-25,[14.45540831]
[17.03100031],[-1.2634338e-13],1301,-25,[14.45540831]
[17.03100031],[-1.2634338e-13],1301,-25,[14.45540831]
[17.03100031],[-1.2634338e-13],1301,-25,[14.45540831]
[17.03100031],[-1.2634338e-13],1301,-25,[14.45540831]
[17.03100031],[-1.2634338e-13],1301,-25,[14.45540831]
[17.03100031],[-1.2634338e-13],1301,-25,[14.45540831]
[17.03100031],[-1.2634338e-13],1301,-25,[14.45540831]
[17.03100031],[-1.2634338e-13],1301,-25,[14.45540831]
[17.03100031],[-1.2634338e-13],1301,-25,[14.45540831]
[17.03100031],[-1.2634338e-13],1301,-25,[14.45540831]
[17.03100031],[-1.2634338e-13],1301,-25,[14.45540831]
[17.03100031],[-1.2634338e-13],1301,-25,[14.45540831]
[17.03100031],[-1.2634338e-13],1301,-25,[14.45540831]
[17.03100031],[-1.2634338e-13],1301,-25,[14.45540831]
[17.03100031],[-1.2634338e-13],1301,-25,[14.45540831]
[17.03100031],[-1.2634338e-13],1301,-25,[14.45540831]
[17.03100031],[-1.2634338e-13],1301,-25,[14.45540831]
[17.03100031],[-1.2634338e-13],1301,-25,[14.45540831]
[17.03100031],[-1.2634338e-13],1301,-25,[14.45540831]
[17.03100031],[-1.2634338e-13],1301,-25,[14.45540831]
[17.03100031],[-1.2634338e-13],1301,-25,[14.45540831]
[17.03100031],[-1.2634338e-13],1301,-25,[14.45540831]
[17.03100031],[-1.2634338e-13],1301,-25,[14.45540831]
[17.03100031],[-1.2634338e-13],1301,-25,[14.45540831]
[17.03100031],[-1.2634338e-13],1301,-25,[14.45540831]
[17.03100031],[-1.2634338e-13],1301,-25,[14.45540831]
[17.03100031],[-1.2634338e-13],1301,-25,[14.45540831]
[17.03100031],[-1.2634338e-13],1301,-25,[14.45540831]
[17.03100031],[-1.2634338e-13],1301,-25,[14.45540831]
[17.03100031],[-1.2634338e-13],1301,-25,[14.45540831]
[17.03100031],[-1.2634338e-13],1301,-25,[14.45540831]
[17.03100031],[-1.2634338e-13],1301,-25,[14.45540831]
[17.03100031],[-1.2634338e-13],1301,-25,[14.45540831]
[17.03100031],[-1.2634338e-13],1301,-25,[14.45540831]
[17.03100031],[-1.2634338e-13],1301,-25,[14.45540831]
[17.03100031],[-1.2634338e-13],1301,-25,[14.45540831]
[17.03100031],[-1.2634338e-13],1301,-25,[14.45540831]
[17.03100031],[-1.2634338e-13],1301,-25,[14.45540831]
[17.03100031],[-1.2634338e-13],1301,-25,[14.45540831]
[17.03100031],[-1.2634338e-13],1301,-25,[14.45540831]
[17.03100031],[-1.2634338e-13],1301,-25,[14.45540831]
[17.03100031],[-1.2634338e-13],1301,-25,[14.45540831]
[17.03100031],[-1.2634338e-13],1301,-25,[14.45540831]
[17.03100031],[-1.2634338e-13],1301,-25,[14.45540831]
[17.03100031],[-1.2634338e-13],1301,-25,[14.45540831]
[17.03100031],[-1.2634338e-13],1301,-25,[14.45540831]
[17.03100031],[-1.2634338e-13],1301,-25,[14.45540831]
[17.03100031],[-1.2634338e-13],1301,-25,[14.45540831]
[17.03100031],[-1.2634338e-13],1301,-25,[14.45540831]
[17.03100031],[-1.2634338e-13],1301,-25,[14.45540831]
[17.03100031],[-1.2634338e-13],1301,-25,[14.45540831]
[17.03100031],[-1.2634338e-13],1301,-25,[14.45540831]
[17.03100031],[-1.2634338e-13],1301,-25,[14.45540831]
[17.03100031],[-1.2634338e-13],1301,-25,[14.45540831]
[17.03100031],[-1.2634338e-13],1301,-25,[14.45540831]
[17.03100031],[-1.2634338e-13],1301,-25,[14.45540831]
[17.03100031],[-1.2634338e-13],1301,-25,[14.45540831]
[17.03100031],[-1.2634338e-13],1301,-25,[14.45540831]
[17.03100031],[-1.2634338e-13],1301,-25,[14.45540831]
[17.03100031],[-1.2634338e-13],1301,-25,[14.45540831]
[17.03100031],[-1.2634338e-13],1301,-25,[14.45540831]
[17.03100031],[-1.2634338e-13],1301,-25,[14.45540831]
[17.03100031],[-1.2634338e-13],1301,-25,[14.45540831]
[17.03100031],[-1.2634338e-13],1301,-25,[14.45540831]
[17.03100031],[-1.2634338e-13],1301,-25,[14.45540831]
[17.03100031],[-1.2634338e-13],1301,-25,[14.45540831]
[17.03100031],[-1.2634338e-13],1301,-25,[14.45540831]
[17.03100031],[-1.2634338e-13],1301,-25,[14.45540831]
[17.03100031],[-1.2634338e-13],1301,-25,[14.45540831]
[17.03100031],[-1.2634338e-13],1301,-25,[14.45540831]
[17.03100031],[-1.2634338e-13],1301,-25,[14.45540831]
[17.03100031],[-1.2634338e-13],1301,-25,[14.45540831]
[17.03100031],[-1.2634338e-13],1301,-25,[14.45540831]
[17.03100031],[-1.2634338e-13],1301,-25,[14.45540831]
[17.03100031],[-1.2634338e-13],1301,-25,[14.45540831]
[17.03100031],[-1.2634338e-13],1301,-25,[14.45540831]
[17.03100031],[-1.2634338e-13],1301,-25,[14.45540831]
[17.03100031],[-1.2634338e-13],1301,-25,[14.45540831]
[17.03100031],[-1.2634338e-13],1301,-25,[14.45540831]
[17.03100031],[-1.2634338e-13],1301,-25,[14.45540831]
[17.03100031],[-1.2634338e-13],1301,-25,[14.45540831]
[17.03100031],[-1.2634338e-13],1301,-25,[14.45540831]
[17.03100031],[-1.2634338e-13],1301,-25,[14.45540831]
[17.03100031],[-1.2634338e-13],1301,-25,[14.45540831]
[17.03100031],[-1.2634338e-13],1301,-25,[14.45540831]
[17.03100031],[-1.2634338e-13],1301,-25,[14.45540831]
[17.03100031],[-1.2634338e-13],1301,-25,[14.45540831]
[17.03100031],[-1.2634338e-13],1301,-25,[14.45540831]
[17.03100031],[-1.2634338e-13],1301,-25,[14.45540831]
[17.03100031],[-1.2634338e-13],1301,-25,[14.45540831]
[17.03100031],[-1.2634338e-13],1301,-25,[14.45540831]
[17.03100031],[-1.2634338e-13],1301,-25,[14.45540831]
[17.03100031],[-1.2634338e-13],1301,-25,[14.45540831]
[17.03100031],[-1.2634338e-13],1301,-25,[14.45540831]
[17.03100031],[-1.2634338e-13],1301,-25,[14.45540831]
[17.03100031],[-1.2634338e-13],1301,-25,[14.45540831]
[17.03100031],[-1.2634338e-13],1301,-25,[14.45540831]
[17.03100031],[-1.2634338e-13],1301,-25,[14.45540831]
[17.03100031],[-1.2634338e-13],1301,-25,[14.45540831]
[17.03100031],[-1.2634338e-13],1301,-25,[14.45540831]
[17.03100031],[-1.2634338e-13],1301,-25,[14.45540831]
[17.03100031],[-1.2634338e-13],1301,-25,[14.45540831]
[17.03100031],[-1.2634338e-13],1301,-25,[14.45540831]
[17.03100031],[-1.2634338e-13],1301,-25,[14.45540831]
[17.03100031],[-1.2634338e-13],1301,-25,[14.45540831]
[17.03100031],[-1.2634338e-13],1301,-25,[14.45540831]
[17.03100031],[-1.2634338e-13],1301,-25,[14.45540831]
[17.03100031],[-1.2634338e-13],1301,-25,[14.45540831]
[17.03100031],[-1.2634338e-13],1301,-25,[14.45540831]
[17.03100031],[-1.2634338e-13],1301,-25,[14.45540831]
[17.03100031],[-1.2634338e-13],1301,-25,[14.45540831]
[17.03100031],[-1.2634338e-13],1301,-25,[14.45540831]
[17.03100031],[-1.2634338e-13],1301,-25,[14.45540831]
[17.03100031],[-1.2634338e-13],1301,-25,[14.45540831]
[17.03100031],[-1.2634338e-13],1301,-25,[14.45540831]
[17.03100031],[-1.2634338e-13],1301,-25,[14.45540831]
[17.03100031],[-1.2634338e-13],1301,-25,[14.45540831]
[17.03100031],[-1.2634338e-13],1301,-25,[14.45540831]
[17.03100031],[-1.2634338e-13],1301,-25,[14.45540831]
[17.03100031],[-1.2634338e-13],1301,-25,[14.45540831]
[17.03100031],[-1.2634338e-13],1301,-25,[14.45540831]
[17.03100031],[-1.2634338e-13],1301,-25,[14.45540831]
[17.03100031],[-1.2634338e-13],1301,-25,[14.45540831]
[17.03100031],[-1.2634338e-13],1301,-25,[14.45540831]
[17.03100031],[-1.2634338e-13],1301,-25,[14.45540831]
[17.03100031],[-1.2634338e-13],1301,-25,[14.45540831]
[17.03100031],[-1.2634338e-13],1301,-25,[14.45540831]
[17.03100031],[-1.2634338e-13],1301,-25,[14.45540831]
[17.03100031],[-1.2634338e-13],1301,-25,[14.45540831]
[17.03100031],[-1.2634338e-13],1301,-25,[14.45540831]
[17.03100031],[-1.2634338e-13],1301,-25,[14.45540831]
[17.03100031],[-1.2634338e-13],1301,-25,[14.45540831]
[17.03100031],[-1.2634338e-13],1301,-25,[14.45540831]
[17.03100031],[-1.2634338e-13],1301,-25,[14.45540831]
[17.03100031],[-1.2634338e-13],1301,-25,[14.45540831]
[17.03100031],[-1.2634338e-13],1301,-25,[14.45540831]
[17.03100031],[-1.2634338e-13],1301,-25,[14.45540831]
[17.03100031],[-1.2634338e-13],1301,-25,[14.45540831]
[17.03100031],[-1.2634338e-13],1301,-25,[14.45540831]
[17.03100031],[-1.2634338e-13],1301,-25,[14.45540831]
[17.03100031],[-1.2634338e-13],1301,-25,[14.45540831]
[17.03100031],[-1.2634338e-13],1301,-25,[14.45540831]
[17.03100031],[-1.2634338e-13],1301,-25,[14.45540831]
[17.03100031],[-1.2634338e-13],1301,-25,[14.45540831]
[17.03100031],[-1.2634338e-13],1301,-25,[14.45540831]
[17.03100031],[-1.2634338e-13],1301,-25,[14.45540831]
[17.03100031],[-1.2634338e-13],1301,-25,[14.45540831]
[17.03100031],[-1.2634338e-13],1301,-25,[14.45540831]
[17.03100031],[-1.2634338e-13],1301,-25,[14.45540831]
[17.03100031],[-1.2634338e-13],1301,-25,[14.45540831]
[17.03100031],[-1.2634338e-13],1301,-25,[14.45540831]
[17.03100031],[-1.2634338e-13],1301,-25,[14.45540831]
[17.03100031],[-1.2634338e-13],1301,-25,[14.45540831]
[17.03100031],[-1.2634338e-13],1301,-25,[14.45540831]
[17.03100031],[-1.2634338e-13],1301,-25,[14.45540831]
[17.03100031],[-1.2634338e-13],1301,-25,[14.45540831]
[17.03100031],[-1.2634338e-13],1301,-25,[14.45540831]
[17.03100031],[-1.2634338e-13],1301,-25,[14.45540831]
[17.03100031],[-1.2634338e-13],1301,-25,[14.45540831]
[17.03100031],[-1.2634338e-13],1301,-25,[14.45540831]
[17.03100031],[-1.2634338e-13],1301,-25,[14.45540831]
[17.03100031],[-1.2634338e-13],1301,-25,[14.45540831]
[17.03100031],[-1.2634338e-13],1301,-25,[14.45540831]
[17.03100031],[-1.2634338e-13],1301,-25,[14.45540831]
[17.03100031],[-1.2634338e-13],1301,-25,[14.45540831]
[17.03100031],[-1.2634338e-13],1301,-25,[14.45540831]
[17.03100031],[-1.2634338e-13],1301,-25,[14.45540831]
[17.03100031],[-1.2634338e-13],1301,-25,[14.45540831]
[17.03100031],[-1.2634338e-13],1301,-25,[14.45540831]
[17.03100031],[-1.2634338e-13],1301,-25,[14.45540831]
[17.03100031],[-1.2634338e-13],1301,-25,[14.45540831]
[17.03100031],[-1.2634338e-13],1301,-25,[14.45540831]
[17.03100031],[-1.2634338e-13],1301,-25,[14.45540831]
[17.03100031],[-1.2634338e-13],1301,-25,[14.45540831]
[17.03100031],[-1.2634338e-13],1301,-25,[14.45540831]
[17.03100031],[-1.2634338e-13],1301,-25,[14.45540831]
[17.03100031],[-1.2634338e-13],1301,-25,[14.45540831]
[17.03100031],[-1.2634338e-13],1301,-25,[14.45540831]
[17.03100031],[-1.2634338e-13],1301,-25,[14.45540831]
[17.03100031],[-1.2634338e-13],1301,-25,[14.45540831]
[17.03100031],[-1.2634338e-13],1301,-25,[14.45540831]
[17.03100031],[-1.2634338e-13],1301,-25,[14.45540831]
[17.03100031],[-1.2634338e-13],1301,-25,[14.45540831]
[17.03100031],[-1.2634338e-13],1301,-25,[14.45540831]
[17.03100031],[-1.2634338e-13],1301,-25,[14.45540831]
[17.03100031],[-1.2634338e-13],1301,-25,[14.45540831]
[17.03100031],[-1.2634338e-13],1301,-25,[14.45540831]
[17.03100031],[-1.2634338e-13],1301,-25,[14.45540831]
[17.03100031],[-1.2634338e-13],1301,-25,[14.45540831]
[17.03100031],[-1.2634338e-13],1301,-25,[14.45540831]
[17.03100031],[-1.2634338e-13],1301,-25,[14.45540831]
[17.03100031],[-1.2634338e-13],1301,-25,[14.45540831]
[17.03100031],[-1.2634338e-13],1301,-25,[14.45540831]
[17.03100031],[-1.2634338e-13],1301,-25,[14.45540831]
[17.03100031],[-1.2634338e-13],1301,-25,[14.45540831]
[17.03100031],[-1.2634338e-13],1301,-25,[14.45540831]
[17.03100031],[-1.2634338e-13],1301,-25,[14.45540831]
[17.03100031],[-1.2634338e-13],1301,-25,[14.45540831]
[17.03100031],[-1.2634338e-13],1301,-25,[14.45540831]
[17.03100031],[-1.2634338e-13],1301,-25,[14.45540831]
[17.03100031],[-1.2634338e-13],1301,-25,[14.45540831]
[17.03100031],[-1.2634338e-13],1301,-25,[14.45540831]
[17.03100031],[-1.2634338e-13],1301,-25,[14.45540831]
[17.03100031],[-1.2634338e-13],1301,-25,[14.45540831]
[17.03100031],[-1.2634338e-13],1301,-25,[14.45540831]
[17.03100031],[-1.2634338e-13],1301,-25,[14.45540831]
[17.03100031],[-1.2634338e-13],1301,-25,[14.45540831]
[17.03100031],[-1.2634338e-13],1301,-25,[14.45540831]
[17.03100031],[-1.2634338e-13],1301,-25,[14.45540831]
[17.03100031],[-1.2634338e-13],1301,-25,[14.45540831]
[17.03100031],[-1.2634338e-13],1301,-25,[14.45540831]
[17.03100031],[-1.2634338e-13],1301,-25,[14.45540831]
[17.03100031],[-1.2634338e-13],1301,-25,[14.45540831]
[17.03100031],[-1.2634338e-13],1301,-25,[14.45540831]
[17.03100031],[-1.2634338e-13],1301,-25,[14.45540831]
[17.03100031],[-1.2634338e-13],1301,-25,[14.45540831]
[17.03100031],[-1.2634338e-13],1301,-25,[14.45540831]
[17.03100031],[-1.2634338e-13],1301,-25,[14.45540831]
[17.03100031],[-1.2634338e-13],1301,-25,[14.45540831]
[17.03100031],[-1.2634338e-13],1301,-25,[14.45540831]
[17.03100031],[-1.2634338e-13],1301,-25,[14.45540831]
[17.03100031],[-1.2634338e-13],1301,-25,[14.45540831]
[17.03100031],[-1.2634338e-13],1301,-25,[14.45540831]
[17.03100031],[-1.2634338e-13],1301,-25,[14.45540831]
[17.03100031],[-1.2634338e-13],1301,-25,[14.45540831]
[17.03100031],[-1.2634338e-13],1301,-25,[14.45540831]
[17.03100031],[-1.2634338e-13],1301,-25,[14.45540831]
[17.03100031],[-1.2634338e-13],1301,-25,[14.45540831]
[17.03100031],[-1.2634338e-13],1301,-25,[14.45540831]
[17.03100031],[-1.2634338e-13],1301,-25,[14.45540831]
[17.03100031],[-1.2634338e-13],1301,-25,[14.45540831]
[17.03100031],[-1.2634338e-13],1301,-25,[14.45540831]
[17.03100031],[-1.2634338e-13],1301,-25,[14.45540831]
[17.03100031],[-1.2634338e-13],1301,-25,[14.45540831]
[17.03100031],[-1.2634338e-13],1301,-25,[14.45540831]
[17.03100031],[-1.2634338e-13],1301,-25,[14.45540831]
[17.03100031],[-1.2634338e-13],1301,-25,[14.45540831]
[17.03100031],[-1.2634338e-13],1301,-25,[14.45540831]
[17.03100031],[-1.2634338e-13],1301,-25,[14.45540831]
[17.03100031],[-1.2634338e-13],1301,-25,[14.45540831]
[17.03100031],[-1.2634338e-13],1301,-25,[14.45540831]
[17.03100031],[-1.2634338e-13],1301,-25,[14.45540831]
[17.03100031],[-1.2634338e-13],1301,-25,[14.45540831]
[17.03100031],[-1.2634338e-13],1301,-25,[14.45540831]
[17.03100031],[-1.2634338e-13],1301,-25,[14.45540831]
[17.03100031],[-1.2634338e-13],1301,-25,[14.45540831]
[17.03100031],[-1.2634338e-13],1301,-25,[14.45540831]
[17.03100031],[-1.2634338e-13],1301,-25,[14.45540831]
[17.03100031],[-1.2634338e-13],1301,-25,[14.45540831]
[17.03100031],[-1.2634338e-13],1301,-25,[14.45540831]
[17.03100031],[-1.2634338e-13],1301,-25,[14.45540831]
[17.03100031],[-1.2634338e-13],1301,-25,[14.45540831]
[17.03100031],[-1.2634338e-13],1301,-25,[14.45540831]
[17.03100031],[-1.2634338e-13],1301,-25,[14.45540831]
[17.03100031],[-1.2634338e-13],1301,-25,[14.45540831]
[17.03100031],[-1.2634338e-13],1301,-25,[14.45540831]
[17.03100031],[-1.2634338e-13],1301,-25,[14.45540831]
[17.03100031],[-1.2634338e-13],1301,-25,[14.45540831]
[17.03100031],[-1.2634338e-13],1301,-25,[14.45540831]
[17.03100031],[-1.2634338e-13],1301,-25,[14.45540831]
[17.03100031],[-1.2634338e-13],1301,-25,[14.45540831]
[17.03100031],[-1.2634338e-13],1301,-25,[14.45540831]
[17.03100031],[-1.2634338e-13],1301,-25,[14.45540831]
[17.03100031],[-1.2634338e-13],1301,-25,[14.45540831]
[17.03100031],[-1.2634338e-13],1301,-25,[14.45540831]
[17.03100031],[-1.2634338e-13],1301,-25,[14.45540831]
[17.03100031],[-1.2634338e-13],1301,-25,[14.45540831]
[17.03100031],[-1.2634338e-13],1301,-25,[14.45540831]
[17.03100031],[-1.2634338e-13],1301,-25,[14.45540831]
[17.03100031],[-1.2634338e-13],1301,-25,[14.45540831]
[17.03100031],[-1.2634338e-13],1301,-25,[14.45540831]
[17.03100031],[-1.2634338e-13],1301,-25,[14.45540831]
[17.03100031],[-1.2634338e-13],1301,-25,[14.45540831]
[17.03100031],[-1.2634338e-13],1301,-25,[14.45540831]
[17.03100031],[-1.2634338e-13],1301,-25,[14.45540831]
[17.03100031],[-1.2634338e-13],1301,-25,[14.45540831]
[17.03100031],[-1.2634338e-13],1301,-25,[14.45540831]
[17.03100031],[-1.2634338e-13],1301,-25,[14.45540831]
[17.03100031],[-1.2634338e-13],1301,-25,[14.45540831]
[17.03100031],[-1.2634338e-13],1301,-25,[14.45540831]
[17.03100031],[-1.2634338e-13],1301,-25,[14.45540831]
[17.03100031],[-1.2634338e-13],1301,-25,[14.45540831]
[17.03100031],[-1.2634338e-13],1301,-25,[14.45540831]
[17.03100031],[-1.2634338e-13],1301,-25,[14.45540831]
[17.03100031],[-1.2634338e-13],1301,-25,[14.45540831]
[17.03100031],[-1.2634338e-13],1301,-25,[14.45540831]
[17.03100031],[-1.2634338e-13],1301,-25,[14.45540831]
[17.03100031],[-1.2634338e-13],1301,-25,[14.45540831]
[17.03100031],[-1.2634338e-13],1301,-25,[14.45540831]
[17.03100031],[-1.2634338e-13],1301,-25,[14.45540831]
[17.03100031],[-1.2634338e-13],1301,-25,[14.45540831]
[17.03100031],[-1.2634338e-13],1301,-25,[14.45540831]
[17.03100031],[-1.2634338e-13],1301,-25,[14.45540831]
[17.03100031],[-1.2634338e-13],1301,-25,[14.45540831]
[17.03100031],[-1.2634338e-13],1301,-25,[14.45540831]
[17.03100031],[-1.2634338e-13],1301,-25,[14.45540831]
[17.03100031],[-1.2634338e-13],1301,-25,[14.45540831]
[17.03100031],[-1.2634338e-13],1301,-25,[14.45540831]
[17.03100031],[-1.2634338e-13],1301,-25,[14.45540831]
[17.03100031],[-1.2634338e-13],1301,-25,[14.45540831]
[17.03100031],[-1.2634338e-13],1301,-25,[14.45540831]
[17.03100031],[-1.2634338e-13],1301,-25,[14.45540831]
[17.03100031],[-1.2634338e-13],1301,-25,[14.45540831]
[17.03100031],[-1.2634338e-13],1301,-25,[14.45540831]
[17.03100031],[-1.2634338e-13],1301,-25,[14.45540831]
[17.03100031],[-1.2634338e-13],1301,-25,[14.45540831]
[17.03100031],[-1.2634338e-13],1301,-25,[14.45540831]
[17.03100031],[-1.2634338e-13],1301,-25,[14.45540831]
[17.03100031],[-1.2634338e-13],1301,-25,[14.45540831]
[17.03100031],[-1.2634338e-13],1301,-25,[14.45540831]
[17.03100031],[-1.2634338e-13],1301,-25,[14.45540831]
[17.03100031],[-1.2634338e-13],1301,-25,[14.45540831]
[17.03100031],[-1.2634338e-13],1301,-25,[14.45540831]
[17.03100031],[-1.2634338e-13],1301,-25,[14.45540831]
[17.03100031],[-1.2634338e-13],1301,-25,[14.45540831]
[17.03100031],[-1.2634338e-13],1301,-25,[14.45540831]
[17.03100031],[-1.2634338e-13],1301,-25,[14.45540831]
[17.03100031],[-1.2634338e-13],1301,-25,[14.45540831]
[17.03100031],[-1.2634338e-13],1301,-25,[14.45540831]
[17.03100031],[-1.2634338e-13],1301,-25,[14.45540831]
[17.03100031],[-1.2634338e-13],1301,-25,[14.45540831]
[17.03100031],[-1.2634338e-13],1301,-25,[14.45540831]
[17.03100031],[-1.2634338e-13],1301,-25,[14.45540831]
[17.03100031],[-1.2634338e-13],1301,-25,[14.45540831]
[17.03100031],[-1.2634338e-13],1301,-25,[14.45540831]
[17.03100031],[-1.2634338e-13],1301,-25,[14.45540831]
[17.03100031],[-1.2634338e-13],1301,-25,[14.45540831]
[17.03100031],[-1.2634338e-13],1301,-25,[14.45540831]
[17.03100031],[-1.2634338e-13],1301,-25,[14.45540831]
[17.03100031],[-1.2634338e-13],1301,-25,[14.45540831]
[17.03100031],[-1.2634338e-13],1301,-25,[14.45540831]
[17.03100031],[-1.2634338e-13],1301,-25,[14.45540831]
[17.03100031],[-1.2634338e-13],1301,-25,[14.45540831]
[17.03100031],[-1.2634338e-13],1301,-25,[14.45540831]
[17.03100031],[-1.2634338e-13],1301,-25,[14.45540831]
[17.03100031],[-1.2634338e-13],1301,-25,[14.45540831]
[17.03100031],[-1.2634338e-13],1301,-25,[14.45540831]
[17.03100031],[-1.2634338e-13],1301,-25,[14.45540831]
[17.03100031],[-1.2634338e-13],1301,-25,[14.45540831]
[17.03100031],[-1.2634338e-13],1301,-25,[14.45540831]
[17.03100031],[-1.2634338e-13],1301,-25,[14.45540831]
[17.03100031],[-1.2634338e-13],1301,-25,[14.45540831]
[17.03100031],[-1.2634338e-13],1301,-25,[14.45540831]
[17.03100031],[-1.2634338e-13],1301,-25,[14.45540831]
[17.03100031],[-1.2634338e-13],1301,-25,[14.45540831]
[17.03100031],[-1.2634338e-13],1301,-25,[14.45540831]
[17.03100031],[-1.2634338e-13],1301,-25,[14.45540831]
[17.03100031],[-1.2634338e-13],1301,-25,[14.45540831]
[17.03100031],[-1.2634338e-13],1301,-25,[14.45540831]
[17.03100031],[-1.2634338e-13],1301,-25,[14.45540831]
[17.03100031],[-1.2634338e-13],1301,-25,[14.45540831]
[17.03100031],[-1.2634338e-13],1301,-25,[14.45540831]
[17.03100031],[-1.2634338e-13],1301,-25,[14.45540831]
[17.03100031],[-1.2634338e-13],1301,-25,[14.45540831]
[17.03100031],[-1.2634338e-13],1301,-25,[14.45540831]
[17.03100031],[-1.2634338e-13],1301,-25,[14.45540831]
[17.03100031],[-1.2634338e-13],1301,-25,[14.45540831]
[17.03100031],[-1.2634338e-13],1301,-25,[14.45540831]
[17.03100031],[-1.2634338e-13],1301,-25,[14.45540831]
[17.03100031],[-1.2634338e-13],1301,-25,[14.45540831]
[17.03100031],[-1.2634338e-13],1301,-25,[14.45540831]
[17.03100031],[-1.2634338e-13],1301,-25,[14.45540831]
[17.03100031],[-1.2634338e-13],1301,-25,[14.45540831]
[17.03100031],[-1.2634338e-13],1301,-25,[14.45540831]
[17.03100031],[-1.2634338e-13],1301,-25,[14.45540831]
[17.03100031],[-1.2634338e-13],1301,-25,[14.45540831]
[17.03100031],[-1.2634338e-13],1301,-25,[14.45540831]
[17.03100031],[-1.2634338e-13],1301,-25,[14.45540831]
[17.03100031],[-1.2634338e-13],1301,-25,[14.45540831]
[17.03100031],[-1.2634338e-13],1301,-25,[14.45540831]
[17.03100031],[-1.2634338e-13],1301,-25,[14.45540831]
[17.03100031],[-1.2634338e-13],1301,-25,[14.45540831]
[17.03100031],[-1.2634338e-13],1301,-25,[14.45540831]
[17.03100031],[-1.2634338e-13],1301,-25,[14.45540831]
[17.03100031],[-1.2634338e-13],1301,-25,[14.45540831]
[17.03100031],[-1.2634338e-13],1301,-25,[14.45540831]
[17.03100031],[-1.2634338e-13],1301,-25,[14.45540831]
[17.03100031],[-1.2634338e-13],1301,-25,[14.45540831]
[17.03100031],[-1.2634338e-13],1301,-25,[14.45540831]
[17.03100031],[-1.2634338e-13],1301,-25,[14.45540831]
[17.03100031],[-1.2634338e-13],1301,-25,[14.45540831]
[17.03100031],[-1.2634338e-13],1301,-25,[14.45540831]
[17.03100031],[-1.2634338e-13],1301,-25,[14.45540831]
[17.03100031],[-1.2634338e-13],1301,-25,[14.45540831]
[17.03100031],[-1.2634338e-13],1301,-25,[14.45540831]
[17.03100031],[-1.2634338e-13],1301,-25,[14.45540831]
[17.03100031],[-1.2634338e-13],1301,-25,[14.45540831]
[17.03100031],[-1.2634338e-13],1301,-25,[14.45540831]
[17.03100031],[-1.2634338e-13],1301,-25,[14.45540831]
[17.03100031],[-1.2634338e-13],1301,-25,[14.45540831]
[17.03100031],[-1.2634338e-13],1301,-25,[14.45540831]
[17.03100031],[-1.2634338e-13],1301,-25,[14.45540831]
[17.03100031],[-1.2634338e-13],1301,-25,[14.45540831]
[17.03100031],[-1.2634338e-13],1301,-25,[14.45540831]
[17.03100031],[-1.2634338e-13],1301,-25,[14.45540831]
[17.03100031],[-1.2634338e-13],1301,-25,[14.45540831]
[17.03100031],[-1.2634338e-13],1301,-25,[14.45540831]
[17.03100031],[-1.2634338e-13],1301,-25,[14.45540831]
[17.03100031],[-1.2634338e-13],1301,-25,[14.45540831]
[17.03100031],[-1.2634338e-13],1301,-25,[14.45540831]
[17.03100031],[-1.2634338e-13],1301,-25,[14.45540831]
[17.03100031],[-1.2634338e-13],1301,-25,[14.45540831]
[17.03100031],[-1.2634338e-13],1301,-25,[14.45540831]
[17.03100031],[-1.2634338e-13],1301,-25,[14.45540831]
[17.03100031],[-1.2634338e-13],1301,-25,[14.45540831]
[17.03100031],[-1.2634338e-13],1301,-25,[14.45540831]
[17.03100031],[-1.2634338e-13],1301,-25,[14.45540831]
[17.03100031],[-1.2634338e-13],1301,-25,[14.45540831]
[17.03100031],[-1.2634338e-13],1301,-25,[14.45540831]
[17.03100031],[-1.2634338e-13],1301,-25,[14.45540831]
[17.03100031],[-1.2634338e-13],1301,-25,[14.45540831]
[17.03100031],[-1.2634338e-13],1301,-25,[14.45540831]
[17.03100031],[-1.2634338e-13],1301,-25,[14.45540831]
[17.03100031],[-1.2634338e-13],1301,-25,[14.45540831]
[17.03100031],[-1.2634338e-13],1301,-25,[14.45540831]
[17.03100031],[-1.2634338e-13],1301,-25,[14.45540831]
[17.03100031],[-1.2634338e-13],1301,-25,[14.45540831]
[17.03100031],[-1.2634338e-13],1301,-25,[14.45540831]
[17.03100031],[-1.2634338e-13],1301,-25,[14.45540831]
[17.03100031],[-1.2634338e-13],1301,-25,[14.45540831]
[17.03100031],[-1.2634338e-13],1301,-25,[14.45540831]
[17.03100031],[-1.2634338e-13],1301,-25,[14.45540831]
[17.03100031],[-1.2634338e-13],1301,-25,[14.45540831]
[17.03100031],[-1.2634338e-13],1301,-25,[14.45540831]
[17.03100031],[-1.2634338e-13],1301,-25,[14.45540831]
[17.03100031],[-1.2634338e-13],1301,-25,[14.45540831]
[17.03100031],[-1.2634338e-13],1301,-25,[14.45540831]
[17.03100031],[-1.2634338e-13],1301,-25,[14.45540831]
[17.03100031],[-1.2634338e-13],1301,-25,[14.45540831]
[17.03100031],[-1.2634338e-13],1301,-25,[14.45540831]
[17.03100031],[-1.2634338e-13],1301,-25,[14.45540831]
[17.03100031],[-1.2634338e-13],1301,-25,[14.45540831]
[17.03100031],[-1.2634338e-13],1301,-25,[14.45540831]
[17.03100031],[-1.2634338e-13],1301,-25,[14.45540831]
[17.03100031],[-1.2634338e-13],1301,-25,[14.45540831]
[17.03100031],[-1.2634338e-13],1301,-25,[14.45540831]
[17.03100031],[-1.2634338e-13],1301,-25,[14.45540831]
[17.03100031],[-1.2634338e-13],1301,-25,[14.45540831]
[17.03100031],[-1.2634338e-13],1301,-25,[14.45540831]
[17.03100031],[-1.2634338e-13],1301,-25,[14.45540831]
[17.03100031],[-1.2634338e-13],1301,-25,[14.45540831]
[17.03100031],[-1.2634338e-13],1301,-25,[14.45540831]
[17.03100031],[-1.2634338e-13],1301,-25,[14.45540831]
[17.03100031],[-1.2634338e-13],1301,-25,[14.45540831]
[17.03100031],[-1.2634338e-13],1301,-25,[14.45540831]
[17.03100031],[-1.2634338e-13],1301,-25,[14.45540831]
[17.03100031],[-1.2634338e-13],1301,-25,[14.45540831]
[17.03100031],[-1.2634338e-13],1301,-25,[14.45540831]
[17.03100031],[-1.2634338e-13],1301,-25,[14.45540831]
[17.03100031],[-1.2634338e-13],1301,-25,[14.45540831]
[17.03100031],[-1.2634338e-13],1301,-25,[14.45540831]
[17.03100031],[-1.2634338e-13],1301,-25,[14.45540831]
[17.03100031],[-1.2634338e-13],1301,-25,[14.45540831]
[17.03100031],[-1.2634338e-13],1301,-25,[14.45540831]
[17.03100031],[-1.2634338e-13],1301,-25,[14.45540831]
[17.03100031],[-1.2634338e-13],1301,-25,[14.45540831]
[17.03100031],[-1.2634338e-13],1301,-25,[14.45540831]
[17.03100031],[-1.2634338e-13],1301,-25,[14.45540831]
[17.03100031],[-1.2634338e-13],1301,-25,[14.45540831]
[17.03100031],[-1.2634338e-13],1301,-25,[14.45540831]
[17.03100031],[-1.2634338e-13],1301,-25,[14.45540831]
[17.03100031],[-1.2634338e-13],1301,-25,[14.45540831]
[17.03100031],[-1.2634338e-13],1301,-25,[14.45540831]
[17.03100031],[-1.2634338e-13],1301,-25,[14.45540831]
[17.03100031],[-1.2634338e-13],1301,-25,[14.45540831]
[17.03100031],[-1.2634338e-13],1301,-25,[14.45540831]
[17.03100031],[-1.2634338e-13],1301,-25,[14.45540831]
[17.03100031],[-1.2634338e-13],1301,-25,[14.45540831]
[17.03100031],[-1.2634338e-13],1301,-25,[14.45540831]
[17.03100031],[-1.2634338e-13],1301,-25,[14.45540831]
[17.03100031],[-1.2634338e-13],1301,-25,[14.45540831]
[17.03100031],[-1.2634338e-13],1301,-25,[14.45540831]
[17.03100031],[-1.2634338e-13],1301,-25,[14.45540831]
[17.03100031],[-1.2634338e-13],1301,-25,[14.45540831]
[17.03100031],[-1.2634338e-13],1301,-25,[14.45540831]
[17.03100031],[-1.2634338e-13],1301,-25,[14.45540831]
[17.03100031],[-1.2634338e-13],1301,-25,[14.45540831]
[17.03100031],[-1.2634338e-13],1301,-25,[14.45540831]
[17.03100031],[-1.2634338e-13],1301,-25,[14.45540831]
[17.03100031],[-1.2634338e-13],1301,-25,[14.45540831]
[17.03100031],[-1.2634338e-13],1301,-25,[14.45540831]
[17.03100031],[-1.2634338e-13],1301,-25,[14.45540831]
[17.03100031],[-1.2634338e-13],1301,-25,[14.45540831]
[17.03100031],[-1.2634338e-13],1301,-25,[14.45540831]
[17.03100031],[-1.2634338e-13],1301,-25,[14.45540831]
[17.03100031],[-1.2634338e-13],1301,-25,[14.45540831]
[17.03100031],[-1.2634338e-13],1301,-25,[14.45540831]
[17.03100031],[-1.2634338e-13],1301,-25,[14.45540831]
[17.03100031],[-1.2634338e-13],1301,-25,[14.45540831]
[17.03100031],[-1.2634338e-13],1301,-25,[14.45540831]
[17.03100031],[-1.2634338e-13],1301,-25,[14.45540831]
[17.03100031],[-1.2634338e-13],1301,-25,[14.45540831]
[17.03100031],[-1.2634338e-13],1301,-25,[14.45540831]
[17.03100031],[-1.2634338e-13],1301,-25,[14.45540831]
[17.03100031],[-1.2634338e-13],1301,-25,[14.45540831]
[17.03100031],[-1.2634338e-13],1301,-25,[14.45540831]
[17.03100031],[-1.2634338e-13],1301,-25,[14.45540831]
[17.03100031],[-1.2634338e-13],1301,-25,[14.45540831]
[17.03100031],[-1.2634338e-13],1301,-25,[14.45540831]
[17.03100031],[-1.2634338e-13],1301,-25,[14.45540831]
[17.03100031],[-1.2634338e-13],1301,-25,[14.45540831]
[17.03100031],[-1.2634338e-13],1301,-25,[14.45540831]
[17.03100031],[-1.2634338e-13],1301,-25,[14.45540831]
[17.03100031],[-1.2634338e-13],1301,-25,[14.45540831]
[17.03100031],[-1.2634338e-13],1301,-25,[14.45540831]
[17.03100031],[-1.2634338e-13],1301,-25,[14.45540831]
[17.03100031],[-1.2634338e-13],1301,-25,[14.45540831]
[17.03100031],[-1.2634338e-13],1301,-25,[14.45540831]
[17.03100031],[-1.2634338e-13],1301,-25,[14.45540831]
[17.03100031],[-1.2634338e-13],1301,-25,[14.45540831]
[17.03100031],[-1.2634338e-13],1301,-25,[14.45540831]
[17.03100031],[-1.2634338e-13],1301,-25,[14.45540831]
[17.03100031],[-1.2634338e-13],1301,-25,[14.45540831]
[17.03100031],[-1.2634338e-13],1301,-25,[14.45540831]
[17.03100031],[-1.2634338e-13],1301,-25,[14.45540831]
[17.03100031],[-1.2634338e-13],1301,-25,[14.45540831]
[17.03100031],[-1.2634338e-13],1301,-25,[14.45540831]
[17.03100031],[-1.2634338e-13],1301,-25,[14.45540831]
[17.03100031],[-1.2634338e-13],1301,-25,[14.45540831]
[17.03100031],[-1.2634338e-13],1301,-25,[14.45540831]
[17.03100031],[-1.2634338e-13],1301,-25,[14.45540831]
[17.03100031],[-1.2634338e-13],1301,-25,[14.45540831]
[17.03100031],[-1.2634338e-13],1301,-25,[14.45540831]
[17.03100031],[-1.2634338e-13],1301,-25,[14.45540831]
[17.03100031],[-1.2634338e-13],1301,-25,[14.45540831]
[17.03100031],[-1.2634338e-13],1301,-25,[14.45540831]
[17.03100031],[-1.2634338e-13],1301,-25,[14.45540831]
[17.03100031],[-1.2634338e-13],1301,-25,[14.45540831]
[17.03100031],[-1.2634338e-13],1301,-25,[14.45540831]
[17.03100031],[-1.2634338e-13],1301,-25,[14.45540831]
[17.03100031],[-1.2634338e-13],1301,-25,[14.45540831]
[17.03100031],[-1.2634338e-13],1301,-25,[14.45540831]
[17.03100031],[-1.2634338e-13],1301,-25,[14.45540831]
[17.03100031],[-1.2634338e-13],1301,-25,[14.45540831]
[17.03100031],[-1.2634338e-13],1301,-25,[14.45540831]
[17.03100031],[-1.2634338e-13],1301,-25,[14.45540831]
[17.03100031],[-1.2634338e-13],1301,-25,[14.45540831]
[17.03100031],[-1.2634338e-13],1301,-25,[14.45540831]
[17.03100031],[-1.2634338e-13],1301,-25,[14.45540831]
[17.03100031],[-1.2634338e-13],1301,-25,[14.45540831]
[17.03100031],[-1.2634338e-13],1301,-25,[14.45540831]
[17.03100031],[-1.2634338e-13],1301,-25,[14.45540831]
[17.03100031],[-1.2634338e-13],1301,-25,[14.45540831]
[17.03100031],[-1.2634338e-13],1301,-25,[14.45540831]
[17.03100031],[-1.2634338e-13],1301,-25,[14.45540831]
[17.03100031],[-1.2634338e-13],1301,-25,[14.45540831]
[17.03100031],[-1.2634338e-13],1301,-25,[14.45540831]
[17.03100031],[-1.2634338e-13],1301,-25,[14.45540831]
[17.03100031],[-1.2634338e-13],1301,-25,[14.45540831]
[17.03100031],[-1.2634338e-13],1301,-25,[14.45540831]
[17.03100031],[-1.2634338e-13],1301,-25,[14.45540831]
[17.03100031],[-1.2634338e-13],1301,-25,[14.45540831]
[17.03100031],[-1.2634338e-13],1301,-25,[14.45540831]
[17.03100031],[-1.2634338e-13],1301,-25,[14.45540831]
[17.03100031],[-1.2634338e-13],1301,-25,[14.45540831]
[17.03100031],[-1.2634338e-13],1301,-25,[14.45540831]
[17.03100031],[-1.2634338e-13],1301,-25,[14.45540831]
[17.03100031],[-1.2634338e-13],1301,-25,[14.45540831]
[17.03100031],[-1.2634338e-13],1301,-25,[14.45540831]
[17.03100031],[-1.2634338e-13],1301,-25,[14.45540831]
[17.03100031],[-1.2634338e-13],1301,-25,[14.45540831]
[17.03100031],[-1.2634338e-13],1301,-25,[14.45540831]
[17.03100031],[-1.2634338e-13],1301,-25,[14.45540831]
[17.03100031],[-1.2634338e-13],1301,-25,[14.45540831]
[17.03100031],[-1.2634338e-13],1301,-25,[14.45540831]
[17.03100031],[-1.2634338e-13],1301,-25,[14.45540831]
[17.03100031],[-1.2634338e-13],1301,-25,[14.45540831]
[17.03100031],[-1.2634338e-13],1301,-25,[14.45540831]
[17.03100031],[-1.2634338e-13],1301,-25,[14.45540831]
[17.03100031],[-1.2634338e-13],1301,-25,[14.45540831]
[17.03100031],[-1.2634338e-13],1301,-25,[14.45540831]
[17.03100031],[-1.2634338e-13],1301,-25,[14.45540831]
[17.03100031],[-1.2634338e-13],1301,-25,[14.45540831]
[17.03100031],[-1.2634338e-13],1301,-25,[14.45540831]
[17.03100031],[-1.2634338e-13],1301,-25,[14.45540831]
[17.03100031],[-1.2634338e-13],1301,-25,[14.45540831]
[17.03100031],[-1.2634338e-13],1301,-25,[14.45540831]
[17.03100031],[-1.2634338e-13],1301,-25,[14.45540831]
[17.03100031],[-1.2634338e-13],1301,-25,[14.45540831]
[17.03100031],[-1.2634338e-13],1301,-25,[14.45540831]
[17.03100031],[-1.2634338e-13],1301,-25,[14.45540831]
[17.03100031],[-1.2634338e-13],1301,-25,[14.45540831]
[17.03100031],[-1.2634338e-13],1301,-25,[14.45540831]
[17.03100031],[-1.2634338e-13],1301,-25,[14.45540831]
[17.03100031],[-1.2634338e-13],1301,-25,[14.45540831]
[17.03100031],[-1.2634338e-13],1301,-25,[14.45540831]
[17.03100031],[-1.2634338e-13],1301,-25,[14.45540831]
[17.03100031],[-1.2634338e-13],1301,-25,[14.45540831]
[17.03100031],[-1.2634338e-13],1301,-25,[14.45540831]
[17.03100031],[-1.2634338e-13],1301,-25,[14.45540831]
[17.03100031],[-1.2634338e-13],1301,-25,[14.45540831]
[17.03100031],[-1.2634338e-13],1301,-25,[14.45540831]
[17.03100031],[-1.2634338e-13],1301,-25,[14.45540831]
[17.03100031],[-1.2634338e-13],1301,-25,[14.45540831]
[17.03100031],[-1.2634338e-13],1301,-25,[14.45540831]
[17.03100031],[-1.2634338e-13],1301,-25,[14.45540831]
[17.03100031],[-1.2634338e-13],1301,-25,[14.45540831]
[17.03100031],[-1.2634338e-13],1301,-25,[14.45540831]
[17.03100031],[-1.2634338e-13],1301,-25,[14.45540831]
[17.03100031],[-1.2634338e-13],1301,-25,[14.45540831]
[17.03100031],[-1.2634338e-13],1301,-25,[14.45540831]
[17.03100031],[-1.2634338e-13],1301,-25,[14.45540831]
[17.03100031],[-1.2634338e-13],1301,-25,[14.45540831]
[17.03100031],[-1.2634338e-13],1301,-25,[14.45540831]
[17.03100031],[-1.2634338e-13],1301,-25,[14.45540831]
[17.03100031],[-1.2634338e-13],1301,-25,[14.45540831]
[17.03100031],[-1.2634338e-13],1301,-25,[14.45540831]
[17.03100031],[-1.2634338e-13],1301,-25,[14.45540831]
[17.03100031],[-1.2634338e-13],1301,-25,[14.45540831]
[17.03100031],[-1.2634338e-13],1301,-25,[14.45540831]
[17.03100031],[-1.2634338e-13],1301,-25,[14.45540831]
[17.03100031],[-1.2634338e-13],1301,-25,[14.45540831]
[17.03100031],[-1.2634338e-13],1301,-25,[14.45540831]
[17.03100031],[-1.2634338e-13],1301,-25,[14.45540831]
[17.03100031],[-1.2634338e-13],1301,-25,[14.45540831]
[17.03100031],[-1.2634338e-13],1301,-25,[14.45540831]
[17.03100031],[-1.2634338e-13],1301,-25,[14.45540831]
[17.03100031],[-1.2634338e-13],1301,-25,[14.45540831]
[17.03100031],[-1.2634338e-13],1301,-25,[14.45540831]
[17.03100031],[-1.2634338e-13],1301,-25,[14.45540831]
[17.03100031],[-1.2634338e-13],1301,-25,[14.45540831]
[17.03100031],[-1.2634338e-13],1301,-25,[14.45540831]
[17.03100031],[-1.2634338e-13],1301,-25,[14.45540831]
[17.03100031],[-1.2634338e-13],1301,-25,[14.45540831]
[17.03100031],[-1.2634338e-13],1301,-25,[14.45540831]
[17.03100031],[-1.2634338e-13],1301,-25,[14.45540831]
[17.03100031],[-1.2634338e-13],1301,-25,[14.45540831]
[17.03100031],[-1.2634338e-13],1301,-25,[14.45540831]
[17.03100031],[-1.2634338e-13],1301,-25,[14.45540831]
[17.03100031],[-1.2634338e-13],1301,-25,[14.45540831]
[17.03100031],[-1.2634338e-13],1301,-25,[14.45540831]
[17.03100031],[-1.2634338e-13],1301,-25,[14.45540831]
[17.03100031],[-1.2634338e-13],1301,-25,[14.45540831]
[17.03100031],[-1.2634338e-13],1301,-25,[14.45540831]
[17.03100031],[-1.2634338e-13],1301,-25,[14.45540831]
[17.03100031],[-1.2634338e-13],1301,-25,[14.45540831]
[17.03100031],[-1.2634338e-13],1301,-25,[14.45540831]
[17.03100031],[-1.2634338e-13],1301,-25,[14.45540831]
[17.03100031],[-1.2634338e-13],1301,-25,[14.45540831]
[17.03100031],[-1.2634338e-13],1301,-25,[14.45540831]
[17.03100031],[-1.2634338e-13],1301,-25,[14.45540831]
[17.03100031],[-1.2634338e-13],1301,-25,[14.45540831]
[17.03100031],[-1.2634338e-13],1301,-25,[14.45540831]
[17.03100031],[-1.2634338e-13],1301,-25,[14.45540831]
[17.03100031],[-1.2634338e-13],1301,-25,[14.45540831]
[17.03100031],[-1.2634338e-13],1301,-25,[14.45540831]
[17.03100031],[-1.2634338e-13],1301,-25,[14.45540831]
[17.03100031],[-1.2634338e-13],1301,-25,[14.45540831]
[17.03100031],[-1.2634338e-13],1301,-25,[14.45540831]
[17.03100031],[-1.2634338e-13],1301,-25,[14.45540831]
[17.03100031],[-1.2634338e-13],1301,-25,[14.45540831]
[17.03100031],[-1.2634338e-13],1301,-25,[14.45540831]
[17.03100031],[-1.2634338e-13],1301,-25,[14.45540831]
[17.03100031],[-1.2634338e-13],1301,-25,[14.45540831]
[17.03100031],[-1.2634338e-13],1301,-25,[14.45540831]
[17.03100031],[-1.2634338e-13],1301,-25,[14.45540831]
[17.03100031],[-1.2634338e-13],1301,-25,[14.45540831]
[17.03100031],[-1.2634338e-13],1301,-25,[14.45540831]
[17.03100031],[-1.2634338e-13],1301,-25,[14.45540831]
[17.03100031],[-1.2634338e-13],1301,-25,[14.45540831]
[17.03100031],[-1.2634338e-13],1301,-25,[14.45540831]
[17.03100031],[-1.2634338e-13],1301,-25,[14.45540831]
[17.03100031],[-1.2634338e-13],1301,-25,[14.45540831]
[17.03100031],[-1.2634338e-13],1301,-25,[14.45540831]
[17.03100031],[-1.2634338e-13],1301,-25,[14.45540831]
[17.03100031],[-1.2634338e-13],1301,-25,[14.45540831]
[17.03100031],[-1.2634338e-13],1301,-25,[14.45540831]
[17.03100031],[-1.2634338e-13],1301,-25,[14.45540831]
[17.03100031],[-1.2634338e-13],1301,-25,[14.45540831]
[17.03100031],[-1.2634338e-13],1301,-25,[14.45540831]
[17.03100031],[-1.2634338e-13],1301,-25,[14.45540831]
[17.03100031],[-1.2634338e-13],1301,-25,[14.45540831]
[17.03100031],[-1.2634338e-13],1301,-25,[14.45540831]
[17.03100031],[-1.2634338e-13],1301,-25,[14.45540831]
[17.03100031],[-1.2634338e-13],1301,-25,[14.45540831]
[17.03100031],[-1.2634338e-13],1301,-25,[14.45540831]
[17.03100031],[-1.2634338e-13],1301,-25,[14.45540831]
[17.03100031],[-1.2634338e-13],1301,-25,[14.45540831]
[17.03100031],[-1.2634338e-13],1301,-25,[14.45540831]
[17.03100031],[-1.2634338e-13],1301,-25,[14.45540831]
[17.03100031],[-1.2634338e-13],1301,-25,[14.45540831]
[17.03100031],[-1.2634338e-13],1301,-25,[14.45540831]
[17.03100031],[-1.2634338e-13],1301,-25,[14.45540831]
[17.03100031],[-1.2634338e-13],1301,-25,[14.45540831]
[17.03100031],[-1.2634338e-13],1301,-25,[14.45540831]
[17.03100031],[-1.2634338e-13],1301,-25,[14.45540831]
[17.03100031],[-1.2634338e-13],1301,-25,[14.45540831]
[17.03100031],[-1.2634338e-13],1301,-25,[14.45540831]
[17.03100031],[-1.2634338e-13],1301,-25,[14.45540831]
[17.03100031],[-1.2634338e-13],1301,-25,[14.45540831]
[17.03100031],[-1.2634338e-13],1301,-25,[14.45540831]
[17.03100031],[-1.2634338e-13],1301,-25,[14.45540831]
[17.03100031],[-1.2634338e-13],1301,-25,[14.45540831]
[17.03100031],[-1.2634338e-13],1301,-25,[14.45540831]
[17.03100031],[-1.2634338e-13],1301,-25,[14.45540831]
[17.03100031],[-1.2634338e-13],1301,-25,[14.45540831]
[17.03100031],[-1.2634338e-13],1301,-25,[14.45540831]
[17.03100031],[-1.2634338e-13],1301,-25,[14.45540831]
[17.03100031],[-1.2634338e-13],1301,-25,[14.45540831]
[17.03100031],[-1.2634338e-13],1301,-25,[14.45540831]
[17.03100031],[-1.2634338e-13],1301,-25,[14.45540831]
[17.03100031],[-1.2634338e-13],1301,-25,[14.45540831]
[17.03100031],[-1.2634338e-13],1301,-25,[14.45540831]
[17.03100031],[-1.2634338e-13],1301,-25,[14.45540831]
[17.03100031],[-1.2634338e-13],1301,-25,[14.45540831]
[17.03100031],[-1.2634338e-13],1301,-25,[14.45540831]
[17.03100031],[-1.2634338e-13],1301,-25,[14.45540831]
[17.03100031],[-1.2634338e-13],1301,-25,[14.45540831]
[17.03100031],[-1.2634338e-13],1301,-25,[14.45540831]
[17.03100031],[-1.2634338e-13],1301,-25,[14.45540831]
[17.03100031],[-1.2634338e-13],1301,-25,[14.45540831]
[17.03100031],[-1.2634338e-13],1301,-25,[14.45540831]
[17.03100031],[-1.2634338e-13],1301,-25,[14.45540831]
[17.03100031],[-1.2634338e-13],1301,-25,[14.45540831]
[17.03100031],[-1.2634338e-13],1301,-25,[14.45540831]
[17.03100031],[-1.2634338e-13],1301,-25,[14.45540831]
[17.03100031],[-1.2634338e-13],1301,-25,[14.45540831]
[17.03100031],[-1.2634338e-13],1301,-25,[14.45540831]
[17.03100031],[-1.2634338e-13],1301,-25,[14.45540831]
[17.03100031],[-1.2634338e-13],1301,-25,[14.45540831]
[17.03100031],[-1.2634338e-13],1301,-25,[14.45540831]
[17.03100031],[-1.2634338e-13],1301,-25,[14.45540831]
[17.03100031],[-1.2634338e-13],1301,-25,[14.45540831]
[17.03100031],[-1.2634338e-13],1301,-25,[14.45540831]
[17.03100031],[-1.2634338e-13],1301,-25,[14.45540831]
[17.03100031],[-1.2634338e-13],1301,-25,[14.45540831]
[17.03100031],[-1.2634338e-13],1301,-25,[14.45540831]
[17.03100031],[-1.2634338e-13],1301,-25,[14.45540831]
[17.03100031],[-1.2634338e-13],1301,-25,[14.45540831]
[17.03100031],[-1.2634338e-13],1301,-25,[14.45540831]
[17.03100031],[-1.2634338e-13],1301,-25,[14.45540831]
[17.03100031],[-1.2634338e-13],1301,-25,[14.45540831]
[17.03100031],[-1.2634338e-13],1301,-25,[14.45540831]
[17.03100031],[-1.2634338e-13],1301,-25,[14.45540831]
[17.03100031],[-1.2634338e-13],1301,-25,[14.45540831]
[17.03100031],[-1.2634338e-13],1301,-25,[14.45540831]
[17.03100031],[-1.2634338e-13],1301,-25,[14.45540831]
[17.03100031],[-1.2634338e-13],1301,-25,[14.45540831]
[17.03100031],[-1.2634338e-13],1301,-25,[14.45540831]
[17.03100031],[-1.2634338e-13],1301,-25,[14.45540831]
[17.03100031],[-1.2634338e-13],1301,-25,[14.45540831]
[17.03100031],[-1.2634338e-13],1301,-25,[14.45540831]
[17.03100031],[-1.2634338e-13],1301,-25,[14.45540831]
[17.03100031],[-1.2634338e-13],1301,-25,[14.45540831]
[17.03100031],[-1.2634338e-13],1301,-25,[14.45540831]
[17.03100031],[-1.2634338e-13],1301,-25,[14.45540831]
[17.03100031],[-1.2634338e-13],1301,-25,[14.45540831]
[17.03100031],[-1.2634338e-13],1301,-25,[14.45540831]
[17.03100031],[-1.2634338e-13],1301,-25,[14.45540831]
[17.03100031],[-1.2634338e-13],1301,-25,[14.45540831]
[17.03100031],[-1.2634338e-13],1301,-25,[14.45540831]
[17.03100031],[-1.2634338e-13],1301,-25,[14.45540831]
[17.03100031],[-1.2634338e-13],1301,-25,[14.45540831]
[17.03100031],[-1.2634338e-13],1301,-25,[14.45540831]
[17.03100031],[-1.2634338e-13],1301,-25,[14.45540831]
[17.03100031],[-1.2634338e-13],1301,-25,[14.45540831]
[17.03100031],[-1.2634338e-13],1301,-25,[14.45540831]
[17.03100031],[-1.2634338e-13],1301,-25,[14.45540831]
[17.03100031],[-1.2634338e-13],1301,-25,[14.45540831]
[17.03100031],[-1.2634338e-13],1301,-25,[14.45540831]
[17.03100031],[-1.2634338e-13],1301,-25,[14.45540831]
[17.03100031],[-1.2634338e-13],1301,-25,[14.45540831]
[17.03100031],[-1.2634338e-13],1301,-25,[14.45540831]
[17.03100031],[-1.2634338e-13],1301,-25,[14.45540831]
[17.03100031],[-1.2634338e-13],1301,-25,[14.45540831]
[17.03100031],[-1.2634338e-13],1301,-25,[14.45540831]
[17.03100031],[-1.2634338e-13],1301,-25,[14.45540831]
[17.03100031],[-1.2634338e-13],1301,-25,[14.45540831]
[17.03100031],[-1.2634338e-13],1301,-25,[14.45540831]
[17.03100031],[-1.2634338e-13],1301,-25,[14.45540831]
[17.03100031],[-1.2634338e-13],1301,-25,[14.45540831]
[17.03100031],[-1.2634338e-13],1301,-25,[14.45540831]
[17.03100031],[-1.2634338e-13],1301,-25,[14.45540831]
[17.03100031],[-1.2634338e-13],1301,-25,[14.45540831]
[17.03100031],[-1.2634338e-13],1301,-25,[14.45540831]
[17.03100031],[-1.2634338e-13],1301,-25,[14.45540831]
[17.03100031],[-1.2634338e-13],1301,-25,[14.45540831]
[17.03100031],[-1.2634338e-13],1301,-25,[14.45540831]
[17.03100031],[-1.2634338e-13],1301,-25,[14.45540831]
[17.03100031],[-1.2634338e-13],1301,-25,[14.45540831]
[17.03100031],[-1.2634338e-13],1301,-25,[14.45540831]
[17.03100031],[-1.2634338e-13],1301,-25,[14.45540831]
[17.03100031],[-1.2634338e-13],1301,-25,[14.45540831]
[17.03100031],[-1.2634338e-13],1301,-25,[14.45540831]
[17.03100031],[-1.2634338e-13],1301,-25,[14.45540831]
[17.03100031],[-1.2634338e-13],1301,-25,[14.45540831]
[17.03100031],[-1.2634338e-13],1301,-25,[14.45540831]
[17.03100031],[-1.2634338e-13],1301,-25,[14.45540831]
[17.03100031],[-1.2634338e-13],1301,-25,[14.45540831]
[17.03100031],[-1.2634338e-13],1301,-25,[14.45540831]
[17.03100031],[-1.2634338e-13],1301,-25,[14.45540831]
[17.03100031],[-1.2634338e-13],1301,-25,[14.45540831]
[17.03100031],[-1.2634338e-13],1301,-25,[14.45540831]
[17.03100031],[-1.2634338e-13],1301,-25,[14.45540831]
[17.03100031],[-1.2634338e-13],1301,-25,[14.45540831]
[17.03100031],[-1.2634338e-13],1301,-25,[14.45540831]
[17.03100031],[-1.2634338e-13],1301,-25,[14.45540831]
[17.03100031],[-1.2634338e-13],1301,-25,[14.45540831]
[17.03100031],[-1.2634338e-13],1301,-25,[14.45540831]
[17.03100031],[-1.2634338e-13],1301,-25,[14.45540831]
[17.03100031],[-1.2634338e-13],1301,-25,[14.45540831]
[17.03100031],[-1.2634338e-13],1301,-25,[14.45540831]
[17.03100031],[-1.2634338e-13],1301,-25,[14.45540831]
[17.03100031],[-1.2634338e-13],1301,-25,[14.45540831]
[17.03100031],[-1.2634338e-13],1301,-25,[14.45540831]
[17.03100031],[-1.2634338e-13],1301,-25,[14.45540831]
[17.03100031],[-1.2634338e-13],1301,-25,[14.45540831]
[17.03100031],[-1.2634338e-13],1301,-25,[14.45540831]
[17.03100031],[-1.2634338e-13],1301,-25,[14.45540831]
[17.03100031],[-1.2634338e-13],1301,-25,[14.45540831]
[17.03100031],[-1.2634338e-13],1301,-25,[14.45540831]
[17.03100031],[-1.2634338e-13],1301,-25,[14.45540831]
[17.03100031],[-1.2634338e-13],1301,-25,[14.45540831]
[17.03100031],[-1.2634338e-13],1301,-25,[14.45540831]
[17.03100031],[-1.2634338e-13],1301,-25,[14.45540831]
[17.03100031],[-1.2634338e-13],1301,-25,[14.45540831]
[17.03100031],[-1.2634338e-13],1301,-25,[14.45540831]
[17.03100031],[-1.2634338e-13],1301,-25,[14.45540831]
[17.03100031],[-1.2634338e-13],1301,-25,[14.45540831]
[17.03100031],[-1.2634338e-13],1301,-25,[14.45540831]
[17.03100031],[-1.2634338e-13],1301,-25,[14.45540831]
[17.03100031],[-1.2634338e-13],1301,-25,[14.45540831]
[17.03100031],[-1.2634338e-13],1301,-25,[14.45540831]
[17.03100031],[-1.2634338e-13],1301,-25,[14.45540831]
[17.03100031],[-1.2634338e-13],1301,-25,[14.45540831]
[17.03100031],[-1.2634338e-13],1301,-25,[14.45540831]
[17.03100031],[-1.2634338e-13],1301,-25,[14.45540831]
[17.03100031],[-1.2634338e-13],1301,-25,[14.45540831]
[17.03100031],[-1.2634338e-13],1301,-25,[14.45540831]
[17.03100031],[-1.2634338e-13],1301,-25,[14.45540831]
[17.03100031],[-1.2634338e-13],1301,-25,[14.45540831]
[17.03100031],[-1.2634338e-13],1301,-25,[14.45540831]
[17.03100031],[-1.2634338e-13],1301,-25,[14.45540831]
[17.03100031],[-1.2634338e-13],1301,-25,[14.45540831]
[17.03100031],[-1.2634338e-13],1301,-25,[14.45540831]
[17.03100031],[-1.2634338e-13],1301,-25,[14.45540831]
[17.03100031],[-1.2634338e-13],1301,-25,[14.45540831]
[17.03100031],[-1.2634338e-13],1301,-25,[14.45540831]
[17.03100031],[-1.2634338e-13],1301,-25,[14.45540831]
[17.03100031],[-1.2634338e-13],1301,-25,[14.45540831]
[17.03100031],[-1.2634338e-13],1301,-25,[14.45540831]
[17.03100031],[-1.2634338e-13],1301,-25,[14.45540831]
[17.03100031],[-1.2634338e-13],1301,-25,[14.45540831]
[17.03100031],[-1.2634338e-13],1301,-25,[14.45540831]
[17.03100031],[-1.2634338e-13],1301,-25,[14.45540831]
[17.03100031],[-1.2634338e-13],1301,-25,[14.45540831]
[17.03100031],[-1.2634338e-13],1301,-25,[14.45540831]
[17.03100031],[-1.2634338e-13],1301,-25,[14.45540831]
[17.03100031],[-1.2634338e-13],1301,-25,[14.45540831]
[17.03100031],[-1.2634338e-13],1301,-25,[14.45540831]
[17.03100031],[-1.2634338e-13],1301,-25,[14.45540831]
[17.03100031],[-1.2634338e-13],1301,-25,[14.45540831]
[17.03100031],[-1.2634338e-13],1301,-25,[14.45540831]
[17.03100031],[-1.2634338e-13],1301,-25,[14.45540831]
[17.03100031],[-1.2634338e-13],1301,-25,[14.45540831]
[17.03100031],[-1.2634338e-13],1301,-25,[14.45540831]
[17.03100031],[-1.2634338e-13],1301,-25,[14.45540831]
[17.03100031],[-1.2634338e-13],1301,-25,[14.45540831]
[17.03100031],[-1.2634338e-13],1301,-25,[14.45540831]
[17.03100031],[-1.2634338e-13],1301,-25,[14.45540831]
[17.03100031],[-1.2634338e-13],1301,-25,[14.45540831]
[17.03100031],[-1.2634338e-13],1301,-25,[14.45540831]
[17.03100031],[-1.2634338e-13],1301,-25,[14.45540831]
[17.03100031],[-1.2634338e-13],1301,-25,[14.45540831]
[17.03100031],[-1.2634338e-13],1301,-25,[14.45540831]
[17.03100031],[-1.2634338e-13],1301,-25,[14.45540831]
[17.03100031],[-1.2634338e-13],1301,-25,[14.45540831]
[17.03100031],[-1.2634338e-13],1301,-25,[14.45540831]
[17.03100031],[-1.2634338e-13],1301,-25,[14.45540831]
[17.03100031],[-1.2634338e-13],1301,-25,[14.45540831]
[17.03100031],[-1.2634338e-13],1301,-25,[14.45540831]
[17.03100031],[-1.2634338e-13],1301,-25,[14.45540831]
[17.03100031],[-1.2634338e-13],1301,-25,[14.45540831]
[17.03100031],[-1.2634338e-13],1301,-25,[14.45540831]
[17.03100031],[-1.2634338e-13],1301,-25,[14.45540831]
[17.03100031],[-1.2634338e-13],1301,-25,[14.45540831]
[17.03100031],[-1.2634338e-13],1301,-25,[14.45540831]
[17.03100031],[-1.2634338e-13],1301,-25,[14.45540831]
[17.03100031],[-1.2634338e-13],1301,-25,[14.45540831]
[17.03100031],[-1.2634338e-13],1301,-25,[14.45540831]
[17.03100031],[-1.2634338e-13],1301,-25,[14.45540831]
[17.03100031],[-1.2634338e-13],1301,-25,[14.45540831]
[17.03100031],[-1.2634338e-13],1301,-25,[14.45540831]
[17.03100031],[-1.2634338e-13],1301,-25,[14.45540831]
[17.03100031],[-1.2634338e-13],1301,-25,[14.45540831]
[17.03100031],[-1.2634338e-13],1301,-25,[14.45540831]
[17.03100031],[-1.2634338e-13],1301,-25,[14.45540831]
[17.03100031],[-1.2634338e-13],1301,-25,[14.45540831]
[17.03100031],[-1.2634338e-13],1301,-25,[14.45540831]
[17.03100031],[-1.2634338e-13],1301,-25,[14.45540831]
[17.03100031],[-1.2634338e-13],1301,-25,[14.45540831]
[17.03100031],[-1.2634338e-13],1301,-25,[14.45540831]
[17.03100031],[-1.2634338e-13],1301,-25,[14.45540831]
[17.03100031],[-1.2634338e-13],1301,-25,[14.45540831]
[17.03100031],[-1.2634338e-13],1301,-25,[14.45540831]
[17.03100031],[-1.2634338e-13],1301,-25,[14.45540831]
[17.03100031],[-1.2634338e-13],1301,-25,[14.45540831]
[17.03100031],[-1.2634338e-13],1301,-25,[14.45540831]
[17.03100031],[-1.2634338e-13],1301,-25,[14.45540831]
[17.03100031],[-1.2634338e-13],1301,-25,[14.45540831]
[17.03100031],[-1.2634338e-13],1301,-25,[14.45540831]
[17.03100031],[-1.2634338e-13],1301,-25,[14.45540831]
[17.03100031],[-1.2634338e-13],1301,-25,[14.45540831]
[17.03100031],[-1.2634338e-13],1301,-25,[14.45540831]
[17.03100031],[-1.2634338e-13],1301,-25,[14.45540831]
[17.03100031],[-1.2634338e-13],1301,-25,[14.45540831]
[17.03100031],[-1.2634338e-13],1301,-25,[14.45540831]
[17.03100031],[-1.2634338e-13],1301,-25,[14.45540831]
[17.03100031],[-1.2634338e-13],1301,-25,[14.45540831]
[17.03100031],[-1.2634338e-13],1301,-25,[14.45540831]
[17.03100031],[-1.2634338e-13],1301,-25,[14.45540831]
[17.03100031],[-1.2634338e-13],1301,-25,[14.45540831]
[17.03100031],[-1.2634338e-13],1301,-25,[14.45540831]
[17.03100031],[-1.2634338e-13],1301,-25,[14.45540831]
[17.03100031],[-1.2634338e-13],1301,-25,[14.45540831]
[17.03100031],[-1.2634338e-13],1301,-25,[14.45540831]
[17.03100031],[-1.2634338e-13],1301,-25,[14.45540831]
[17.03100031],[-1.2634338e-13],1301,-25,[14.45540831]
[17.03100031],[-1.2634338e-13],1301,-25,[14.45540831]
[17.03100031],[-1.2634338e-13],1301,-25,[14.45540831]
[17.03100031],[-1.2634338e-13],1301,-25,[14.45540831]
[17.03100031],[-1.2634338e-13],1301,-25,[14.45540831]
[17.03100031],[-1.2634338e-13],1301,-25,[14.45540831]
[17.03100031],[-1.2634338e-13],1301,-25,[14.45540831]
[17.03100031],[-1.2634338e-13],1301,-25,[14.45540831]
[17.03100031],[-1.2634338e-13],1301,-25,[14.45540831]
[17.03100031],[-1.2634338e-13],1301,-25,[14.45540831]
[17.03100031],[-1.2634338e-13],1301,-25,[14.45540831]
[17.03100031],[-1.2634338e-13],1301,-25,[14.45540831]
[17.03100031],[-1.2634338e-13],1301,-25,[14.45540831]
[17.03100031],[-1.2634338e-13],1301,-25,[14.45540831]
[17.03100031],[-1.2634338e-13],1301,-25,[14.45540831]
[17.03100031],[-1.2634338e-13],1301,-25,[14.45540831]
[17.03100031],[-1.2634338e-13],1301,-25,[14.45540831]
[17.03100031],[-1.2634338e-13],1301,-25,[14.45540831]
[17.03100031],[-1.2634338e-13],1301,-25,[14.45540831]
[17.03100031],[-1.2634338e-13],1301,-25,[14.45540831]
[17.03100031],[-1.2634338e-13],1301,-25,[14.45540831]
[17.03100031],[-1.2634338e-13],1301,-25,[14.45540831]
[17.03100031],[-1.2634338e-13],1301,-25,[14.45540831]
[17.03100031],[-1.2634338e-13],1301,-25,[14.45540831]
[17.03100031],[-1.2634338e-13],1301,-25,[14.45540831]
[17.03100031],[-1.2634338e-13],1301,-25,[14.45540831]
[17.03100031],[-1.2634338e-13],1301,-25,[14.45540831]
[17.03100031],[-1.2634338e-13],1301,-25,[14.45540831]
[17.03100031],[-1.2634338e-13],1301,-25,[14.45540831]
[17.03100031],[-1.2634338e-13],1301,-25,[14.45540831]
[17.03100031],[-1.2634338e-13],1301,-25,[14.45540831]
[17.03100031],[-1.2634338e-13],1301,-25,[14.45540831]
[17.03100031],[-1.2634338e-13],1301,-25,[14.45540831]
[17.03100031],[-1.2634338e-13],1301,-25,[14.45540831]
[17.03100031],[-1.2634338e-13],1301,-25,[14.45540831]
[17.03100031],[-1.2634338e-13],1301,-25,[14.45540831]
[17.03100031],[-1.2634338e-13],1301,-25,[14.45540831]
[17.03100031],[-1.2634338e-13],1301,-25,[14.45540831]
[17.03100031],[-1.2634338e-13],1301,-25,[14.45540831]
[17.03100031],[-1.2634338e-13],1301,-25,[14.45540831]
[17.03100031],[-1.2634338e-13],1301,-25,[14.45540831]
[17.03100031],[-1.2634338e-13],1301,-25,[14.45540831]
[17.03100031],[-1.2634338e-13],1301,-25,[14.45540831]
[17.03100031],[-1.2634338e-13],1301,-25,[14.45540831]
[17.03100031],[-1.2634338e-13],1301,-25,[14.45540831]
[17.03100031],[-1.2634338e-13],1301,-25,[14.45540831]
[17.03100031],[-1.2634338e-13],1301,-25,[14.45540831]
[17.03100031],[-1.2634338e-13],1301,-25,[14.45540831]
[17.03100031],[-1.2634338e-13],1301,-25,[14.45540831]
[17.03100031],[-1.2634338e-13],1301,-25,[14.45540831]
[17.03100031],[-1.2634338e-13],1301,-25,[14.45540831]
[17.03100031],[-1.2634338e-13],1301,-25,[14.45540831]
[17.03100031],[-1.2634338e-13],1301,-25,[14.45540831]
[17.03100031],[-1.2634338e-13],1301,-25,[14.45540831]
[17.03100031],[-1.2634338e-13],1301,-25,[14.45540831]
[17.03100031],[-1.2634338e-13],1301,-25,[14.45540831]
[17.03100031],[-1.2634338e-13],1301,-25,[14.45540831]
[17.03100031],[-1.2634338e-13],1301,-25,[14.45540831]
[17.03100031],[-1.2634338e-13],1301,-25,[14.45540831]
[17.03100031],[-1.2634338e-13],1301,-25,[14.45540831]
[17.03100031],[-1.2634338e-13],1301,-25,[14.45540831]
[17.03100031],[-1.2634338e-13],1301,-25,[14.45540831]
[17.03100031],[-1.2634338e-13],1301,-25,[14.45540831]
[17.03100031],[-1.2634338e-13],1301,-25,[14.45540831]
[17.03100031],[-1.2634338e-13],1301,-25,[14.45540831]
[17.03100031],[-1.2634338e-13],1301,-25,[14.45540831]
[17.03100031],[-1.2634338e-13],1301,-25,[14.45540831]
[17.03100031],[-1.2634338e-13],1301,-25,[14.45540831]
[17.03100031],[-1.2634338e-13],1301,-25,[14.45540831]
[17.03100031],[-1.2634338e-13],1301,-25,[14.45540831]
[17.03100031],[-1.2634338e-13],1301,-25,[14.45540831]
[17.03100031],[-1.2634338e-13],1301,-25,[14.45540831]
[17.03100031],[-1.2634338e-13],1301,-25,[14.45540831]
[17.03100031],[-1.2634338e-13],1301,-25,[14.45540831]
[17.03100031],[-1.2634338e-13],1301,-25,[14.45540831]
[17.03100031],[-1.2634338e-13],1301,-25,[14.45540831]
[17.03100031],[-1.2634338e-13],1301,-25,[14.45540831]
[17.03100031],[-1.2634338e-13],1301,-25,[14.45540831]
[17.03100031],[-1.2634338e-13],1301,-25,[14.45540831]
[17.03100031],[-1.2634338e-13],1301,-25,[14.45540831]
[17.03100031],[-1.2634338e-13],1301,-25,[14.45540831]
[17.03100031],[-1.2634338e-13],1301,-25,[14.45540831]
[17.03100031],[-1.2634338e-13],1301,-25,[14.45540831]
[17.03100031],[-1.2634338e-13],1301,-25,[14.45540831]
[17.03100031],[-1.2634338e-13],1301,-25,[14.45540831]
[17.03100031],[-1.2634338e-13],1301,-25,[14.45540831]
[17.03100031],[-1.2634338e-13],1301,-25,[14.45540831]
[17.03100031],[-1.2634338e-13],1301,-25,[14.45540831]
[17.03100031],[-1.2634338e-13],1301,-25,[14.45540831]
[17.03100031],[-1.2634338e-13],1301,-25,[14.45540831]
[17.03100031],[-1.2634338e-13],1301,-25,[14.45540831]
[17.03100031],[-1.2634338e-13],1301,-25,[14.45540831]
[17.03100031],[-1.2634338e-13],1301,-25,[14.45540831]
[17.03100031],[-1.2634338e-13],1301,-25,[14.45540831]
[17.03100031],[-1.2634338e-13],1301,-25,[14.45540831]
[17.03100031],[-1.2634338e-13],1301,-25,[14.45540831]
[17.03100031],[-1.2634338e-13],1301,-25,[14.45540831]
[17.03100031],[-1.2634338e-13],1301,-25,[14.45540831]
[17.03100031],[-1.2634338e-13],1301,-25,[14.45540831]
[17.03100031],[-1.2634338e-13],1301,-25,[14.45540831]
[17.03100031],[-1.2634338e-13],1301,-25,[14.45540831]
[17.03100031],[-1.2634338e-13],1301,-25,[14.45540831]
[17.03100031],[-1.2634338e-13],1301,-25,[14.45540831]
[17.03100031],[-1.2634338e-13],1301,-25,[14.45540831]
[17.03100031],[-1.2634338e-13],1301,-25,[14.45540831]
[17.03100031],[-1.2634338e-13],1301,-25,[14.45540831]
[17.03100031],[-1.2634338e-13],1301,-25,[14.45540831]
[17.03100031],[-1.2634338e-13],1301,-25,[14.45540831]
[17.03100031],[-1.2634338e-13],1301,-25,[14.45540831]
[17.03100031],[-1.2634338e-13],1301,-25,[14.45540831]
[17.03100031],[-1.2634338e-13],1301,-25,[14.45540831]
[17.03100031],[-1.2634338e-13],1301,-25,[14.45540831]
[17.03100031],[-1.2634338e-13],1301,-25,[14.45540831]
[17.03100031],[-1.2634338e-13],1301,-25,[14.45540831]
[17.03100031],[-1.2634338e-13],1301,-25,[14.45540831]
[17.03100031],[-1.2634338e-13],1301,-25,[14.45540831]
[17.03100031],[-1.2634338e-13],1301,-25,[14.45540831]
[17.03100031],[-1.2634338e-13],1301,-25,[14.45540831]
[17.03100031],[-1.2634338e-13],1301,-25,[14.45540831]
[17.03100031],[-1.2634338e-13],1301,-25,[14.45540831]
[17.03100031],[-1.2634338e-13],1301,-25,[14.45540831]
[17.03100031],[-1.2634338e-13],1301,-25,[14.45540831]
[17.03100031],[-1.2634338e-13],1301,-25,[14.45540831]
[17.03100031],[-1.2634338e-13],1301,-25,[14.45540831]
[17.03100031],[-1.2634338e-13],1301,-25,[14.45540831]
[17.03100031],[-1.2634338e-13],1301,-25,[14.45540831]
[17.03100031],[-1.2634338e-13],1301,-25,[14.45540831]
[17.03100031],[-1.2634338e-13],1301,-25,[14.45540831]
[17.03100031],[-1.2634338e-13],1301,-25,[14.45540831]
[17.03100031],[-1.2634338e-13],1301,-25,[14.45540831]
[17.03100031],[-1.2634338e-13],1301,-25,[14.45540831]
[17.03100031],[-1.2634338e-13],1301,-25,[14.45540831]
[17.03100031],[-1.2634338e-13],1301,-25,[14.45540831]
[17.03100031],[-1.2634338e-13],1301,-25,[14.45540831]
[17.03100031],[-1.2634338e-13],1301,-25,[14.45540831]
[17.03100031],[-1.2634338e-13],1301,-25,[14.45540831]
[17.03100031],[-1.2634338e-13],1301,-25,[14.45540831]
[17.03100031],[-1.2634338e-13],1301,-25,[14.45540831]
[17.03100031],[-1.2634338e-13],1301,-25,[14.45540831]
[17.03100031],[-1.2634338e-13],1301,-25,[14.45540831]
[17.03100031],[-1.2634338e-13],1301,-25,[14.45540831]
[17.03100031],[-1.2634338e-13],1301,-25,[14.45540831]
[17.03100031],[-1.2634338e-13],1301,-25,[14.45540831]
[17.03100031],[-1.2634338e-13],1301,-25,[14.45540831]
[17.03100031],[-1.2634338e-13],1301,-25,[14.45540831]
[17.03100031],[-1.2634338e-13],1301,-25,[14.45540831]
[17.03100031],[-1.2634338e-13],1301,-25,[14.45540831]
[17.03100031],[-1.2634338e-13],1301,-25,[14.45540831]
[17.03100031],[-1.2634338e-13],1301,-25,[14.45540831]
[17.03100031],[-1.2634338e-13],1301,-25,[14.45540831]
[17.03100031],[-1.2634338e-13],1301,-25,[14.45540831]
[17.03100031],[-1.2634338e-13],1301,-25,[14.45540831]
[17.03100031],[-1.2634338e-13],1301,-25,[14.45540831]
[17.03100031],[-1.2634338e-13],1301,-25,[14.45540831]
[17.03100031],[-1.2634338e-13],1301,-25,[14.45540831]
[17.03100031],[-1.2634338e-13],1301,-25,[14.45540831]
[17.03100031],[-1.2634338e-13],1301,-25,[14.45540831]
[17.03100031],[-1.2634338e-13],1301,-25,[14.45540831]
[17.03100031],[-1.2634338e-13],1301,-25,[14.45540831]
[17.03100031],[-1.2634338e-13],1301,-25,[14.45540831]
[17.03100031],[-1.2634338e-13],1301,-25,[14.45540831]
[17.03100031],[-1.2634338e-13],1301,-25,[14.45540831]
[17.03100031],[-1.2634338e-13],1301,-25,[14.45540831]
[17.03100031],[-1.2634338e-13],1301,-25,[14.45540831]
[17.03100031],[-1.2634338e-13],1301,-25,[14.45540831]
[17.03100031],[-1.2634338e-13],1301,-25,[14.45540831]
[17.03100031],[-1.2634338e-13],1301,-25,[14.45540831]
[17.03100031],[-1.2634338e-13],1301,-25,[14.45540831]
[17.03100031],[-1.2634338e-13],1301,-25,[14.45540831]
[17.03100031],[-1.2634338e-13],1301,-25,[14.45540831]
[17.03100031],[-1.2634338e-13],1301,-25,[14.45540831]
[17.03100031],[-1.2634338e-13],1301,-25,[14.45540831]
[17.03100031],[-1.2634338e-13],1301,-25,[14.45540831]
[17.03100031],[-1.2634338e-13],1301,-25,[14.45540831]
[17.03100031],[-1.2634338e-13],1301,-25,[14.45540831]
[17.03100031],[-1.2634338e-13],1301,-25,[14.45540831]
[17.03100031],[-1.2634338e-13],1301,-25,[14.45540831]
[17.03100031],[-1.2634338e-13],1301,-25,[14.45540831]
[17.03100031],[-1.2634338e-13],1301,-25,[14.45540831]
[17.03100031],[-1.2634338e-13],1301,-25,[14.45540831]
[17.03100031],[-1.2634338e-13],1301,-25,[14.45540831]
[17.03100031],[-1.2634338e-13],1301,-25,[14.45540831]
[17.03100031],[-1.2634338e-13],1301,-25,[14.45540831]
[17.03100031],[-1.2634338e-13],1301,-25,[14.45540831]
[17.03100031],[-1.2634338e-13],1301,-25,[14.45540831]
[17.03100031],[-1.2634338e-13],1301,-25,[14.45540831]
[17.03100031],[-1.2634338e-13],1301,-25,[14.45540831]
[17.03100031],[-1.2634338e-13],1301,-25,[14.45540831]
[17.03100031],[-1.2634338e-13],1301,-25,[14.45540831]
[17.03100031],[-1.2634338e-13],1301,-25,[14.45540831]
[17.03100031],[-1.2634338e-13],1301,-25,[14.45540831]
[17.03100031],[-1.2634338e-13],1301,-25,[14.45540831]
[17.03100031],[-1.2634338e-13],1301,-25,[14.45540831]
[17.03100031],[-1.2634338e-13],1301,-25,[14.45540831]
[17.03100031],[-1.2634338e-13],1301,-25,[14.45540831]
[17.03100031],[-1.2634338e-13],1301,-25,[14.45540831]
[17.03100031],[-1.2634338e-13],1301,-25,[14.45540831]
[17.03100031],[-1.2634338e-13],1301,-25,[14.45540831]
[17.03100031],[-1.2634338e-13],1301,-25,[14.45540831]
[17.03100031],[-1.2634338e-13],1301,-25,[14.45540831]
[17.03100031],[-1.2634338e-13],1301,-25,[14.45540831]
[17.03100031],[-1.2634338e-13],1301,-25,[14.45540831]
[17.03100031],[-1.2634338e-13],1301,-25,[14.45540831]
[17.03100031],[-1.2634338e-13],1301,-25,[14.45540831]
[17.03100031],[-1.2634338e-13],1301,-25,[14.45540831]
[17.03100031],[-1.2634338e-13],1301,-25,[14.45540831]
[17.03100031],[-1.2634338e-13],1301,-25,[14.45540831]
[17.03100031],[-1.2634338e-13],1301,-25,[14.45540831]
[17.03100031],[-1.2634338e-13],1301,-25,[14.45540831]
[17.03100031],[-1.2634338e-13],1301,-25,[14.45540831]
[17.03100031],[-1.2634338e-13],1301,-25,[14.45540831]
[17.03100031],[-1.2634338e-13],1301,-25,[14.45540831]
[17.03100031],[-1.2634338e-13],1301,-25,[14.45540831]
[17.03100031],[-1.2634338e-13],1301,-25,[14.45540831]
[17.03100031],[-1.2634338e-13],1301,-25,[14.45540831]
[17.03100031],[-1.2634338e-13],1301,-25,[14.45540831]
[17.03100031],[-1.2634338e-13],1301,-25,[14.45540831]
[17.03100031],[-1.2634338e-13],1301,-25,[14.45540831]
[17.03100031],[-1.2634338e-13],1301,-25,[14.45540831]
[17.03100031],[-1.2634338e-13],1301,-25,[14.45540831]
[17.03100031],[-1.2634338e-13],1301,-25,[14.45540831]
[17.03100031],[-1.2634338e-13],1301,-25,[14.45540831]
[17.03100031],[-1.2634338e-13],1301,-25,[14.45540831]
[17.03100031],[-1.2634338e-13],1301,-25,[14.45540831]
[17.03100031],[-1.2634338e-13],1301,-25,[14.45540831]
[17.03100031],[-1.2634338e-13],1301,-25,[14.45540831]
[17.03100031],[-1.2634338e-13],1301,-25,[14.45540831]
[17.03100031],[-1.2634338e-13],1301,-25,[14.45540831]
[17.03100031],[-1.2634338e-13],1301,-25,[14.45540831]
[17.03100031],[-1.2634338e-13],1301,-25,[14.45540831]
[17.03100031],[-1.2634338e-13],1301,-25,[14.45540831]
[17.03100031],[-1.2634338e-13],1301,-25,[14.45540831]
[17.03100031],[-1.2634338e-13],1301,-25,[14.45540831]
[17.03100031],[-1.2634338e-13],1301,-25,[14.45540831]
[17.03100031],[-1.2634338e-13],1301,-25,[14.45540831]
[17.03100031],[-1.2634338e-13],1301,-25,[14.45540831]
[17.03100031],[-1.2634338e-13],1301,-25,[14.45540831]
[17.03100031],[-1.2634338e-13],1301,-25,[14.45540831]
[17.03100031],[-1.2634338e-13],1301,-25,[14.45540831]
[17.03100031],[-1.2634338e-13],1301,-25,[14.45540831]
[17.03100031],[-1.2634338e-13],1301,-25,[14.45540831]
[17.03100031],[-1.2634338e-13],1301,-25,[14.45540831]
[17.03100031],[-1.2634338e-13],1301,-25,[14.45540831]
[17.03100031],[-1.2634338e-13],1301,-25,[14.45540831]
[17.03100031],[-1.2634338e-13],1301,-25,[14.45540831]
[17.03100031],[-1.2634338e-13],1301,-25,[14.45540831]
[17.03100031],[-1.2634338e-13],1301,-25,[14.45540831]
[17.03100031],[-1.2634338e-13],1301,-25,[14.45540831]
[17.03100031],[-1.2634338e-13],1301,-25,[14.45540831]
[17.03100031],[-1.2634338e-13],1301,-25,[14.45540831]
[17.03100031],[-1.2634338e-13],1301,-25,[14.45540831]
[17.03100031],[-1.2634338e-13],1301,-25,[14.45540831]
[17.03100031],[-1.2634338e-13],1301,-25,[14.45540831]
[17.03100031],[-1.2634338e-13],1301,-25,[14.45540831]
[17.03100031],[-1.2634338e-13],1301,-25,[14.45540831]
[17.03100031],[-1.2634338e-13],1301,-25,[14.45540831]
[17.03100031],[-1.2634338e-13],1301,-25,[14.45540831]
[17.03100031],[-1.2634338e-13],1301,-25,[14.45540831]
[17.03100031],[-1.2634338e-13],1301,-25,[14.45540831]
[17.03100031],[-1.2634338e-13],1301,-25,[14.45540831]
[17.03100031],[-1.2634338e-13],1301,-25,[14.45540831]
[17.03100031],[-1.2634338e-13],1301,-25,[14.45540831]
[17.03100031],[-1.2634338e-13],1301,-25,[14.45540831]
[17.03100031],[-1.2634338e-13],1301,-25,[14.45540831]
[17.03100031],[-1.2634338e-13],1301,-25,[14.45540831]
[17.03100031],[-1.2634338e-13],1301,-25,[14.45540831]
[17.03100031],[-1.2634338e-13],1301,-25,[14.45540831]
[17.03100031],[-1.2634338e-13],1301,-25,[14.45540831]
[17.03100031],[-1.2634338e-13],1301,-25,[14.45540831]
[17.03100031],[-1.2634338e-13],1301,-25,[14.45540831]
[17.03100031],[-1.2634338e-13],1301,-25,[14.45540831]
[17.03100031],[-1.2634338e-13],1301,-25,[14.45540831]
[17.03100031],[-1.2634338e-13],1301,-25,[14.45540831]
[17.03100031],[-1.2634338e-13],1301,-25,[14.45540831]
[17.03100031],[-1.2634338e-13],1301,-25,[14.45540831]
[17.03100031],[-1.2634338e-13],1301,-25,[14.45540831]
[17.03100031],[-1.2634338e-13],1301,-25,[14.45540831]
[17.03100031],[-1.2634338e-13],1301,-25,[14.45540831]
[17.03100031],[-1.2634338e-13],1301,-25,[14.45540831]
[17.03100031],[-1.2634338e-13],1301,-25,[14.45540831]
[17.03100031],[-1.2634338e-13],1301,-25,[14.45540831]
[17.03100031],[-1.2634338e-13],1301,-25,[14.45540831]
[17.03100031],[-1.2634338e-13],1301,-25,[14.45540831]
[17.03100031],[-1.2634338e-13],1301,-25,[14.45540831]
[17.03100031],[-1.2634338e-13],1301,-25,[14.45540831]
[17.03100031],[-1.2634338e-13],1301,-25,[14.45540831]
[17.03100031],[-1.2634338e-13],1301,-25,[14.45540831]
[17.03100031],[-1.2634338e-13],1301,-25,[14.45540831]
[17.03100031],[-1.2634338e-13],1301,-25,[14.45540831]
[17.03100031],[-1.2634338e-13],1301,-25,[14.45540831]
[17.03100031],[-1.2634338e-13],1301,-25,[14.45540831]
[17.03100031],[-1.2634338e-13],1301,-25,[14.45540831]
[17.03100031],[-1.2634338e-13],1301,-25,[14.45540831]
[17.03100031],[-1.2634338e-13],1301,-25,[14.45540831]
[17.03100031],[-1.2634338e-13],1301,-25,[14.45540831]
[17.03100031],[-1.2634338e-13],1301,-25,[14.45540831]
[17.03100031],[-1.2634338e-13],1301,-25,[14.45540831]
[17.03100031],[-1.2634338e-13],1301,-25,[14.45540831]
[17.03100031],[-1.2634338e-13],1301,-25,[14.45540831]
[17.03100031],[-1.2634338e-13],1301,-25,[14.45540831]
[17.03100031],[-1.2634338e-13],1301,-25,[14.45540831]
[17.03100031],[-1.2634338e-13],1301,-25,[14.45540831]
[17.03100031],[-1.2634338e-13],1301,-25,[14.45540831]
[17.03100031],[-1.2634338e-13],1301,-25,[14.45540831]
[17.03100031],[-1.2634338e-13],1301,-25,[14.45540831]
[17.03100031],[-1.2634338e-13],1301,-25,[14.45540831]
[17.03100031],[-1.2634338e-13],1301,-25,[14.45540831]
[17.03100031],[-1.2634338e-13],1301,-25,[14.45540831]
[17.03100031],[-1.2634338e-13],1301,-25,[14.45540831]
[17.03100031],[-1.2634338e-13],1301,-25,[14.45540831]
[17.03100031],[-1.2634338e-13],1301,-25,[14.45540831]
[17.03100031],[-1.2634338e-13],1301,-25,[14.45540831]
[17.03100031],[-1.2634338e-13],1301,-25,[14.45540831]
[17.03100031],[-1.2634338e-13],1301,-25,[14.45540831]
[17.03100031],[-1.2634338e-13],1301,-25,[14.45540831]
[17.03100031],[-1.2634338e-13],1301,-25,[14.45540831]
[17.03100031],[-1.2634338e-13],1301,-25,[14.45540831]
[17.03100031],[-1.2634338e-13],1301,-25,[14.45540831]
[17.03100031],[-1.2634338e-13],1301,-25,[14.45540831]
[17.03100031],[-1.2634338e-13],1301,-25,[14.45540831]
[17.03100031],[-1.2634338e-13],1301,-25,[14.45540831]
[17.03100031],[-1.2634338e-13],1301,-25,[14.45540831]
[17.03100031],[-1.2634338e-13],1301,-25,[14.45540831]
[17.03100031],[-1.2634338e-13],1301,-25,[14.45540831]
[17.03100031],[-1.2634338e-13],1301,-25,[14.45540831]
[17.03100031],[-1.2634338e-13],1301,-25,[14.45540831]
[17.03100031],[-1.2634338e-13],1301,-25,[14.45540831]
[17.03100031],[-1.2634338e-13],1301,-25,[14.45540831]
[17.03100031],[-1.2634338e-13],1301,-25,[14.45540831]
[17.03100031],[-1.2634338e-13],1301,-25,[14.45540831]
[17.03100031],[-1.2634338e-13],1301,-25,[14.45540831]
[17.03100031],[-1.2634338e-13],1301,-25,[14.45540831]
[17.03100031],[-1.2634338e-13],1301,-25,[14.45540831]
[17.03100031],[-1.2634338e-13],1301,-25,[14.45540831]
[17.03100031],[-1.2634338e-13],1301,-25,[14.45540831]
[17.03100031],[-1.2634338e-13],1301,-25,[14.45540831]
[17.03100031],[-1.2634338e-13],1301,-25,[14.45540831]
[17.03100031],[-1.2634338e-13],1301,-25,[14.45540831]
[17.03100031],[-1.2634338e-13],1301,-25,[14.45540831]
[17.03100031],[-1.2634338e-13],1301,-25,[14.45540831]
[17.03100031],[-1.2634338e-13],1301,-25,[14.45540831]
[17.03100031],[-1.2634338e-13],1301,-25,[14.45540831]
[17.03100031],[-1.2634338e-13],1301,-25,[14.45540831]
[17.03100031],[-1.2634338e-13],1301,-25,[14.45540831]
[17.03100031],[-1.2634338e-13],1301,-25,[14.45540831]
[17.03100031],[-1.2634338e-13],1301,-25,[14.45540831]
[17.03100031],[-1.2634338e-13],1301,-25,[14.45540831]
[17.03100031],[-1.2634338e-13],1301,-25,[14.45540831]
[17.03100031],[-1.2634338e-13],1301,-25,[14.45540831]
[17.03100031],[-1.2634338e-13],1301,-25,[14.45540831]
[17.03100031],[-1.2634338e-13],1301,-25,[14.45540831]
[17.03100031],[-1.2634338e-13],1301,-25,[14.45540831]
[17.03100031],[-1.2634338e-13],1301,-25,[14.45540831]
[17.03100031],[-1.2634338e-13],1301,-25,[14.45540831]
[17.03100031],[-1.2634338e-13],1301,-25,[14.45540831]
[17.03100031],[-1.2634338e-13],1301,-25,[14.45540831]
[17.03100031],[-1.2634338e-13],1301,-25,[14.45540831]
[17.03100031],[-1.2634338e-13],1301,-25,[14.45540831]
[17.03100031],[-1.2634338e-13],1301,-25,[14.45540831]
[17.03100031],[-1.2634338e-13],1301,-25,[14.45540831]
[17.03100031],[-1.2634338e-13],1301,-25,[14.45540831]
[17.03100031],[-1.2634338e-13],1301,-25,[14.45540831]
[17.03100031],[-1.2634338e-13],1301,-25,[14.45540831]
[17.03100031],[-1.2634338e-13],1301,-25,[14.45540831]
[17.03100031],[-1.2634338e-13],1301,-25,[14.45540831]
[17.03100031],[-1.2634338e-13],1301,-25,[14.45540831]
[17.03100031],[-1.2634338e-13],1301,-25,[14.45540831]
[17.03100031],[-1.2634338e-13],1301,-25,[14.45540831]
[17.03100031],[-1.2634338e-13],1301,-25,[14.45540831]
[17.03100031],[-1.2634338e-13],1301,-25,[14.45540831]
[17.03100031],[-1.2634338e-13],1301,-25,[14.45540831]
[17.03100031],[-1.2634338e-13],1301,-25,[14.45540831]
[17.03100031],[-1.2634338e-13],1301,-25,[14.45540831]
[17.03100031],[-1.2634338e-13],1301,-25,[14.45540831]
[17.03100031],[-1.2634338e-13],1301,-25,[14.45540831]
[17.03100031],[-1.2634338e-13],1301,-25,[14.45540831]
[17.03100031],[-1.2634338e-13],1301,-25,[14.45540831]
[17.03100031],[-1.2634338e-13],1301,-25,[14.45540831]
[17.03100031],[-1.2634338e-13],1301,-25,[14.45540831]
[17.03100031],[-1.2634338e-13],1301,-25,[14.45540831]
[17.03100031],[-1.2634338e-13],1301,-25,[14.45540831]
[17.03100031],[-1.2634338e-13],1301,-25,[14.45540831]
[17.03100031],[-1.2634338e-13],1301,-25,[14.45540831]
[17.03100031],[-1.2634338e-13],1301,-25,[14.45540831]
[17.03100031],[-1.2634338e-13],1301,-25,[14.45540831]
[17.03100031],[-1.2634338e-13],1301,-25,[14.45540831]
[17.03100031],[-1.2634338e-13],1301,-25,[14.45540831]
[17.03100031],[-1.2634338e-13],1301,-25,[14.45540831]
[17.03100031],[-1.2634338e-13],1301,-25,[14.45540831]
[17.03100031],[-1.2634338e-13],1301,-25,[14.45540831]
[17.03100031],[-1.2634338e-13],1301,-25,[14.45540831]
[17.03100031],[-1.2634338e-13],1301,-25,[14.45540831]
[17.03100031],[-1.2634338e-13],1301,-25,[14.45540831]
[17.03100031],[-1.2634338e-13],1301,-25,[14.45540831]
[17.03100031],[-1.2634338e-13],1301,-25,[14.45540831]
[17.03100031],[-1.2634338e-13],1301,-25,[14.45540831]
[17.03100031],[-1.2634338e-13],1301,-25,[14.45540831]
[17.03100031],[-1.2634338e-13],1301,-25,[14.45540831]
[17.03100031],[-1.2634338e-13],1301,-25,[14.45540831]
[17.03100031],[-1.2634338e-13],1301,-25,[14.45540831]
[17.03100031],[-1.2634338e-13],1301,-25,[14.45540831]
[17.03100031],[-1.2634338e-13],1301,-25,[14.45540831]
[17.03100031],[-1.2634338e-13],1301,-25,[14.45540831]
[17.03100031],[-1.2634338e-13],1301,-25,[14.45540831]
[17.03100031],[-1.2634338e-13],1301,-25,[14.45540831]
[17.03100031],[-1.2634338e-13],1301,-25,[14.45540831]
[17.03100031],[-1.2634338e-13],1301,-25,[14.45540831]
[17.03100031],[-1.2634338e-13],1301,-25,[14.45540831]
[17.03100031],[-1.2634338e-13],1301,-25,[14.45540831]
[17.03100031],[-1.2634338e-13],1301,-25,[14.45540831]
[17.03100031],[-1.2634338e-13],1301,-25,[14.45540831]
[17.03100031],[-1.2634338e-13],1301,-25,[14.45540831]
[17.03100031],[-1.2634338e-13],1301,-25,[14.45540831]
[17.03100031],[-1.2634338e-13],1301,-25,[14.45540831]
[17.03100031],[-1.2634338e-13],1301,-25,[14.45540831]
[17.03100031],[-1.2634338e-13],1301,-25,[14.45540831]
[17.03100031],[-1.2634338e-13],1301,-25,[14.45540831]
[17.03100031],[-1.2634338e-13],1301,-25,[14.45540831]
[17.03100031],[-1.2634338e-13],1301,-25,[14.45540831]
[17.03100031],[-1.2634338e-13],1301,-25,[14.45540831]
[17.03100031],[-1.2634338e-13],1301,-25,[14.45540831]
[17.03100031],[-1.2634338e-13],1301,-25,[14.45540831]
[17.03100031],[-1.2634338e-13],1301,-25,[14.45540831]
[17.03100031],[-1.2634338e-13],1301,-25,[14.45540831]
[17.03100031],[-1.2634338e-13],1301,-25,[14.45540831]
[17.03100031],[-1.2634338e-13],1301,-25,[14.45540831]
[17.03100031],[-1.2634338e-13],1301,-25,[14.45540831]
[17.03100031],[-1.2634338e-13],1301,-25,[14.45540831]
[17.03100031],[-1.2634338e-13],1301,-25,[14.45540831]
[17.03100031],[-1.2634338e-13],1301,-25,[14.45540831]
[17.03100031],[-1.2634338e-13],1301,-25,[14.45540831]
[17.03100031],[-1.2634338e-13],1301,-25,[14.45540831]
[17.03100031],[-1.2634338e-13],1301,-25,[14.45540831]
[17.03100031],[-1.2634338e-13],1301,-25,[14.45540831]
[17.03100031],[-1.2634338e-13],1301,-25,[14.45540831]
[17.03100031],[-1.2634338e-13],1301,-25,[14.45540831]
[17.03100031],[-1.2634338e-13],1301,-25,[14.45540831]
[17.03100031],[-1.2634338e-13],1301,-25,[14.45540831]
[17.03100031],[-1.2634338e-13],1301,-25,[14.45540831]
[17.03100031],[-1.2634338e-13],1301,-25,[14.45540831]
[17.03100031],[-1.2634338e-13],1301,-25,[14.45540831]
[17.03100031],[-1.2634338e-13],1301,-25,[14.45540831]
[17.03100031],[-1.2634338e-13],1301,-25,[14.45540831]
[17.03100031],[-1.2634338e-13],1301,-25,[14.45540831]
[17.03100031],[-1.2634338e-13],1301,-25,[14.45540831]
[17.03100031],[-1.2634338e-13],1301,-25,[14.45540831]
[17.03100031],[-1.2634338e-13],1301,-25,[14.45540831]
[17.03100031],[-1.2634338e-13],1301,-25,[14.45540831]
[17.03100031],[-1.2634338e-13],1301,-25,[14.45540831]
[17.03100031],[-1.2634338e-13],1301,-25,[14.45540831]
[17.03100031],[-1.2634338e-13],1301,-25,[14.45540831]
[17.03100031],[-1.2634338e-13],1301,-25,[14.45540831]
[17.03100031],[-1.2634338e-13],1301,-25,[14.45540831]
[17.03100031],[-1.2634338e-13],1301,-25,[14.45540831]
[17.03100031],[-1.2634338e-13],1301,-25,[14.45540831]
[17.03100031],[-1.2634338e-13],1301,-25,[14.45540831]
[17.03100031],[-1.2634338e-13],1301,-25,[14.45540831]
[17.03100031],[-1.2634338e-13],1301,-25,[14.45540831]
[17.03100031],[-1.2634338e-13],1301,-25,[14.45540831]
[17.03100031],[-1.2634338e-13],1301,-25,[14.45540831]
[17.03100031],[-1.2634338e-13],1301,-25,[14.45540831]
[17.03100031],[-1.2634338e-13],1301,-25,[14.45540831]
[17.03100031],[-1.2634338e-13],1301,-25,[14.45540831]
[17.03100031],[-1.2634338e-13],1301,-25,[14.45540831]
[17.03100031],[-1.2634338e-13],1301,-25,[14.45540831]
[17.03100031],[-1.2634338e-13],1301,-25,[14.45540831]
[17.03100031],[-1.2634338e-13],1301,-25,[14.45540831]
[17.03100031],[-1.2634338e-13],1301,-25,[14.45540831]
[17.03100031],[-1.2634338e-13],1301,-25,[14.45540831]
[17.03100031],[-1.2634338e-13],1301,-25,[14.45540831]
[17.03100031],[-1.2634338e-13],1301,-25,[14.45540831]
[17.03100031],[-1.2634338e-13],1301,-25,[14.45540831]
[17.03100031],[-1.2634338e-13],1301,-25,[14.45540831]
[17.03100031],[-1.2634338e-13],1301,-25,[14.45540831]
[17.03100031],[-1.2634338e-13],1301,-25,[14.45540831]
[17.03100031],[-1.2634338e-13],1301,-25,[14.45540831]
[17.03100031],[-1.2634338e-13],1301,-25,[14.45540831]
[17.03100031],[-1.2634338e-13],1301,-25,[14.45540831]
[17.03100031],[-1.2634338e-13],1301,-25,[14.45540831]
[17.03100031],[-1.2634338e-13],1301,-25,[14.45540831]
[17.03100031],[-1.2634338e-13],1301,-25,[14.45540831]
[17.03100031],[-1.2634338e-13],1301,-25,[14.45540831]
[17.03100031],[-1.2634338e-13],1301,-25,[14.45540831]
[17.03100031],[-1.2634338e-13],1301,-25,[14.45540831]
[17.03100031],[-1.2634338e-13],1301,-25,[14.45540831]
[17.03100031],[-1.2634338e-13],1301,-25,[14.45540831]
[17.03100031],[-1.2634338e-13],1301,-25,[14.45540831]
[17.03100031],[-1.2634338e-13],1301,-25,[14.45540831]
[17.03100031],[-1.2634338e-13],1301,-25,[14.45540831]
[17.03100031],[-1.2634338e-13],1301,-25,[14.45540831]
[17.03100031],[-1.2634338e-13],1301,-25,[14.45540831]
[17.03100031],[-1.2634338e-13],1301,-25,[14.45540831]
[17.03100031],[-1.2634338e-13],1301,-25,[14.45540831]
[17.03100031],[-1.2634338e-13],1301,-25,[14.45540831]
[17.03100031],[-1.2634338e-13],1301,-25,[14.45540831]
[17.03100031],[-1.2634338e-13],1301,-25,[14.45540831]
[17.03100031],[-1.2634338e-13],1301,-25,[14.45540831]
[17.03100031],[-1.2634338e-13],1301,-25,[14.45540831]
[17.03100031],[-1.2634338e-13],1301,-25,[14.45540831]
[17.03100031],[-1.2634338e-13],1301,-25,[14.45540831]
[17.03100031],[-1.2634338e-13],1301,-25,[14.45540831]
[17.03100031],[-1.2634338e-13],1301,-25,[14.45540831]
[17.03100031],[-1.2634338e-13],1301,-25,[14.45540831]
[17.03100031],[-1.2634338e-13],1301,-25,[14.45540831]
[17.03100031],[-1.2634338e-13],1301,-25,[14.45540831]
[17.03100031],[-1.2634338e-13],1301,-25,[14.45540831]
[17.03100031],[-1.2634338e-13],1301,-25,[14.45540831]
[17.03100031],[-1.2634338e-13],1301,-25,[14.45540831]
[17.03100031],[-1.2634338e-13],1301,-25,[14.45540831]
[17.03100031],[-1.2634338e-13],1301,-25,[14.45540831]
[17.03100031],[-1.2634338e-13],1301,-25,[14.45540831]
[17.03100031],[-1.2634338e-13],1301,-25,[14.45540831]
[17.03100031],[-1.2634338e-13],1301,-25,[14.45540831]
[17.03100031],[-1.2634338e-13],1301,-25,[14.45540831]
[17.03100031],[-1.2634338e-13],1301,-25,[14.45540831]
[17.03100031],[-1.2634338e-13],1301,-25,[14.45540831]
[17.03100031],[-1.2634338e-13],1301,-25,[14.45540831]
[17.03100031],[-1.2634338e-13],1301,-25,[14.45540831]
[17.03100031],[-1.2634338e-13],1301,-25,[14.45540831]
[17.03100031],[-1.2634338e-13],1301,-25,[14.45540831]
[17.03100031],[-1.2634338e-13],1301,-25,[14.45540831]
[17.03100031],[-1.2634338e-13],1301,-25,[14.45540831]
[17.03100031],[-1.2634338e-13],1301,-25,[14.45540831]
[17.03100031],[-1.2634338e-13],1301,-25,[14.45540831]
[17.03100031],[-1.2634338e-13],1301,-25,[14.45540831]
[17.03100031],[-1.2634338e-13],1301,-25,[14.45540831]
[17.03100031],[-1.2634338e-13],1301,-25,[14.45540831]
[17.03100031],[-1.2634338e-13],1301,-25,[14.45540831]
[17.03100031],[-1.2634338e-13],1301,-25,[14.45540831]
[17.03100031],[-1.2634338e-13],1301,-25,[14.45540831]
[17.03100031],[-1.2634338e-13],1301,-25,[14.45540831]
[17.03100031],[-1.2634338e-13],1301,-25,[14.45540831]
[17.03100031],[-1.2634338e-13],1301,-25,[14.45540831]
[17.03100031],[-1.2634338e-13],1301,-25,[14.45540831]
[17.03100031],[-1.2634338e-13],1301,-25,[14.45540831]
[17.03100031],[-1.2634338e-13],1301,-25,[14.45540831]
[17.03100031],[-1.2634338e-13],1301,-25,[14.45540831]
[17.03100031],[-1.2634338e-13],1301,-25,[14.45540831]
[17.03100031],[-1.2634338e-13],1301,-25,[14.45540831]
[17.03100031],[-1.2634338e-13],1301,-25,[14.45540831]
[17.03100031],[-1.2634338e-13],1301,-25,[14.45540831]
[17.03100031],[-1.2634338e-13],1301,-25,[14.45540831]
[17.03100031],[-1.2634338e-13],1301,-25,[14.45540831]
[17.03100031],[-1.2634338e-13],1301,-25,[14.45540831]
[17.03100031],[-1.2634338e-13],1301,-25,[14.45540831]
[17.03100031],[-1.2634338e-13],1301,-25,[14.45540831]
[17.03100031],[-1.2634338e-13],1301,-25,[14.45540831]
[17.03100031],[-1.2634338e-13],1301,-25,[14.45540831]
[17.03100031],[-1.2634338e-13],1301,-25,[14.45540831]
[17.03100031],[-1.2634338e-13],1301,-25,[14.45540831]
[17.03100031],[-1.2634338e-13],1301,-25,[14.45540831]
[17.03100031],[-1.2634338e-13],1301,-25,[14.45540831]
[17.03100031],[-1.2634338e-13],1301,-25,[14.45540831]
[17.03100031],[-1.2634338e-13],1301,-25,[14.45540831]
[17.03100031],[-1.2634338e-13],1301,-25,[14.45540831]
[17.03100031],[-1.2634338e-13],1301,-25,[14.45540831]
[17.03100031],[-1.2634338e-13],1301,-25,[14.45540831]
[17.03100031],[-1.2634338e-13],1301,-25,[14.45540831]
[17.03100031],[-1.2634338e-13],1301,-25,[14.45540831]
[17.03100031],[-1.2634338e-13],1301,-25,[14.45540831]
[17.03100031],[-1.2634338e-13],1301,-25,[14.45540831]
[17.03100031],[-1.2634338e-13],1301,-25,[14.45540831]
[17.03100031],[-1.2634338e-13],1301,-25,[14.45540831]
[17.03100031],[-1.2634338e-13],1301,-25,[14.45540831]
[17.03100031],[-1.2634338e-13],1301,-25,[14.45540831]
[17.03100031],[-1.2634338e-13],1301,-25,[14.45540831]
[17.03100031],[-1.2634338e-13],1301,-25,[14.45540831]
[17.03100031],[-1.2634338e-13],1301,-25,[14.45540831]
[17.03100031],[-1.2634338e-13],1301,-25,[14.45540831]
[17.03100031],[-1.2634338e-13],1301,-25,[14.45540831]
[17.03100031],[-1.2634338e-13],1301,-25,[14.45540831]
[17.03100031],[-1.2634338e-13],1301,-25,[14.45540831]
[17.03100031],[-1.2634338e-13],1301,-25,[14.45540831]
[17.03100031],[-1.2634338e-13],1301,-25,[14.45540831]
[17.03100031],[-1.2634338e-13],1301,-25,[14.45540831]
[17.03100031],[-1.2634338e-13],1301,-25,[14.45540831]
[17.03100031],[-1.2634338e-13],1301,-25,[14.45540831]
[17.03100031],[-1.2634338e-13],1301,-25,[14.45540831]
[17.03100031],[-1.2634338e-13],1301,-25,[14.45540831]
[17.03100031],[-1.2634338e-13],1301,-25,[14.45540831]
[17.03100031],[-1.2634338e-13],1301,-25,[14.45540831]
[17.03100031],[-1.2634338e-13],1301,-25,[14.45540831]
[17.03100031],[-1.2634338e-13],1301,-25,[14.45540831]
[17.03100031],[-1.2634338e-13],1301,-25,[14.45540831]
[17.03100031],[-1.2634338e-13],1301,-25,[14.45540831]
[17.03100031],[-1.2634338e-13],1301,-25,[14.45540831]
[17.03100031],[-1.2634338e-13],1301,-25,[14.45540831]
[17.03100031],[-1.2634338e-13],1301,-25,[14.45540831]
[17.03100031],[-1.2634338e-13],1301,-25,[14.45540831]
[17.03100031],[-1.2634338e-13],1301,-25,[14.45540831]
[17.03100031],[-1.2634338e-13],1301,-25,[14.45540831]
[17.03100031],[-1.2634338e-13],1301,-25,[14.45540831]
[17.03100031],[-1.2634338e-13],1301,-25,[14.45540831]
[17.03100031],[-1.2634338e-13],1301,-25,[14.45540831]
[17.03100031],[-1.2634338e-13],1301,-25,[14.45540831]
[17.03100031],[-1.2634338e-13],1301,-25,[14.45540831]
[17.03100031],[-1.2634338e-13],1301,-25,[14.45540831]
[17.03100031],[-1.2634338e-13],1301,-25,[14.45540831]
[17.03100031],[-1.2634338e-13],1301,-25,[14.45540831]
[17.03100031],[-1.2634338e-13],1301,-25,[14.45540831]
[17.03100031],[-1.2634338e-13],1301,-25,[14.45540831]
[17.03100031],[-1.2634338e-13],1301,-25,[14.45540831]
[17.03100031],[-1.2634338e-13],1301,-25,[14.45540831]
[17.03100031],[-1.2634338e-13],1301,-25,[14.45540831]
[17.03100031],[-1.2634338e-13],1301,-25,[14.45540831]
[17.03100031],[-1.2634338e-13],1301,-25,[14.45540831]
[17.03100031],[-1.2634338e-13],1301,-25,[14.45540831]
[17.03100031],[-1.2634338e-13],1301,-25,[14.45540831]
[17.03100031],[-1.2634338e-13],1301,-25,[14.45540831]
[17.03100031],[-1.2634338e-13],1301,-25,[14.45540831]
[17.03100031],[-1.2634338e-13],1301,-25,[14.45540831]
[17.03100031],[-1.2634338e-13],1301,-25,[14.45540831]
[17.03100031],[-1.2634338e-13],1301,-25,[14.45540831]
[17.03100031],[-1.2634338e-13],1301,-25,[14.45540831]
[17.03100031],[-1.2634338e-13],1301,-25,[14.45540831]
[17.03100031],[-1.2634338e-13],1301,-25,[14.45540831]
[17.03100031],[-1.2634338e-13],1301,-25,[14.45540831]
[17.03100031],[-1.2634338e-13],1301,-25,[14.45540831]
[17.03100031],[-1.2634338e-13],1301,-25,[14.45540831]
[17.03100031],[-1.2634338e-13],1301,-25,[14.45540831]
[17.03100031],[-1.2634338e-13],1301,-25,[14.45540831]
[17.03100031],[-1.2634338e-13],1301,-25,[14.45540831]
[17.03100031],[-1.2634338e-13],1301,-25,[14.45540831]
[17.03100031],[-1.2634338e-13],1301,-25,[14.45540831]
[17.03100031],[-1.2634338e-13],1301,-25,[14.45540831]
[17.03100031],[-1.2634338e-13],1301,-25,[14.45540831]
[17.03100031],[-1.2634338e-13],1301,-25,[14.45540831]
[17.03100031],[-1.2634338e-13],1301,-25,[14.45540831]
[17.03100031],[-1.2634338e-13],1301,-25,[14.45540831]
[17.03100031],[-1.2634338e-13],1301,-25,[14.45540831]
[17.03100031],[-1.2634338e-13],1301,-25,[14.45540831]
[17.03100031],[-1.2634338e-13],1301,-25,[14.45540831]
[17.03100031],[-1.2634338e-13],1301,-25,[14.45540831]
[17.03100031],[-1.2634338e-13],1301,-25,[14.45540831]
[17.03100031],[-1.2634338e-13],1301,-25,[14.45540831]
[17.03100031],[-1.2634338e-13],1301,-25,[14.45540831]
[17.03100031],[-1.2634338e-13],1301,-25,[14.45540831]
[17.03100031],[-1.2634338e-13],1301,-25,[14.45540831]
[17.03100031],[-1.2634338e-13],1301,-25,[14.45540831]
[17.03100031],[-1.2634338e-13],1301,-25,[14.45540831]
[17.03100031],[-1.2634338e-13],1301,-25,[14.45540831]
[17.03100031],[-1.2634338e-13],1301,-25,[14.45540831]
[17.03100031],[-1.2634338e-13],1301,-25,[14.45540831]
[17.03100031],[-1.2634338e-13],1301,-25,[14.45540831]
[17.03100031],[-1.2634338e-13],1301,-25,[14.45540831]
[17.03100031],[-1.2634338e-13],1301,-25,[14.45540831]
[17.03100031],[-1.2634338e-13],1301,-25,[14.45540831]
[17.03100031],[-1.2634338e-13],1301,-25,[14.45540831]
[17.03100031],[-1.2634338e-13],1301,-25,[14.45540831]
[17.03100031],[-1.2634338e-13],1301,-25,[14.45540831]
[17.03100031],[-1.2634338e-13],1301,-25,[14.45540831]
[17.03100031],[-1.2634338e-13],1301,-25,[14.45540831]
[17.03100031],[-1.2634338e-13],1301,-25,[14.45540831]
[17.03100031],[-1.2634338e-13],1301,-25,[14.45540831]
[17.03100031],[-1.2634338e-13],1301,-25,[14.45540831]
[17.03100031],[-1.2634338e-13],1301,-25,[14.45540831]
[17.03100031],[-1.2634338e-13],1301,-25,[14.45540831]
[17.03100031],[-1.2634338e-13],1301,-25,[14.45540831]
[17.03100031],[-1.2634338e-13],1301,-25,[14.45540831]
[17.03100031],[-1.2634338e-13],1301,-25,[14.45540831]
[17.03100031],[-1.2634338e-13],1301,-25,[14.45540831]
[17.03100031],[-1.2634338e-13],1301,-25,[14.45540831]
[17.03100031],[-1.2634338e-13],1301,-25,[14.45540831]
[17.03100031],[-1.2634338e-13],1301,-25,[14.45540831]
[17.03100031],[-1.2634338e-13],1301,-25,[14.45540831]
[17.03100031],[-1.2634338e-13],1301,-25,[14.45540831]
[17.03100031],[-1.2634338e-13],1301,-25,[14.45540831]
[17.03100031],[-1.2634338e-13],1301,-25,[14.45540831]
[17.03100031],[-1.2634338e-13],1301,-25,[14.45540831]
[17.03100031],[-1.2634338e-13],1301,-25,[14.45540831]
[17.03100031],[-1.2634338e-13],1301,-25,[14.45540831]
[17.03100031],[-1.2634338e-13],1301,-25,[14.45540831]
[17.03100031],[-1.2634338e-13],1301,-25,[14.45540831]
[17.03100031],[-1.2634338e-13],1301,-25,[14.45540831]
[17.03100031],[-1.2634338e-13],1301,-25,[14.45540831]
[17.03100031],[-1.2634338e-13],1301,-25,[14.45540831]
[17.03100031],[-1.2634338e-13],1301,-25,[14.45540831]
[17.03100031],[-1.2634338e-13],1301,-25,[14.45540831]
[17.03100031],[-1.2634338e-13],1301,-25,[14.45540831]
[17.03100031],[-1.2634338e-13],1301,-25,[14.45540831]
[17.03100031],[-1.2634338e-13],1301,-25,[14.45540831]
[17.03100031],[-1.2634338e-13],1301,-25,[14.45540831]
[17.03100031],[-1.2634338e-13],1301,-25,[14.45540831]
[17.03100031],[-1.2634338e-13],1301,-25,[14.45540831]
[17.03100031],[-1.2634338e-13],1301,-25,[14.45540831]
[17.03100031],[-1.2634338e-13],1301,-25,[14.45540831]
[17.03100031],[-1.2634338e-13],1301,-25,[14.45540831]
[17.03100031],[-1.2634338e-13],1301,-25,[14.45540831]
[17.03100031],[-1.2634338e-13],1301,-25,[14.45540831]
[17.03100031],[-1.2634338e-13],1301,-25,[14.45540831]
[17.03100031],[-1.2634338e-13],1301,-25,[14.45540831]
[17.03100031],[-1.2634338e-13],1301,-25,[14.45540831]
[17.03100031],[-1.2634338e-13],1301,-25,[14.45540831]
[17.03100031],[-1.2634338e-13],1301,-25,[14.45540831]
[17.03100031],[-1.2634338e-13],1301,-25,[14.45540831]
[17.03100031],[-1.2634338e-13],1301,-25,[14.45540831]
[17.03100031],[-1.2634338e-13],1301,-25,[14.45540831]
[17.03100031],[-1.2634338e-13],1301,-25,[14.45540831]
[17.03100031],[-1.2634338e-13],1301,-25,[14.45540831]
[17.03100031],[-1.2634338e-13],1301,-25,[14.45540831]
[17.03100031],[-1.2634338e-13],1301,-25,[14.45540831]
[17.03100031],[-1.2634338e-13],1301,-25,[14.45540831]
[17.03100031],[-1.2634338e-13],1301,-25,[14.45540831]
[17.03100031],[-1.2634338e-13],1301,-25,[14.45540831]
[17.03100031],[-1.2634338e-13],1301,-25,[14.45540831]
[17.03100031],[-1.2634338e-13],1301,-25,[14.45540831]
[17.03100031],[-1.2634338e-13],1301,-25,[14.45540831]
[17.03100031],[-1.2634338e-13],1301,-25,[14.45540831]
[17.03100031],[-1.2634338e-13],1301,-25,[14.45540831]
[17.03100031],[-1.2634338e-13],1301,-25,[14.45540831]
[17.03100031],[-1.2634338e-13],1301,-25,[14.45540831]
[17.03100031],[-1.2634338e-13],1301,-25,[14.45540831]
[17.03100031],[-1.2634338e-13],1301,-25,[14.45540831]
[17.03100031],[-1.2634338e-13],1301,-25,[14.45540831]
[17.03100031],[-1.2634338e-13],1301,-25,[14.45540831]
[17.03100031],[-1.2634338e-13],1301,-25,[14.45540831]
[17.03100031],[-1.2634338e-13],1301,-25,[14.45540831]
[17.03100031],[-1.2634338e-13],1301,-25,[14.45540831]
[17.03100031],[-1.2634338e-13],1301,-25,[14.45540831]
[17.03100031],[-1.2634338e-13],1301,-25,[14.45540831]
[17.03100031],[-1.2634338e-13],1301,-25,[14.45540831]
[17.03100031],[-1.2634338e-13],1301,-25,[14.45540831]
[17.03100031],[-1.2634338e-13],1301,-25,[14.45540831]
[17.03100031],[-1.2634338e-13],1301,-25,[14.45540831]
[17.03100031],[-1.2634338e-13],1301,-25,[14.45540831]
[17.03100031],[-1.2634338e-13],1301,-25,[14.45540831]
[17.03100031],[-1.2634338e-13],1301,-25,[14.45540831]
[17.03100031],[-1.2634338e-13],1301,-25,[14.45540831]
[17.03100031],[-1.2634338e-13],1301,-25,[14.45540831]
[17.03100031],[-1.2634338e-13],1301,-25,[14.45540831]
[17.03100031],[-1.2634338e-13],1301,-25,[14.45540831]
[17.03100031],[-1.2634338e-13],1301,-25,[14.45540831]
[17.03100031],[-1.2634338e-13],1301,-25,[14.45540831]
[17.03100031],[-1.2634338e-13],1301,-25,[14.45540831]
[17.03100031],[-1.2634338e-13],1301,-25,[14.45540831]
[17.03100031],[-1.2634338e-13],1301,-25,[14.45540831]
[17.03100031],[-1.2634338e-13],1301,-25,[14.45540831]
[17.03100031],[-1.2634338e-13],1301,-25,[14.45540831]
[17.03100031],[-1.2634338e-13],1301,-25,[14.45540831]
[17.03100031],[-1.2634338e-13],1301,-25,[14.45540831]
[17.03100031],[-1.2634338e-13],1301,-25,[14.45540831]
[17.03100031],[-1.2634338e-13],1301,-25,[14.45540831]
[17.03100031],[-1.2634338e-13],1301,-25,[14.45540831]
[17.03100031],[-1.2634338e-13],1301,-25,[14.45540831]
[17.03100031],[-1.2634338e-13],1301,-25,[14.45540831]
[17.03100031],[-1.2634338e-13],1301,-25,[14.45540831]
[17.03100031],[-1.2634338e-13],1301,-25,[14.45540831]
[17.03100031],[-1.2634338e-13],1301,-25,[14.45540831]
[17.03100031],[-1.2634338e-13],1301,-25,[14.45540831]
[17.03100031],[-1.2634338e-13],1301,-25,[14.45540831]
[17.03100031],[-1.2634338e-13],1301,-25,[14.45540831]
[17.03100031],[-1.2634338e-13],1301,-25,[14.45540831]
[17.03100031],[-1.2634338e-13],1301,-25,[14.45540831]
[17.03100031],[-1.2634338e-13],1301,-25,[14.45540831]
[17.03100031],[-1.2634338e-13],1301,-25,[14.45540831]
[17.03100031],[-1.2634338e-13],1301,-25,[14.45540831]
[17.03100031],[-1.2634338e-13],1301,-25,[14.45540831]
[17.03100031],[-1.2634338e-13],1301,-25,[14.45540831]
[17.03100031],[-1.2634338e-13],1301,-25,[14.45540831]
[17.03100031],[-1.2634338e-13],1301,-25,[14.45540831]
[17.03100031],[-1.2634338e-13],1301,-25,[14.45540831]
[17.03100031],[-1.2634338e-13],1301,-25,[14.45540831]
[17.03100031],[-1.2634338e-13],1301,-25,[14.45540831]
[17.03100031],[-1.2634338e-13],1301,-25,[14.45540831]
[17.03100031],[-1.2634338e-13],1301,-25,[14.45540831]
[17.03100031],[-1.2634338e-13],1301,-25,[14.45540831]
[17.03100031],[-1.2634338e-13],1301,-25,[14.45540831]
[17.03100031],[-1.2634338e-13],1301,-25,[14.45540831]
[17.03100031],[-1.2634338e-13],1301,-25,[14.45540831]
[17.03100031],[-1.2634338e-13],1301,-25,[14.45540831]
[17.03100031],[-1.2634338e-13],1301,-25,[14.45540831]
[17.03100031],[-1.2634338e-13],1301,-25,[14.45540831]
[17.03100031],[-1.2634338e-13],1301,-25,[14.45540831]
[17.03100031],[-1.2634338e-13],1301,-25,[14.45540831]
[17.03100031],[-1.2634338e-13],1301,-25,[14.45540831]
[17.03100031],[-1.2634338e-13],1301,-25,[14.45540831]
[17.03100031],[-1.2634338e-13],1301,-25,[14.45540831]
[17.03100031],[-1.2634338e-13],1301,-25,[14.45540831]
[17.03100031],[-1.2634338e-13],1301,-25,[14.45540831]
[17.03100031],[-1.2634338e-13],1301,-25,[14.45540831]
[17.03100031],[-1.2634338e-13],1301,-25,[14.45540831]
[17.03100031],[-1.2634338e-13],1301,-25,[14.45540831]
[17.03100031],[-1.2634338e-13],1301,-25,[14.45540831]
[17.03100031],[-1.2634338e-13],1301,-25,[14.45540831]
[17.03100031],[-1.2634338e-13],1301,-25,[14.45540831]
[17.03100031],[-1.2634338e-13],1301,-25,[14.45540831]
[17.03100031],[-1.2634338e-13],1301,-25,[14.45540831]
[17.03100031],[-1.2634338e-13],1301,-25,[14.45540831]
[17.03100031],[-1.2634338e-13],1301,-25,[14.45540831]
[17.03100031],[-1.2634338e-13],1301,-25,[14.45540831]
[17.03100031],[-1.2634338e-13],1301,-25,[14.45540831]
[17.03100031],[-1.2634338e-13],1301,-25,[14.45540831]
[17.03100031],[-1.2634338e-13],1301,-25,[14.45540831]
[17.03100031],[-1.2634338e-13],1301,-25,[14.45540831]
[17.03100031],[-1.2634338e-13],1301,-25,[14.45540831]
[17.03100031],[-1.2634338e-13],1301,-25,[14.45540831]
[17.03100031],[-1.2634338e-13],1301,-25,[14.45540831]
[17.03100031],[-1.2634338e-13],1301,-25,[14.45540831]
[17.03100031],[-1.2634338e-13],1301,-25,[14.45540831]
[17.03100031],[-1.2634338e-13],1301,-25,[14.45540831]
[17.03100031],[-1.2634338e-13],1301,-25,[14.45540831]
[17.03100031],[-1.2634338e-13],1301,-25,[14.45540831]
[17.03100031],[-1.2634338e-13],1301,-25,[14.45540831]
[17.03100031],[-1.2634338e-13],1301,-25,[14.45540831]
[17.03100031],[-1.2634338e-13],1301,-25,[14.45540831]
[17.03100031],[-1.2634338e-13],1301,-25,[14.45540831]
[17.03100031],[-1.2634338e-13],1301,-25,[14.45540831]
[17.03100031],[-1.2634338e-13],1301,-25,[14.45540831]
[17.03100031],[-1.2634338e-13],1301,-25,[14.45540831]
[17.03100031],[-1.2634338e-13],1301,-25,[14.45540831]
[17.03100031],[-1.2634338e-13],1301,-25,[14.45540831]
[17.03100031],[-1.2634338e-13],1301,-25,[14.45540831]
[17.03100031],[-1.2634338e-13],1301,-25,[14.45540831]
[17.03100031],[-1.2634338e-13],1301,-25,[14.45540831]
[17.03100031],[-1.2634338e-13],1301,-25,[14.45540831]
[17.03100031],[-1.2634338e-13],1301,-25,[14.45540831]
[17.03100031],[-1.2634338e-13],1301,-25,[14.45540831]
[17.03100031],[-1.2634338e-13],1301,-25,[14.45540831]
[17.03100031],[-1.2634338e-13],1301,-25,[14.45540831]
[17.03100031],[-1.2634338e-13],1301,-25,[14.45540831]
[17.03100031],[-1.2634338e-13],1301,-25,[14.45540831]
[17.03100031],[-1.2634338e-13],1301,-25,[14.45540831]
[17.03100031],[-1.2634338e-13],1301,-25,[14.45540831]
[17.03100031],[-1.2634338e-13],1301,-25,[14.45540831]
[17.03100031],[-1.2634338e-13],1301,-25,[14.45540831]
[17.03100031],[-1.2634338e-13],1301,-25,[14.45540831]
[17.03100031],[-1.2634338e-13],1301,-25,[14.45540831]
[17.03100031],[-1.2634338e-13],1301,-25,[14.45540831]
[17.03100031],[-1.2634338e-13],1301,-25,[14.45540831]
[17.03100031],[-1.2634338e-13],1301,-25,[14.45540831]
[17.03100031],[-1.2634338e-13],1301,-25,[14.45540831]
[17.03100031],[-1.2634338e-13],1301,-25,[14.45540831]
[17.03100031],[-1.2634338e-13],1301,-25,[14.45540831]
[17.03100031],[-1.2634338e-13],1301,-25,[14.45540831]
[17.03100031],[-1.2634338e-13],1301,-25,[14.45540831]
[17.03100031],[-1.2634338e-13],1301,-25,[14.45540831]
[17.03100031],[-1.2634338e-13],1301,-25,[14.45540831]
[17.03100031],[-1.2634338e-13],1301,-25,[14.45540831]
[17.03100031],[-1.2634338e-13],1301,-25,[14.45540831]
[17.03100031],[-1.2634338e-13],1301,-25,[14.45540831]
[17.03100031],[-1.2634338e-13],1301,-25,[14.45540831]
[17.03100031],[-1.2634338e-13],1301,-25,[14.45540831]
[17.03100031],[-1.2634338e-13],1301,-25,[14.45540831]
[17.03100031],[-1.2634338e-13],1301,-25,[14.45540831]
[17.03100031],[-1.2634338e-13],1301,-25,[14.45540831]
[17.03100031],[-1.2634338e-13],1301,-25,[14.45540831]
[17.03100031],[-1.2634338e-13],1301,-25,[14.45540831]
[17.03100031],[-1.2634338e-13],1301,-25,[14.45540831]
[17.03100031],[-1.2634338e-13],1301,-25,[14.45540831]
[17.03100031],[-1.2634338e-13],1301,-25,[14.45540831]
[17.03100031],[-1.2634338e-13],1301,-25,[14.45540831]
[17.03100031],[-1.2634338e-13],1301,-25,[14.45540831]
[17.03100031],[-1.2634338e-13],1301,-25,[14.45540831]
[17.03100031],[-1.2634338e-13],1301,-25,[14.45540831]
[17.03100031],[-1.2634338e-13],1301,-25,[14.45540831]
[17.03100031],[-1.2634338e-13],1301,-25,[14.45540831]
[17.03100031],[-1.2634338e-13],1301,-25,[14.45540831]
[17.03100031],[-1.2634338e-13],1301,-25,[14.45540831]
[17.03100031],[-1.2634338e-13],1301,-25,[14.45540831]
[17.03100031],[-1.2634338e-13],1301,-25,[14.45540831]
[17.03100031],[-1.2634338e-13],1301,-25,[14.45540831]
[17.03100031],[-1.2634338e-13],1301,-25,[14.45540831]
[17.03100031],[-1.2634338e-13],1301,-25,[14.45540831]
[17.03100031],[-1.2634338e-13],1301,-25,[14.45540831]
[17.03100031],[-1.2634338e-13],1301,-25,[14.45540831]
[17.03100031],[-1.2634338e-13],1301,-25,[14.45540831]
[17.03100031],[-1.2634338e-13],1301,-25,[14.45540831]
[17.03100031],[-1.2634338e-13],1301,-25,[14.45540831]
[17.03100031],[-1.2634338e-13],1301,-25,[14.45540831]
[17.03100031],[-1.2634338e-13],1301,-25,[14.45540831]
[17.03100031],[-1.2634338e-13],1301,-25,[14.45540831]
[17.03100031],[-1.2634338e-13],1301,-25,[14.45540831]
[17.03100031],[-1.2634338e-13],1301,-25,[14.45540831]
[17.03100031],[-1.2634338e-13],1301,-25,[14.45540831]
[17.03100031],[-1.2634338e-13],1301,-25,[14.45540831]
[17.03100031],[-1.2634338e-13],1301,-25,[14.45540831]
[17.03100031],[-1.2634338e-13],1301,-25,[14.45540831]
[17.03100031],[-1.2634338e-13],1301,-25,[14.45540831]
[17.03100031],[-1.2634338e-13],1301,-25,[14.45540831]
[17.03100031],[-1.2634338e-13],1301,-25,[14.45540831]
[17.03100031],[-1.2634338e-13],1301,-25,[14.45540831]
[17.03100031],[-1.2634338e-13],1301,-25,[14.45540831]
[17.03100031],[-1.2634338e-13],1301,-25,[14.45540831]
[17.03100031],[-1.2634338e-13],1301,-25,[14.45540831]
[17.03100031],[-1.2634338e-13],1301,-25,[14.45540831]
[17.03100031],[-1.2634338e-13],1301,-25,[14.45540831]
[17.03100031],[-1.2634338e-13],1301,-25,[14.45540831]
[17.03100031],[-1.2634338e-13],1301,-25,[14.45540831]
[17.03100031],[-1.2634338e-13],1301,-25,[14.45540831]
[17.03100031],[-1.2634338e-13],1301,-25,[14.45540831]
[17.03100031],[-1.2634338e-13],1301,-25,[14.45540831]
[17.03100031],[-1.2634338e-13],1301,-25,[14.45540831]
[17.03100031],[-1.2634338e-13],1301,-25,[14.45540831]
[17.03100031],[-1.2634338e-13],1301,-25,[14.45540831]
[17.03100031],[-1.2634338e-13],1301,-25,[14.45540831]
[17.03100031],[-1.2634338e-13],1301,-25,[14.45540831]
[17.03100031],[-1.2634338e-13],1301,-25,[14.45540831]
[17.03100031],[-1.2634338e-13],1301,-25,[14.45540831]
[17.03100031],[-1.2634338e-13],1301,-25,[14.45540831]
[17.03100031],[-1.2634338e-13],1301,-25,[14.45540831]
[17.03100031],[-1.2634338e-13],1301,-25,[14.45540831]
[17.03100031],[-1.2634338e-13],1301,-25,[14.45540831]
[17.03100031],[-1.2634338e-13],1301,-25,[14.45540831]
[17.03100031],[-1.2634338e-13],1301,-25,[14.45540831]
[17.03100031],[-1.2634338e-13],1301,-25,[14.45540831]
[17.03100031],[-1.2634338e-13],1301,-25,[14.45540831]
[17.03100031],[-1.2634338e-13],1301,-25,[14.45540831]
[17.03100031],[-1.2634338e-13],1301,-25,[14.45540831]
[17.03100031],[-1.2634338e-13],1301,-25,[14.45540831]
[17.03100031],[-1.2634338e-13],1301,-25,[14.45540831]
[17.03100031],[-1.2634338e-13],1301,-25,[14.45540831]
[17.03100031],[-1.2634338e-13],1301,-25,[14.45540831]
[17.03100031],[-1.2634338e-13],1301,-25,[14.45540831]
[17.03100031],[-1.2634338e-13],1301,-25,[14.45540831]
[17.03100031],[-1.2634338e-13],1301,-25,[14.45540831]
[17.03100031],[-1.2634338e-13],1301,-25,[14.45540831]
[17.03100031],[-1.2634338e-13],1301,-25,[14.45540831]
[17.03100031],[-1.2634338e-13],1301,-25,[14.45540831]
[17.03100031],[-1.2634338e-13],1301,-25,[14.45540831]
[17.03100031],[-1.2634338e-13],1301,-25,[14.45540831]
[17.03100031],[-1.2634338e-13],1301,-25,[14.45540831]
[17.03100031],[-1.2634338e-13],1301,-25,[14.45540831]
[17.03100031],[-1.2634338e-13],1301,-25,[14.45540831]
[17.03100031],[-1.2634338e-13],1301,-25,[14.45540831]
[17.03100031],[-1.2634338e-13],1301,-25,[14.45540831]
[17.03100031],[-1.2634338e-13],1301,-25,[14.45540831]
[17.03100031],[-1.2634338e-13],1301,-25,[14.45540831]
[17.03100031],[-1.2634338e-13],1301,-25,[14.45540831]
[17.03100031],[-1.2634338e-13],1301,-25,[14.45540831]
[17.03100031],[-1.2634338e-13],1301,-25,[14.45540831]
[17.03100031],[-1.2634338e-13],1301,-25,[14.45540831]
[17.03100031],[-1.2634338e-13],1301,-25,[14.45540831]
[17.03100031],[-1.2634338e-13],1301,-25,[14.45540831]
[17.03100031],[-1.2634338e-13],1301,-25,[14.45540831]
[17.03100031],[-1.2634338e-13],1301,-25,[14.45540831]
[17.03100031],[-1.2634338e-13],1301,-25,[14.45540831]
[17.03100031],[-1.2634338e-13],1301,-25,[14.45540831]
[17.03100031],[-1.2634338e-13],1301,-25,[14.45540831]
[17.03100031],[-1.2634338e-13],1301,-25,[14.45540831]
[17.03100031],[-1.2634338e-13],1301,-25,[14.45540831]
[17.03100031],[-1.2634338e-13],1301,-25,[14.45540831]
[17.03100031],[-1.2634338e-13],1301,-25,[14.45540831]
[17.03100031],[-1.2634338e-13],1301,-25,[14.45540831]
[17.03100031],[-1.2634338e-13],1301,-25,[14.45540831]
[17.03100031],[-1.2634338e-13],1301,-25,[14.45540831]
[17.03100031],[-1.2634338e-13],1301,-25,[14.45540831]
[17.03100031],[-1.2634338e-13],1301,-25,[14.45540831]
[17.03100031],[-1.2634338e-13],1301,-25,[14.45540831]
[17.03100031],[-1.2634338e-13],1301,-25,[14.45540831]
[17.03100031],[-1.2634338e-13],1301,-25,[14.45540831]
[17.03100031],[-1.2634338e-13],1301,-25,[14.45540831]
[17.03100031],[-1.2634338e-13],1301,-25,[14.45540831]
[17.03100031],[-1.2634338e-13],1301,-25,[14.45540831]
[17.03100031],[-1.2634338e-13],1301,-25,[14.45540831]
[17.03100031],[-1.2634338e-13],1301,-25,[14.45540831]
[17.03100031],[-1.2634338e-13],1301,-25,[14.45540831]
[17.03100031],[-1.2634338e-13],1301,-25,[14.45540831]
[17.03100031],[-1.2634338e-13],1301,-25,[14.45540831]
[17.03100031],[-1.2634338e-13],1301,-25,[14.45540831]
[17.03100031],[-1.2634338e-13],1301,-25,[14.45540831]
[17.03100031],[-1.2634338e-13],1301,-25,[14.45540831]
[17.03100031],[-1.2634338e-13],1301,-25,[14.45540831]
[17.03100031],[-1.2634338e-13],1301,-25,[14.45540831]
[17.03100031],[-1.2634338e-13],1301,-25,[14.45540831]
[17.03100031],[-1.2634338e-13],1301,-25,[14.45540831]
[17.03100031],[-1.2634338e-13],1301,-25,[14.45540831]
[17.03100031],[-1.2634338e-13],1301,-25,[14.45540831]
[17.03100031],[-1.2634338e-13],1301,-25,[14.45540831]
[17.03100031],[-1.2634338e-13],1301,-25,[14.45540831]
[17.03100031],[-1.2634338e-13],1301,-25,[14.45540831]
[17.03100031],[-1.2634338e-13],1301,-25,[14.45540831]
[17.03100031],[-1.2634338e-13],1301,-25,[14.45540831]
[17.03100031],[-1.2634338e-13],1301,-25,[14.45540831]
[17.03100031],[-1.2634338e-13],1301,-25,[14.45540831]
[17.03100031],[-1.2634338e-13],1301,-25,[14.45540831]
[17.03100031],[-1.2634338e-13],1301,-25,[14.45540831]
[17.03100031],[-1.2634338e-13],1301,-25,[14.45540831]
[17.03100031],[-1.2634338e-13],1301,-25,[14.45540831]
[17.03100031],[-1.2634338e-13],1301,-25,[14.45540831]
[17.03100031],[-1.2634338e-13],1301,-25,[14.45540831]
[17.03100031],[-1.2634338e-13],1301,-25,[14.45540831]
[17.03100031],[-1.2634338e-13],1301,-25,[14.45540831]
[17.03100031],[-1.2634338e-13],1301,-25,[14.45540831]
[17.03100031],[-1.2634338e-13],1301,-25,[14.45540831]
[17.03100031],[-1.2634338e-13],1301,-25,[14.45540831]
[17.03100031],[-1.2634338e-13],1301,-25,[14.45540831]
[17.03100031],[-1.2634338e-13],1301,-25,[14.45540831]
[17.03100031],[-1.2634338e-13],1301,-25,[14.45540831]
[17.03100031],[-1.2634338e-13],1301,-25,[14.45540831]
[17.03100031],[-1.2634338e-13],1301,-25,[14.45540831]
[17.03100031],[-1.2634338e-13],1301,-25,[14.45540831]
[17.03100031],[-1.2634338e-13],1301,-25,[14.45540831]
[17.03100031],[-1.2634338e-13],1301,-25,[14.45540831]
[17.03100031],[-1.2634338e-13],1301,-25,[14.45540831]
[17.03100031],[-1.2634338e-13],1301,-25,[14.45540831]
[17.03100031],[-1.2634338e-13],1301,-25,[14.45540831]
[17.03100031],[-1.2634338e-13],1301,-25,[14.45540831]
[17.03100031],[-1.2634338e-13],1301,-25,[14.45540831]
[17.03100031],[-1.2634338e-13],1301,-25,[14.45540831]
[17.03100031],[-1.2634338e-13],1301,-25,[14.45540831]
[17.03100031],[-1.2634338e-13],1301,-25,[14.45540831]
[17.03100031],[-1.2634338e-13],1301,-25,[14.45540831]
[17.03100031],[-1.2634338e-13],1301,-25,[14.45540831]
[17.03100031],[-1.2634338e-13],1301,-25,[14.45540831]
[17.03100031],[-1.2634338e-13],1301,-25,[14.45540831]
[17.03100031],[-1.2634338e-13],1301,-25,[14.45540831]
[17.03100031],[-1.2634338e-13],1301,-25,[14.45540831]
[17.03100031],[-1.2634338e-13],1301,-25,[14.45540831]
[17.03100031],[-1.2634338e-13],1301,-25,[14.45540831]
[17.03100031],[-1.2634338e-13],1301,-25,[14.45540831]
[17.03100031],[-1.2634338e-13],1301,-25,[14.45540831]
[17.03100031],[-1.2634338e-13],1301,-25,[14.45540831]
[17.03100031],[-1.2634338e-13],1301,-25,[14.45540831]
[17.03100031],[-1.2634338e-13],1301,-25,[14.45540831]
[17.03100031],[-1.2634338e-13],1301,-25,[14.45540831]
[17.03100031],[-1.2634338e-13],1301,-25,[14.45540831]
[17.03100031],[-1.2634338e-13],1301,-25,[14.45540831]
[17.03100031],[-1.2634338e-13],1301,-25,[14.45540831]
[17.03100031],[-1.2634338e-13],1301,-25,[14.45540831]
[17.03100031],[-1.2634338e-13],1301,-25,[14.45540831]
[17.03100031],[-1.2634338e-13],1301,-25,[14.45540831]
[17.03100031],[-1.2634338e-13],1301,-25,[14.45540831]
[17.03100031],[-1.2634338e-13],1301,-25,[14.45540831]
[17.03100031],[-1.2634338e-13],1301,-25,[14.45540831]
[17.03100031],[-1.2634338e-13],1301,-25,[14.45540831]
[17.03100031],[-1.2634338e-13],1301,-25,[14.45540831]
[17.03100031],[-1.2634338e-13],1301,-25,[14.45540831]
[17.03100031],[-1.2634338e-13],1301,-25,[14.45540831]
[17.03100031],[-1.2634338e-13],1301,-25,[14.45540831]
[17.03100031],[-1.2634338e-13],1301,-25,[14.45540831]
[17.03100031],[-1.2634338e-13],1301,-25,[14.45540831]
[17.03100031],[-1.2634338e-13],1301,-25,[14.45540831]
[17.03100031],[-1.2634338e-13],1301,-25,[14.45540831]
[17.03100031],[-1.2634338e-13],1301,-25,[14.45540831]
[17.03100031],[-1.2634338e-13],1301,-25,[14.45540831]
[17.03100031],[-1.2634338e-13],1301,-25,[14.45540831]
[17.03100031],[-1.2634338e-13],1301,-25,[14.45540831]
[17.03100031],[-1.2634338e-13],1301,-25,[14.45540831]
[17.03100031],[-1.2634338e-13],1301,-25,[14.45540831]
[17.03100031],[-1.2634338e-13],1301,-25,[14.45540831]
[17.03100031],[-1.2634338e-13],1301,-25,[14.45540831]
[17.03100031],[-1.2634338e-13],1301,-25,[14.45540831]
[17.03100031],[-1.2634338e-13],1301,-25,[14.45540831]
[17.03100031],[-1.2634338e-13],1301,-25,[14.45540831]
[17.03100031],[-1.2634338e-13],1301,-25,[14.45540831]
[17.03100031],[-1.2634338e-13],1301,-25,[14.45540831]
[17.03100031],[-1.2634338e-13],1301,-25,[14.45540831]
[17.03100031],[-1.2634338e-13],1301,-25,[14.45540831]
[17.03100031],[-1.2634338e-13],1301,-25,[14.45540831]
[17.03100031],[-1.2634338e-13],1301,-25,[14.45540831]
[17.03100031],[-1.2634338e-13],1301,-25,[14.45540831]
[17.03100031],[-1.2634338e-13],1301,-25,[14.45540831]
[17.03100031],[-1.2634338e-13],1301,-25,[14.45540831]
[17.03100031],[-1.2634338e-13],1301,-25,[14.45540831]
[17.03100031],[-1.2634338e-13],1301,-25,[14.45540831]
[17.03100031],[-1.2634338e-13],1301,-25,[14.45540831]
[17.03100031],[-1.2634338e-13],1301,-25,[14.45540831]
[17.03100031],[-1.2634338e-13],1301,-25,[14.45540831]
[17.03100031],[-1.2634338e-13],1301,-25,[14.45540831]
[17.03100031],[-1.2634338e-13],1301,-25,[14.45540831]
[17.03100031],[-1.2634338e-13],1301,-25,[14.45540831]
[17.03100031],[-1.2634338e-13],1301,-25,[14.45540831]
[17.03100031],[-1.2634338e-13],1301,-25,[14.45540831]
[17.03100031],[-1.2634338e-13],1301,-25,[14.45540831]
[17.03100031],[-1.2634338e-13],1301,-25,[14.45540831]
[17.03100031],[-1.2634338e-13],1301,-25,[14.45540831]
[17.03100031],[-1.2634338e-13],1301,-25,[14.45540831]
[17.03100031],[-1.2634338e-13],1301,-25,[14.45540831]
[17.03100031],[-1.2634338e-13],1301,-25,[14.45540831]
[17.03100031],[-1.2634338e-13],1301,-25,[14.45540831]
[17.03100031],[-1.2634338e-13],1301,-25,[14.45540831]
[17.03100031],[-1.2634338e-13],1301,-25,[14.45540831]
[17.03100031],[-1.2634338e-13],1301,-25,[14.45540831]
[17.03100031],[-1.2634338e-13],1301,-25,[14.45540831]
[17.03100031],[-1.2634338e-13],1301,-25,[14.45540831]
[17.03100031],[-1.2634338e-13],1301,-25,[14.45540831]
[17.03100031],[-1.2634338e-13],1301,-25,[14.45540831]
[17.03100031],[-1.2634338e-13],1301,-25,[14.45540831]
[17.03100031],[-1.2634338e-13],1301,-25,[14.45540831]
[17.03100031],[-1.2634338e-13],1301,-25,[14.45540831]
[17.03100031],[-1.2634338e-13],1301,-25,[14.45540831]
[17.03100031],[-1.2634338e-13],1301,-25,[14.45540831]
[17.03100031],[-1.2634338e-13],1301,-25,[14.45540831]
[17.03100031],[-1.2634338e-13],1301,-25,[14.45540831]
[17.03100031],[-1.2634338e-13],1301,-25,[14.45540831]
[17.03100031],[-1.2634338e-13],1301,-25,[14.45540831]
[17.03100031],[-1.2634338e-13],1301,-25,[14.45540831]
[17.03100031],[-1.2634338e-13],1301,-25,[14.45540831]
[17.03100031],[-1.2634338e-13],1301,-25,[14.45540831]
[17.03100031],[-1.2634338e-13],1301,-25,[14.45540831]
[17.03100031],[-1.2634338e-13],1301,-25,[14.45540831]
[17.03100031],[-1.2634338e-13],1301,-25,[14.45540831]
[17.03100031],[-1.2634338e-13],1301,-25,[14.45540831]
[17.03100031],[-1.2634338e-13],1301,-25,[14.45540831]
[17.03100031],[-1.2634338e-13],1301,-25,[14.45540831]
[17.03100031],[-1.2634338e-13],1301,-25,[14.45540831]
[17.03100031],[-1.2634338e-13],1301,-25,[14.45540831]
[17.03100031],[-1.2634338e-13],1301,-25,[14.45540831]
[17.03100031],[-1.2634338e-13],1301,-25,[14.45540831]
[17.03100031],[-1.2634338e-13],1301,-25,[14.45540831]
[17.03100031],[-1.2634338e-13],1301,-25,[14.45540831]
[17.03100031],[-1.2634338e-13],1301,-25,[14.45540831]
[17.03100031],[-1.2634338e-13],1301,-25,[14.45540831]
[17.03100031],[-1.2634338e-13],1301,-25,[14.45540831]
[17.03100031],[-1.2634338e-13],1301,-25,[14.45540831]
[17.03100031],[-1.2634338e-13],1301,-25,[14.45540831]
[17.03100031],[-1.2634338e-13],1301,-25,[14.45540831]
[17.03100031],[-1.2634338e-13],1301,-25,[14.45540831]
[17.03100031],[-1.2634338e-13],1301,-25,[14.45540831]
[17.03100031],[-1.2634338e-13],1301,-25,[14.45540831]
[17.03100031],[-1.2634338e-13],1301,-25,[14.45540831]
[17.03100031],[-1.2634338e-13],1301,-25,[14.45540831]
[17.03100031],[-1.2634338e-13],1301,-25,[14.45540831]
[17.03100031],[-1.2634338e-13],1301,-25,[14.45540831]
[17.03100031],[-1.2634338e-13],1301,-25,[14.45540831]
[17.03100031],[-1.2634338e-13],1301,-25,[14.45540831]
[17.03100031],[-1.2634338e-13],1301,-25,[14.45540831]
[17.03100031],[-1.2634338e-13],1301,-25,[14.45540831]
[17.03100031],[-1.2634338e-13],1301,-25,[14.45540831]
[17.03100031],[-1.2634338e-13],1301,-25,[14.45540831]
[17.03100031],[-1.2634338e-13],1301,-25,[14.45540831]
[17.03100031],[-1.2634338e-13],1301,-25,[14.45540831]
[17.03100031],[-1.2634338e-13],1301,-25,[14.45540831]
[17.03100031],[-1.2634338e-13],1301,-25,[14.45540831]
[17.03100031],[-1.2634338e-13],1301,-25,[14.45540831]
[17.03100031],[-1.2634338e-13],1301,-25,[14.45540831]
[17.03100031],[-1.2634338e-13],1301,-25,[14.45540831]
[17.03100031],[-1.2634338e-13],1301,-25,[14.45540831]
[17.03100031],[-1.2634338e-13],1301,-25,[14.45540831]
[17.03100031],[-1.2634338e-13],1301,-25,[14.45540831]
[17.03100031],[-1.2634338e-13],1301,-25,[14.45540831]
[17.03100031],[-1.2634338e-13],1301,-25,[14.45540831]
[17.03100031],[-1.2634338e-13],1301,-25,[14.45540831]
[17.03100031],[-1.2634338e-13],1301,-25,[14.45540831]
[17.03100031],[-1.2634338e-13],1301,-25,[14.45540831]
[17.03100031],[-1.2634338e-13],1301,-25,[14.45540831]
[17.03100031],[-1.2634338e-13],1301,-25,[14.45540831]
[17.03100031],[-1.2634338e-13],1301,-25,[14.45540831]
[17.03100031],[-1.2634338e-13],1301,-25,[14.45540831]
[17.03100031],[-1.2634338e-13],1301,-25,[14.45540831]
[17.03100031],[-1.2634338e-13],1301,-25,[14.45540831]
[17.03100031],[-1.2634338e-13],1301,-25,[14.45540831]
[17.03100031],[-1.2634338e-13],1301,-25,[14.45540831]
[17.03100031],[-1.2634338e-13],1301,-25,[14.45540831]
[17.03100031],[-1.2634338e-13],1301,-25,[14.45540831]
[17.03100031],[-1.2634338e-13],1301,-25,[14.45540831]
[17.03100031],[-1.2634338e-13],1301,-25,[14.45540831]
[17.03100031],[-1.2634338e-13],1301,-25,[14.45540831]
[17.03100031],[-1.2634338e-13],1301,-25,[14.45540831]
[17.03100031],[-1.2634338e-13],1301,-25,[14.45540831]
[17.03100031],[-1.2634338e-13],1301,-25,[14.45540831]
[17.03100031],[-1.2634338e-13],1301,-25,[14.45540831]
[17.03100031],[-1.2634338e-13],1301,-25,[14.45540831]
[17.03100031],[-1.2634338e-13],1301,-25,[14.45540831]
[17.03100031],[-1.2634338e-13],1301,-25,[14.45540831]
[17.03100031],[-1.2634338e-13],1301,-25,[14.45540831]
[17.03100031],[-1.2634338e-13],1301,-25,[14.45540831]
[17.03100031],[-1.2634338e-13],1301,-25,[14.45540831]
[17.03100031],[-1.2634338e-13],1301,-25,[14.45540831]
[17.03100031],[-1.2634338e-13],1301,-25,[14.45540831]
[17.03100031],[-1.2634338e-13],1301,-25,[14.45540831]
[17.03100031],[-1.2634338e-13],1301,-25,[14.45540831]
[17.03100031],[-1.2634338e-13],1301,-25,[14.45540831]
[17.03100031],[-1.2634338e-13],1301,-25,[14.45540831]
[17.03100031],[-1.2634338e-13],1301,-25,[14.45540831]
[17.03100031],[-1.2634338e-13],1301,-25,[14.45540831]
[17.03100031],[-1.2634338e-13],1301,-25,[14.45540831]
[17.03100031],[-1.2634338e-13],1301,-25,[14.45540831]
[17.03100031],[-1.2634338e-13],1301,-25,[14.45540831]
[17.03100031],[-1.2634338e-13],1301,-25,[14.45540831]
[17.03100031],[-1.2634338e-13],1301,-25,[14.45540831]
[17.03100031],[-1.2634338e-13],1301,-25,[14.45540831]
[17.03100031],[-1.2634338e-13],1301,-25,[14.45540831]
[17.03100031],[-1.2634338e-13],1301,-25,[14.45540831]
[17.03100031],[-1.2634338e-13],1301,-25,[14.45540831]
[17.03100031],[-1.2634338e-13],1301,-25,[14.45540831]
[17.03100031],[-1.2634338e-13],1301,-25,[14.45540831]
[17.03100031],[-1.2634338e-13],1301,-25,[14.45540831]
[17.03100031],[-1.2634338e-13],1301,-25,[14.45540831]
[17.03100031],[-1.2634338e-13],1301,-25,[14.45540831]
[17.03100031],[-1.2634338e-13],1301,-25,[14.45540831]
[17.03100031],[-1.2634338e-13],1301,-25,[14.45540831]
[17.03100031],[-1.2634338e-13],1301,-25,[14.45540831]
[17.03100031],[-1.2634338e-13],1301,-25,[14.45540831]
[17.03100031],[-1.2634338e-13],1301,-25,[14.45540831]
[17.03100031],[-1.2634338e-13],1301,-25,[14.45540831]
[17.03100031],[-1.2634338e-13],1301,-25,[14.45540831]
[17.03100031],[-1.2634338e-13],1301,-25,[14.45540831]
[17.03100031],[-1.2634338e-13],1301,-25,[14.45540831]
[17.03100031],[-1.2634338e-13],1301,-25,[14.45540831]
[17.03100031],[-1.2634338e-13],1301,-25,[14.45540831]
[17.03100031],[-1.2634338e-13],1301,-25,[14.45540831]
[17.03100031],[-1.2634338e-13],1301,-25,[14.45540831]
[17.03100031],[-1.2634338e-13],1301,-25,[14.45540831]
[17.03100031],[-1.2634338e-13],1301,-25,[14.45540831]
[17.03100031],[-1.2634338e-13],1301,-25,[14.45540831]
[17.03100031],[-1.2634338e-13],1301,-25,[14.45540831]
[17.03100031],[-1.2634338e-13],1301,-25,[14.45540831]
[17.03100031],[-1.2634338e-13],1301,-25,[14.45540831]
[17.03100031],[-1.2634338e-13],1301,-25,[14.45540831]
[17.03100031],[-1.2634338e-13],1301,-25,[14.45540831]
[17.03100031],[-1.2634338e-13],1301,-25,[14.45540831]
[17.03100031],[-1.2634338e-13],1301,-25,[14.45540831]
[17.03100031],[-1.2634338e-13],1301,-25,[14.45540831]
[17.03100031],[-1.2634338e-13],1301,-25,[14.45540831]
[17.03100031],[-1.2634338e-13],1301,-25,[14.45540831]
[17.03100031],[-1.2634338e-13],1301,-25,[14.45540831]
[17.03100031],[-1.2634338e-13],1301,-25,[14.45540831]
[17.03100031],[-1.2634338e-13],1301,-25,[14.45540831]
[17.03100031],[-1.2634338e-13],1301,-25,[14.45540831]
[17.03100031],[-1.2634338e-13],1301,-25,[14.45540831]
[17.03100031],[-1.2634338e-13],1301,-25,[14.45540831]
[17.03100031],[-1.2634338e-13],1301,-25,[14.45540831]
[17.03100031],[-1.2634338e-13],1301,-25,[14.45540831]
[17.03100031],[-1.2634338e-13],1301,-25,[14.45540831]
[17.03100031],[-1.2634338e-13],1301,-25,[14.45540831]
[17.03100031],[-1.2634338e-13],1301,-25,[14.45540831]
[17.03100031],[-1.2634338e-13],1301,-25,[14.45540831]
[17.03100031],[-1.2634338e-13],1301,-25,[14.45540831]
[17.03100031],[-1.2634338e-13],1301,-25,[14.45540831]
[17.03100031],[-1.2634338e-13],1301,-25,[14.45540831]
[17.03100031],[-1.2634338e-13],1301,-25,[14.45540831]
[17.03100031],[-1.2634338e-13],1301,-25,[14.45540831]
[17.03100031],[-1.2634338e-13],1301,-25,[14.45540831]
[17.03100031],[-1.2634338e-13],1301,-25,[14.45540831]
[17.03100031],[-1.2634338e-13],1301,-25,[14.45540831]
[17.03100031],[-1.2634338e-13],1301,-25,[14.45540831]
[17.03100031],[-1.2634338e-13],1301,-25,[14.45540831]
[17.03100031],[-1.2634338e-13],1301,-25,[14.45540831]
[17.03100031],[-1.2634338e-13],1301,-25,[14.45540831]
[17.03100031],[-1.2634338e-13],1301,-25,[14.45540831]
[17.03100031],[-1.2634338e-13],1301,-25,[14.45540831]
[17.03100031],[-1.2634338e-13],1301,-25,[14.45540831]
[17.03100031],[-1.2634338e-13],1301,-25,[14.45540831]
[17.03100031],[-1.2634338e-13],1301,-25,[14.45540831]
[17.03100031],[-1.2634338e-13],1301,-25,[14.45540831]
[17.03100031],[-1.2634338e-13],1301,-25,[14.45540831]
[17.03100031],[-1.2634338e-13],1301,-25,[14.45540831]
[17.03100031],[-1.2634338e-13],1301,-25,[14.45540831]
[17.03100031],[-1.2634338e-13],1301,-25,[14.45540831]
[17.03100031],[-1.2634338e-13],1301,-25,[14.45540831]
[17.03100031],[-1.2634338e-13],1301,-25,[14.45540831]
[17.03100031],[-1.2634338e-13],1301,-25,[14.45540831]
[17.03100031],[-1.2634338e-13],1301,-25,[14.45540831]
[17.03100031],[-1.2634338e-13],1301,-25,[14.45540831]
[17.03100031],[-1.2634338e-13],1301,-25,[14.45540831]
[17.03100031],[-1.2634338e-13],1301,-25,[14.45540831]
[17.03100031],[-1.2634338e-13],1301,-25,[14.45540831]
[17.03100031],[-1.2634338e-13],1301,-25,[14.45540831]
[17.03100031],[-1.2634338e-13],1301,-25,[14.45540831]
[17.03100031],[-1.2634338e-13],1301,-25,[14.45540831]
[17.03100031],[-1.2634338e-13],1301,-25,[14.45540831]
[17.03100031],[-1.2634338e-13],1301,-25,[14.45540831]
[17.03100031],[-1.2634338e-13],1301,-25,[14.45540831]
[17.03100031],[-1.2634338e-13],1301,-25,[14.45540831]
[17.03100031],[-1.2634338e-13],1301,-25,[14.45540831]
[17.03100031],[-1.2634338e-13],1301,-25,[14.45540831]
[17.03100031],[-1.2634338e-13],1301,-25,[14.45540831]
[17.03100031],[-1.2634338e-13],1301,-25,[14.45540831]
[17.03100031],[-1.2634338e-13],1301,-25,[14.45540831]
[17.03100031],[-1.2634338e-13],1301,-25,[14.45540831]
[17.03100031],[-1.2634338e-13],1301,-25,[14.45540831]
[17.03100031],[-1.2634338e-13],1301,-25,[14.45540831]
[17.03100031],[-1.2634338e-13],1301,-25,[14.45540831]
[17.03100031],[-1.2634338e-13],1301,-25,[14.45540831]
[17.03100031],[-1.2634338e-13],1301,-25,[14.45540831]
[17.03100031],[-1.2634338e-13],1301,-25,[14.45540831]
[17.03100031],[-1.2634338e-13],1301,-25,[14.45540831]
[17.03100031],[-1.2634338e-13],1301,-25,[14.45540831]
[17.03100031],[-1.2634338e-13],1301,-25,[14.45540831]
[17.03100031],[-1.2634338e-13],1301,-25,[14.45540831]
[17.03100031],[-1.2634338e-13],1301,-25,[14.45540831]
[17.03100031],[-1.2634338e-13],1301,-25,[14.45540831]
[17.03100031],[-1.2634338e-13],1301,-25,[14.45540831]
[17.03100031],[-1.2634338e-13],1301,-25,[14.45540831]
[17.03100031],[-1.2634338e-13],1301,-25,[14.45540831]
[17.03100031],[-1.2634338e-13],1301,-25,[14.45540831]
[17.03100031],[-1.2634338e-13],1301,-25,[14.45540831]
[17.03100031],[-1.2634338e-13],1301,-25,[14.45540831]
[17.03100031],[-1.2634338e-13],1301,-25,[14.45540831]
[17.03100031],[-1.2634338e-13],1301,-25,[14.45540831]
[17.03100031],[-1.2634338e-13],1301,-25,[14.45540831]
[17.03100031],[-1.2634338e-13],1301,-25,[14.45540831]
[17.03100031],[-1.2634338e-13],1301,-25,[14.45540831]
[17.03100031],[-1.2634338e-13],1301,-25,[14.45540831]
[17.03100031],[-1.2634338e-13],1301,-25,[14.45540831]
[17.03100031],[-1.2634338e-13],1301,-25,[14.45540831]
[17.03100031],[-1.2634338e-13],1301,-25,[14.45540831]
[17.03100031],[-1.2634338e-13],1301,-25,[14.45540831]
[17.03100031],[-1.2634338e-13],1301,-25,[14.45540831]
[17.03100031],[-1.2634338e-13],1301,-25,[14.45540831]
[17.03100031],[-1.2634338e-13],1301,-25,[14.45540831]
[17.03100031],[-1.2634338e-13],1301,-25,[14.45540831]
[17.03100031],[-1.2634338e-13],1301,-25,[14.45540831]
[17.03100031],[-1.2634338e-13],1301,-25,[14.45540831]
[17.03100031],[-1.2634338e-13],1301,-25,[14.45540831]
[17.03100031],[-1.2634338e-13],1301,-25,[14.45540831]
[17.03100031],[-1.2634338e-13],1301,-25,[14.45540831]
[17.03100031],[-1.2634338e-13],1301,-25,[14.45540831]
[17.03100031],[-1.2634338e-13],1301,-25,[14.45540831]
[17.03100031],[-1.2634338e-13],1301,-25,[14.45540831]
[17.03100031],[-1.2634338e-13],1301,-25,[14.45540831]
[17.03100031],[-1.2634338e-13],1301,-25,[14.45540831]
[17.03100031],[-1.2634338e-13],1301,-25,[14.45540831]
[17.03100031],[-1.2634338e-13],1301,-25,[14.45540831]
[17.03100031],[-1.2634338e-13],1301,-25,[14.45540831]
[17.03100031],[-1.2634338e-13],1301,-25,[14.45540831]
[17.03100031],[-1.2634338e-13],1301,-25,[14.45540831]
[17.03100031],[-1.2634338e-13],1301,-25,[14.45540831]
[17.03100031],[-1.2634338e-13],1301,-25,[14.45540831]
[17.03100031],[-1.2634338e-13],1301,-25,[14.45540831]
[17.03100031],[-1.2634338e-13],1301,-25,[14.45540831]
[17.03100031],[-1.2634338e-13],1301,-25,[14.45540831]
[17.03100031],[-1.2634338e-13],1301,-25,[14.45540831]
[17.03100031],[-1.2634338e-13],1301,-25,[14.45540831]
[17.03100031],[-1.2634338e-13],1301,-25,[14.45540831]
[17.03100031],[-1.2634338e-13],1301,-25,[14.45540831]
[17.03100031],[-1.2634338e-13],1301,-25,[14.45540831]
[17.03100031],[-1.2634338e-13],1301,-25,[14.45540831]
[17.03100031],[-1.2634338e-13],1301,-25,[14.45540831]
[17.03100031],[-1.2634338e-13],1301,-25,[14.45540831]
[17.03100031],[-1.2634338e-13],1301,-25,[14.45540831]
[17.03100031],[-1.2634338e-13],1301,-25,[14.45540831]
[17.03100031],[-1.2634338e-13],1301,-25,[14.45540831]
[17.03100031],[-1.2634338e-13],1301,-25,[14.45540831]
[17.03100031],[-1.2634338e-13],1301,-25,[14.45540831]
[17.03100031],[-1.2634338e-13],1301,-25,[14.45540831]
[17.03100031],[-1.2634338e-13],1301,-25,[14.45540831]
[17.03100031],[-1.2634338e-13],1301,-25,[14.45540831]
[17.03100031],[-1.2634338e-13],1301,-25,[14.45540831]
[17.03100031],[-1.2634338e-13],1301,-25,[14.45540831]
[17.03100031],[-1.2634338e-13],1301,-25,[14.45540831]
[17.03100031],[-1.2634338e-13],1301,-25,[14.45540831]
[17.03100031],[-1.2634338e-13],1301,-25,[14.45540831]
[17.03100031],[-1.2634338e-13],1301,-25,[14.45540831]
[17.03100031],[-1.2634338e-13],1301,-25,[14.45540831]
[17.03100031],[-1.2634338e-13],1301,-25,[14.45540831]
[17.03100031],[-1.2634338e-13],1301,-25,[14.45540831]
[17.03100031],[-1.2634338e-13],1301,-25,[14.45540831]
[17.03100031],[-1.2634338e-13],1301,-25,[14.45540831]
[17.03100031],[-1.2634338e-13],1301,-25,[14.45540831]
[17.03100031],[-1.2634338e-13],1301,-25,[14.45540831]
[17.03100031],[-1.2634338e-13],1301,-25,[14.45540831]
[17.03100031],[-1.2634338e-13],1301,-25,[14.45540831]
[17.03100031],[-1.2634338e-13],1301,-25,[14.45540831]
[17.03100031],[-1.2634338e-13],1301,-25,[14.45540831]
[17.03100031],[-1.2634338e-13],1301,-25,[14.45540831]
[17.03100031],[-1.2634338e-13],1301,-25,[14.45540831]
[17.03100031],[-1.2634338e-13],1301,-25,[14.45540831]
[17.03100031],[-1.2634338e-13],1301,-25,[14.45540831]
[17.03100031],[-1.2634338e-13],1301,-25,[14.45540831]
[17.03100031],[-1.2634338e-13],1301,-25,[14.45540831]
[17.03100031],[-1.2634338e-13],1301,-25,[14.45540831]
[17.03100031],[-1.2634338e-13],1301,-25,[14.45540831]
[17.03100031],[-1.2634338e-13],1301,-25,[14.45540831]
[17.03100031],[-1.2634338e-13],1301,-25,[14.45540831]
[17.03100031],[-1.2634338e-13],1301,-25,[14.45540831]
[17.03100031],[-1.2634338e-13],1301,-25,[14.45540831]
[17.03100031],[-1.2634338e-13],1301,-25,[14.45540831]
[17.03100031],[-1.2634338e-13],1301,-25,[14.45540831]
[17.03100031],[-1.2634338e-13],1301,-25,[14.45540831]
[17.03100031],[-1.2634338e-13],1301,-25,[14.45540831]
[17.03100031],[-1.2634338e-13],1301,-25,[14.45540831]
[17.03100031],[-1.2634338e-13],1301,-25,[14.45540831]
[17.03100031],[-1.2634338e-13],1301,-25,[14.45540831]
[17.03100031],[-1.2634338e-13],1301,-25,[14.45540831]
[17.03100031],[-1.2634338e-13],1301,-25,[14.45540831]
[17.03100031],[-1.2634338e-13],1301,-25,[14.45540831]
[17.03100031],[-1.2634338e-13],1301,-25,[14.45540831]
[17.03100031],[-1.2634338e-13],1301,-25,[14.45540831]
[17.03100031],[-1.2634338e-13],1301,-25,[14.45540831]
[17.03100031],[-1.2634338e-13],1301,-25,[14.45540831]
[17.03100031],[-1.2634338e-13],1301,-25,[14.45540831]
[17.03100031],[-1.2634338e-13],1301,-25,[14.45540831]
[17.03100031],[-1.2634338e-13],1301,-25,[14.45540831]
[17.03100031],[-1.2634338e-13],1301,-25,[14.45540831]
[17.03100031],[-1.2634338e-13],1301,-25,[14.45540831]
[17.03100031],[-1.2634338e-13],1301,-25,[14.45540831]
[17.03100031],[-1.2634338e-13],1301,-25,[14.45540831]
[17.03100031],[-1.2634338e-13],1301,-25,[14.45540831]
[17.03100031],[-1.2634338e-13],1301,-25,[14.45540831]
[17.03100031],[-1.2634338e-13],1301,-25,[14.45540831]
[17.03100031],[-1.2634338e-13],1301,-25,[14.45540831]
[17.03100031],[-1.2634338e-13],1301,-25,[14.45540831]
[17.03100031],[-1.2634338e-13],1301,-25,[14.45540831]
[17.03100031],[-1.2634338e-13],1301,-25,[14.45540831]
[17.03100031],[-1.2634338e-13],1301,-25,[14.45540831]
[17.03100031],[-1.2634338e-13],1301,-25,[14.45540831]
[17.03100031],[-1.2634338e-13],1301,-25,[14.45540831]
[17.03100031],[-1.2634338e-13],1301,-25,[14.45540831]
[17.03100031],[-1.2634338e-13],1301,-25,[14.45540831]
[17.03100031],[-1.2634338e-13],1301,-25,[14.45540831]
[17.03100031],[-1.2634338e-13],1301,-25,[14.45540831]
[17.03100031],[-1.2634338e-13],1301,-25,[14.45540831]
[17.03100031],[-1.2634338e-13],1301,-25,[14.45540831]
[17.03100031],[-1.2634338e-13],1301,-25,[14.45540831]
[17.03100031],[-1.2634338e-13],1301,-25,[14.45540831]
[17.03100031],[-1.2634338e-13],1301,-25,[14.45540831]
[17.03100031],[-1.2634338e-13],1301,-25,[14.45540831]
[17.03100031],[-1.2634338e-13],1301,-25,[14.45540831]
[17.03100031],[-1.2634338e-13],1301,-25,[14.45540831]
[17.03100031],[-1.2634338e-13],1301,-25,[14.45540831]
[17.03100031],[-1.2634338e-13],1301,-25,[14.45540831]
[17.03100031],[-1.2634338e-13],1301,-25,[14.45540831]
[17.03100031],[-1.2634338e-13],1301,-25,[14.45540831]
[17.03100031],[-1.2634338e-13],1301,-25,[14.45540831]
[17.03100031],[-1.2634338e-13],1301,-25,[14.45540831]
[17.03100031],[-1.2634338e-13],1301,-25,[14.45540831]
[17.03100031],[-1.2634338e-13],1301,-25,[14.45540831]
[17.03100031],[-1.2634338e-13],1301,-25,[14.45540831]
[17.03100031],[-1.2634338e-13],1301,-25,[14.45540831]
[17.03100031],[-1.2634338e-13],1301,-25,[14.45540831]
[17.03100031],[-1.2634338e-13],1301,-25,[14.45540831]
[17.03100031],[-1.2634338e-13],1301,-25,[14.45540831]
[17.03100031],[-1.2634338e-13],1301,-25,[14.45540831]
[17.03100031],[-1.2634338e-13],1301,-25,[14.45540831]
[17.03100031],[-1.2634338e-13],1301,-25,[14.45540831]
[17.03100031],[-1.2634338e-13],1301,-25,[14.45540831]
[17.03100031],[-1.2634338e-13],1301,-25,[14.45540831]
[17.03100031],[-1.2634338e-13],1301,-25,[14.45540831]
[17.03100031],[-1.2634338e-13],1301,-25,[14.45540831]
[17.03100031],[-1.2634338e-13],1301,-25,[14.45540831]
[17.03100031],[-1.2634338e-13],1301,-25,[14.45540831]
[17.03100031],[-1.2634338e-13],1301,-25,[14.45540831]
[17.03100031],[-1.2634338e-13],1301,-25,[14.45540831]
[17.03100031],[-1.2634338e-13],1301,-25,[14.45540831]
[17.03100031],[-1.2634338e-13],1301,-25,[14.45540831]
[17.03100031],[-1.2634338e-13],1301,-25,[14.45540831]
[17.03100031],[-1.2634338e-13],1301,-25,[14.45540831]
[17.03100031],[-1.2634338e-13],1301,-25,[14.45540831]
[17.03100031],[-1.2634338e-13],1301,-25,[14.45540831]
[17.03100031],[-1.2634338e-13],1301,-25,[14.45540831]
[17.03100031],[-1.2634338e-13],1301,-25,[14.45540831]
[17.03100031],[-1.2634338e-13],1301,-25,[14.45540831]
[17.03100031],[-1.2634338e-13],1301,-25,[14.45540831]
[17.03100031],[-1.2634338e-13],1301,-25,[14.45540831]
[17.03100031],[-1.2634338e-13],1301,-25,[14.45540831]
[17.03100031],[-1.2634338e-13],1301,-25,[14.45540831]
[17.03100031],[-1.2634338e-13],1301,-25,[14.45540831]
[17.03100031],[-1.2634338e-13],1301,-25,[14.45540831]
[17.03100031],[-1.2634338e-13],1301,-25,[14.45540831]
[17.03100031],[-1.2634338e-13],1301,-25,[14.45540831]
[17.03100031],[-1.2634338e-13],1301,-25,[14.45540831]
[17.03100031],[-1.2634338e-13],1301,-25,[14.45540831]
[17.03100031],[-1.2634338e-13],1301,-25,[14.45540831]
[17.03100031],[-1.2634338e-13],1301,-25,[14.45540831]
[17.03100031],[-1.2634338e-13],1301,-25,[14.45540831]
[17.03100031],[-1.2634338e-13],1301,-25,[14.45540831]
[17.03100031],[-1.2634338e-13],1301,-25,[14.45540831]
[17.03100031],[-1.2634338e-13],1301,-25,[14.45540831]
[17.03100031],[-1.2634338e-13],1301,-25,[14.45540831]
[17.03100031],[-1.2634338e-13],1301,-25,[14.45540831]
[17.03100031],[-1.2634338e-13],1301,-25,[14.45540831]
[17.03100031],[-1.2634338e-13],1301,-25,[14.45540831]
[17.03100031],[-1.2634338e-13],1301,-25,[14.45540831]
[17.03100031],[-1.2634338e-13],1301,-25,[14.45540831]
[17.03100031],[-1.2634338e-13],1301,-25,[14.45540831]
[17.03100031],[-1.2634338e-13],1301,-25,[14.45540831]
[17.03100031],[-1.2634338e-13],1301,-25,[14.45540831]
[17.03100031],[-1.2634338e-13],1301,-25,[14.45540831]
[17.03100031],[-1.2634338e-13],1301,-25,[14.45540831]
[17.03100031],[-1.2634338e-13],1301,-25,[14.45540831]
[17.03100031],[-1.2634338e-13],1301,-25,[14.45540831]
[17.03100031],[-1.2634338e-13],1301,-25,[14.45540831]
[17.03100031],[-1.2634338e-13],1301,-25,[14.45540831]
[17.03100031],[-1.2634338e-13],1301,-25,[14.45540831]
[17.03100031],[-1.2634338e-13],1301,-25,[14.45540831]
[17.03100031],[-1.2634338e-13],1301,-25,[14.45540831]
[17.03100031],[-1.2634338e-13],1301,-25,[14.45540831]
[17.03100031],[-1.2634338e-13],1301,-25,[14.45540831]
[17.03100031],[-1.2634338e-13],1301,-25,[14.45540831]
[17.03100031],[-1.2634338e-13],1301,-25,[14.45540831]
[17.03100031],[-1.2634338e-13],1301,-25,[14.45540831]
[17.03100031],[-1.2634338e-13],1301,-25,[14.45540831]
[17.03100031],[-1.2634338e-13],1301,-25,[14.45540831]
[17.03100031],[-1.2634338e-13],1301,-25,[14.45540831]
[17.03100031],[-1.2634338e-13],1301,-25,[14.45540831]
[17.03100031],[-1.2634338e-13],1301,-25,[14.45540831]
[17.03100031],[-1.2634338e-13],1301,-25,[14.45540831]
[17.03100031],[-1.2634338e-13],1301,-25,[14.45540831]
[17.03100031],[-1.2634338e-13],1301,-25,[14.45540831]
[17.03100031],[-1.2634338e-13],1301,-25,[14.45540831]
[17.03100031],[-1.2634338e-13],1301,-25,[14.45540831]
[17.03100031],[-1.2634338e-13],1301,-25,[14.45540831]
[17.03100031],[-1.2634338e-13],1301,-25,[14.45540831]
[17.03100031],[-1.2634338e-13],1301,-25,[14.45540831]
[17.03100031],[-1.2634338e-13],1301,-25,[14.45540831]
[17.03100031],[-1.2634338e-13],1301,-25,[14.45540831]
[17.03100031],[-1.2634338e-13],1301,-25,[14.45540831]
[17.03100031],[-1.2634338e-13],1301,-25,[14.45540831]
[17.03100031],[-1.2634338e-13],1301,-25,[14.45540831]
[17.03100031],[-1.2634338e-13],1301,-25,[14.45540831]
[17.03100031],[-1.2634338e-13],1301,-25,[14.45540831]
[17.03100031],[-1.2634338e-13],1301,-25,[14.45540831]
[17.03100031],[-1.2634338e-13],1301,-25,[14.45540831]
[17.03100031],[-1.2634338e-13],1301,-25,[14.45540831]
[17.03100031],[-1.2634338e-13],1301,-25,[14.45540831]
[17.03100031],[-1.2634338e-13],1301,-25,[14.45540831]
[17.03100031],[-1.2634338e-13],1301,-25,[14.45540831]
[17.03100031],[-1.2634338e-13],1301,-25,[14.45540831]
[17.03100031],[-1.2634338e-13],1301,-25,[14.45540831]
[17.03100031],[-1.2634338e-13],1301,-25,[14.45540831]
[17.03100031],[-1.2634338e-13],1301,-25,[14.45540831]
[17.03100031],[-1.2634338e-13],1301,-25,[14.45540831]
[17.03100031],[-1.2634338e-13],1301,-25,[14.45540831]
[17.03100031],[-1.2634338e-13],1301,-25,[14.45540831]
[17.03100031],[-1.2634338e-13],1301,-25,[14.45540831]
[17.03100031],[-1.2634338e-13],1301,-25,[14.45540831]
[17.03100031],[-1.2634338e-13],1301,-25,[14.45540831]
[17.03100031],[-1.2634338e-13],1301,-25,[14.45540831]
[17.03100031],[-1.2634338e-13],1301,-25,[14.45540831]
[17.03100031],[-1.2634338e-13],1301,-25,[14.45540831]
[17.03100031],[-1.2634338e-13],1301,-25,[14.45540831]
[17.03100031],[-1.2634338e-13],1301,-25,[14.45540831]
[17.03100031],[-1.2634338e-13],1301,-25,[14.45540831]
[17.03100031],[-1.2634338e-13],1301,-25,[14.45540831]
[17.03100031],[-1.2634338e-13],1301,-25,[14.45540831]
[17.03100031],[-1.2634338e-13],1301,-25,[14.45540831]
[17.03100031],[-1.2634338e-13],1301,-25,[14.45540831]
[17.03100031],[-1.2634338e-13],1301,-25,[14.45540831]
[17.03100031],[-1.2634338e-13],1301,-25,[14.45540831]
[17.03100031],[-1.2634338e-13],1301,-25,[14.45540831]
[17.03100031],[-1.2634338e-13],1301,-25,[14.45540831]
[17.03100031],[-1.2634338e-13],1301,-25,[14.45540831]
[17.03100031],[-1.2634338e-13],1301,-25,[14.45540831]
[17.03100031],[-1.2634338e-13],1301,-25,[14.45540831]
[17.03100031],[-1.2634338e-13],1301,-25,[14.45540831]
[17.03100031],[-1.2634338e-13],1301,-25,[14.45540831]
[17.03100031],[-1.2634338e-13],1301,-25,[14.45540831]
[17.03100031],[-1.2634338e-13],1301,-25,[14.45540831]
[17.03100031],[-1.2634338e-13],1301,-25,[14.45540831]
[17.03100031],[-1.2634338e-13],1301,-25,[14.45540831]
[17.03100031],[-1.2634338e-13],1301,-25,[14.45540831]
[17.03100031],[-1.2634338e-13],1301,-25,[14.45540831]
[17.03100031],[-1.2634338e-13],1301,-25,[14.45540831]
[17.03100031],[-1.2634338e-13],1301,-25,[14.45540831]
[17.03100031],[-1.2634338e-13],1301,-25,[14.45540831]
[17.03100031],[-1.2634338e-13],1301,-25,[14.45540831]
[17.03100031],[-1.2634338e-13],1301,-25,[14.45540831]
[17.03100031],[-1.2634338e-13],1301,-25,[14.45540831]
[17.03100031],[-1.2634338e-13],1301,-25,[14.45540831]
[17.03100031],[-1.2634338e-13],1301,-25,[14.45540831]
[17.03100031],[-1.2634338e-13],1301,-25,[14.45540831]
[17.03100031],[-1.2634338e-13],1301,-25,[14.45540831]
[17.03100031],[-1.2634338e-13],1301,-25,[14.45540831]
[17.03100031],[-1.2634338e-13],1301,-25,[14.45540831]
[17.03100031],[-1.2634338e-13],1301,-25,[14.45540831]
[17.03100031],[-1.2634338e-13],1301,-25,[14.45540831]
[17.03100031],[-1.2634338e-13],1301,-25,[14.45540831]
[17.03100031],[-1.2634338e-13],1301,-25,[14.45540831]
[17.03100031],[-1.2634338e-13],1301,-25,[14.45540831]
[17.03100031],[-1.2634338e-13],1301,-25,[14.45540831]
[17.03100031],[-1.2634338e-13],1301,-25,[14.45540831]
[17.03100031],[-1.2634338e-13],1301,-25,[14.45540831]
[17.03100031],[-1.2634338e-13],1301,-25,[14.45540831]
[17.03100031],[-1.2634338e-13],1301,-25,[14.45540831]
[17.03100031],[-1.2634338e-13],1301,-25,[14.45540831]
[17.03100031],[-1.2634338e-13],1301,-25,[14.45540831]
[17.03100031],[-1.2634338e-13],1301,-25,[14.45540831]
[17.03100031],[-1.2634338e-13],1301,-25,[14.45540831]
[17.03100031],[-1.2634338e-13],1301,-25,[14.45540831]
[17.03100031],[-1.2634338e-13],1301,-25,[14.45540831]
[17.03100031],[-1.2634338e-13],1301,-25,[14.45540831]
[17.03100031],[-1.2634338e-13],1301,-25,[14.45540831]
[17.03100031],[-1.2634338e-13],1301,-25,[14.45540831]
[17.03100031],[-1.2634338e-13],1301,-25,[14.45540831]
[17.03100031],[-1.2634338e-13],1301,-25,[14.45540831]
[17.03100031],[-1.2634338e-13],1301,-25,[14.45540831]
[17.03100031],[-1.2634338e-13],1301,-25,[14.45540831]
[17.03100031],[-1.2634338e-13],1301,-25,[14.45540831]
[17.03100031],[-1.2634338e-13],1301,-25,[14.45540831]
[17.03100031],[-1.2634338e-13],1301,-25,[14.45540831]
[17.03100031],[-1.2634338e-13],1301,-25,[14.45540831]
[17.03100031],[-1.2634338e-13],1301,-25,[14.45540831]
[17.03100031],[-1.2634338e-13],1301,-25,[14.45540831]
[17.03100031],[-1.2634338e-13],1301,-25,[14.45540831]
[17.03100031],[-1.2634338e-13],1301,-25,[14.45540831]
[17.03100031],[-1.2634338e-13],1301,-25,[14.45540831]
[17.03100031],[-1.2634338e-13],1301,-25,[14.45540831]
[17.03100031],[-1.2634338e-13],1301,-25,[14.45540831]
[17.03100031],[-1.2634338e-13],1301,-25,[14.45540831]
[17.03100031],[-1.2634338e-13],1301,-25,[14.45540831]
[17.03100031],[-1.2634338e-13],1301,-25,[14.45540831]
[17.03100031],[-1.2634338e-13],1301,-25,[14.45540831]
[17.03100031],[-1.2634338e-13],1301,-25,[14.45540831]
[17.03100031],[-1.2634338e-13],1301,-25,[14.45540831]
[17.03100031],[-1.2634338e-13],1301,-25,[14.45540831]
[17.03100031],[-1.2634338e-13],1301,-25,[14.45540831]
[17.03100031],[-1.2634338e-13],1301,-25,[14.45540831]
[17.03100031],[-1.2634338e-13],1301,-25,[14.45540831]
[17.03100031],[-1.2634338e-13],1301,-25,[14.45540831]
[17.03100031],[-1.2634338e-13],1301,-25,[14.45540831]
[17.03100031],[-1.2634338e-13],1301,-25,[14.45540831]
[17.03100031],[-1.2634338e-13],1301,-25,[14.45540831]
[17.03100031],[-1.2634338e-13],1301,-25,[14.45540831]
[17.03100031],[-1.2634338e-13],1301,-25,[14.45540831]
[17.03100031],[-1.2634338e-13],1301,-25,[14.45540831]
[17.03100031],[-1.2634338e-13],1301,-25,[14.45540831]
[17.03100031],[-1.2634338e-13],1301,-25,[14.45540831]
[17.03100031],[-1.2634338e-13],1301,-25,[14.45540831]
[17.03100031],[-1.2634338e-13],1301,-25,[14.45540831]
[17.03100031],[-1.2634338e-13],1301,-25,[14.45540831]
[17.03100031],[-1.2634338e-13],1301,-25,[14.45540831]
[17.03100031],[-1.2634338e-13],1301,-25,[14.45540831]
[17.03100031],[-1.2634338e-13],1301,-25,[14.45540831]
[17.03100031],[-1.2634338e-13],1301,-25,[14.45540831]
[17.03100031],[-1.2634338e-13],1301,-25,[14.45540831]
[17.03100031],[-1.2634338e-13],1301,-25,[14.45540831]
[17.03100031],[-1.2634338e-13],1301,-25,[14.45540831]
[17.03100031],[-1.2634338e-13],1301,-25,[14.45540831]
[17.03100031],[-1.2634338e-13],1301,-25,[14.45540831]
[17.03100031],[-1.2634338e-13],1301,-25,[14.45540831]
[17.03100031],[-1.2634338e-13],1301,-25,[14.45540831]
[17.03100031],[-1.2634338e-13],1301,-25,[14.45540831]
[17.03100031],[-1.2634338e-13],1301,-25,[14.45540831]
[17.03100031],[-1.2634338e-13],1301,-25,[14.45540831]
[17.03100031],[-1.2634338e-13],1301,-25,[14.45540831]
[17.03100031],[-1.2634338e-13],1301,-25,[14.45540831]
[17.03100031],[-1.2634338e-13],1301,-25,[14.45540831]
[17.03100031],[-1.2634338e-13],1301,-25,[14.45540831]
[17.03100031],[-1.2634338e-13],1301,-25,[14.45540831]
[17.03100031],[-1.2634338e-13],1301,-25,[14.45540831]
[17.03100031],[-1.2634338e-13],1301,-25,[14.45540831]
[17.03100031],[-1.2634338e-13],1301,-25,[14.45540831]
[17.03100031],[-1.2634338e-13],1301,-25,[14.45540831]
[17.03100031],[-1.2634338e-13],1301,-25,[14.45540831]
[17.03100031],[-1.2634338e-13],1301,-25,[14.45540831]
[17.03100031],[-1.2634338e-13],1301,-25,[14.45540831]
[17.03100031],[-1.2634338e-13],1301,-25,[14.45540831]
[17.03100031],[-1.2634338e-13],1301,-25,[14.45540831]
[17.03100031],[-1.2634338e-13],1301,-25,[14.45540831]
[17.03100031],[-1.2634338e-13],1301,-25,[14.45540831]
[17.03100031],[-1.2634338e-13],1301,-25,[14.45540831]
[17.03100031],[-1.2634338e-13],1301,-25,[14.45540831]
[17.03100031],[-1.2634338e-13],1301,-25,[14.45540831]
[17.03100031],[-1.2634338e-13],1301,-25,[14.45540831]
[17.03100031],[-1.2634338e-13],1301,-25,[14.45540831]
[17.03100031],[-1.2634338e-13],1301,-25,[14.45540831]
[17.03100031],[-1.2634338e-13],1301,-25,[14.45540831]
[17.03100031],[-1.2634338e-13],1301,-25,[14.45540831]
[17.03100031],[-1.2634338e-13],1301,-25,[14.45540831]
[17.03100031],[-1.2634338e-13],1301,-25,[14.45540831]
[17.03100031],[-1.2634338e-13],1301,-25,[14.45540831]
[17.03100031],[-1.2634338e-13],1301,-25,[14.45540831]
[17.03100031],[-1.2634338e-13],1301,-25,[14.45540831]
[17.03100031],[-1.2634338e-13],1301,-25,[14.45540831]
[17.03100031],[-1.2634338e-13],1301,-25,[14.45540831]
[17.03100031],[-1.2634338e-13],1301,-25,[14.45540831]
[17.03100031],[-1.2634338e-13],1301,-25,[14.45540831]
[17.03100031],[-1.2634338e-13],1301,-25,[14.45540831]
[17.03100031],[-1.2634338e-13],1301,-25,[14.45540831]
[17.03100031],[-1.2634338e-13],1301,-25,[14.45540831]
[17.03100031],[-1.2634338e-13],1301,-25,[14.45540831]
[17.03100031],[-1.2634338e-13],1301,-25,[14.45540831]
[17.03100031],[-1.2634338e-13],1301,-25,[14.45540831]
[17.03100031],[-1.2634338e-13],1301,-25,[14.45540831]
[17.03100031],[-1.2634338e-13],1301,-25,[14.45540831]
[17.03100031],[-1.2634338e-13],1301,-25,[14.45540831]
[17.03100031],[-1.2634338e-13],1301,-25,[14.45540831]
[17.03100031],[-1.2634338e-13],1301,-25,[14.45540831]
[17.03100031],[-1.2634338e-13],1301,-25,[14.45540831]
[17.03100031],[-1.2634338e-13],1301,-25,[14.45540831]
[17.03100031],[-1.2634338e-13],1301,-25,[14.45540831]
[17.03100031],[-1.2634338e-13],1301,-25,[14.45540831]
[17.03100031],[-1.2634338e-13],1301,-25,[14.45540831]
[17.03100031],[-1.2634338e-13],1301,-25,[14.45540831]
[17.03100031],[-1.2634338e-13],1301,-25,[14.45540831]
[17.03100031],[-1.2634338e-13],1301,-25,[14.45540831]
[17.03100031],[-1.2634338e-13],1301,-25,[14.45540831]
[17.03100031],[-1.2634338e-13],1301,-25,[14.45540831]
[17.03100031],[-1.2634338e-13],1301,-25,[14.45540831]
[17.03100031],[-1.2634338e-13],1301,-25,[14.45540831]
[17.03100031],[-1.2634338e-13],1301,-25,[14.45540831]
[17.03100031],[-1.2634338e-13],1301,-25,[14.45540831]
[17.03100031],[-1.2634338e-13],1301,-25,[14.45540831]
[17.03100031],[-1.2634338e-13],1301,-25,[14.45540831]
[17.03100031],[-1.2634338e-13],1301,-25,[14.45540831]
[17.03100031],[-1.2634338e-13],1301,-25,[14.45540831]
[17.03100031],[-1.2634338e-13],1301,-25,[14.45540831]
[17.03100031],[-1.2634338e-13],1301,-25,[14.45540831]
[17.03100031],[-1.2634338e-13],1301,-25,[14.45540831]
[17.03100031],[-1.2634338e-13],1301,-25,[14.45540831]
[17.03100031],[-1.2634338e-13],1301,-25,[14.45540831]
[17.03100031],[-1.2634338e-13],1301,-25,[14.45540831]
[17.03100031],[-1.2634338e-13],1301,-25,[14.45540831]
[17.03100031],[-1.2634338e-13],1301,-25,[14.45540831]
[17.03100031],[-1.2634338e-13],1301,-25,[14.45540831]
[17.03100031],[-1.2634338e-13],1301,-25,[14.45540831]
[17.03100031],[-1.2634338e-13],1301,-25,[14.45540831]
[17.03100031],[-1.2634338e-13],1301,-25,[14.45540831]
[17.03100031],[-1.2634338e-13],1301,-25,[14.45540831]
[17.03100031],[-1.2634338e-13],1301,-25,[14.45540831]
[17.03100031],[-1.2634338e-13],1301,-25,[14.45540831]
[17.03100031],[-1.2634338e-13],1301,-25,[14.45540831]
[17.03100031],[-1.2634338e-13],1301,-25,[14.45540831]
[17.03100031],[-1.2634338e-13],1301,-25,[14.45540831]
[17.03100031],[-1.2634338e-13],1301,-25,[14.45540831]
[17.03100031],[-1.2634338e-13],1301,-25,[14.45540831]
[17.03100031],[-1.2634338e-13],1301,-25,[14.45540831]
[17.03100031],[-1.2634338e-13],1301,-25,[14.45540831]
[17.03100031],[-1.2634338e-13],1301,-25,[14.45540831]
[17.03100031],[-1.2634338e-13],1301,-25,[14.45540831]
[17.03100031],[-1.2634338e-13],1301,-25,[14.45540831]
[17.03100031],[-1.2634338e-13],1301,-25,[14.45540831]
[17.03100031],[-1.2634338e-13],1301,-25,[14.45540831]
[17.03100031],[-1.2634338e-13],1301,-25,[14.45540831]
[17.03100031],[-1.2634338e-13],1301,-25,[14.45540831]
[17.03100031],[-1.2634338e-13],1301,-25,[14.45540831]
[17.03100031],[-1.2634338e-13],1301,-25,[14.45540831]
[17.03100031],[-1.2634338e-13],1301,-25,[14.45540831]
[17.03100031],[-1.2634338e-13],1301,-25,[14.45540831]
[17.03100031],[-1.2634338e-13],1301,-25,[14.45540831]
[17.03100031],[-1.2634338e-13],1301,-25,[14.45540831]
[17.03100031],[-1.2634338e-13],1301,-25,[14.45540831]
[17.03100031],[-1.2634338e-13],1301,-25,[14.45540831]
[17.03100031],[-1.2634338e-13],1301,-25,[14.45540831]
[17.03100031],[-1.2634338e-13],1301,-25,[14.45540831]
[17.03100031],[-1.2634338e-13],1301,-25,[14.45540831]
[17.03100031],[-1.2634338e-13],1301,-25,[14.45540831]
[17.03100031],[-1.2634338e-13],1301,-25,[14.45540831]
[17.03100031],[-1.2634338e-13],1301,-25,[14.45540831]
[17.03100031],[-1.2634338e-13],1301,-25,[14.45540831]
[17.03100031],[-1.2634338e-13],1301,-25,[14.45540831]
[17.03100031],[-1.2634338e-13],1301,-25,[14.45540831]
[17.03100031],[-1.2634338e-13],1301,-25,[14.45540831]
[17.03100031],[-1.2634338e-13],1301,-25,[14.45540831]
[17.03100031],[-1.2634338e-13],1301,-25,[14.45540831]
[17.03100031],[-1.2634338e-13],1301,-25,[14.45540831]
[17.03100031],[-1.2634338e-13],1301,-25,[14.45540831]
[17.03100031],[-1.2634338e-13],1301,-25,[14.45540831]
[17.03100031],[-1.2634338e-13],1301,-25,[14.45540831]
[17.03100031],[-1.2634338e-13],1301,-25,[14.45540831]
[17.03100031],[-1.2634338e-13],1301,-25,[14.45540831]
[17.03100031],[-1.2634338e-13],1301,-25,[14.45540831]
[17.03100031],[-1.2634338e-13],1301,-25,[14.45540831]
[17.03100031],[-1.2634338e-13],1301,-25,[14.45540831]
[17.03100031],[-1.2634338e-13],1301,-25,[14.45540831]
[17.03100031],[-1.2634338e-13],1301,-25,[14.45540831]
[17.03100031],[-1.2634338e-13],1301,-25,[14.45540831]
[17.03100031],[-1.2634338e-13],1301,-25,[14.45540831]
[17.03100031],[-1.2634338e-13],1301,-25,[14.45540831]
[17.03100031],[-1.2634338e-13],1301,-25,[14.45540831]
[17.03100031],[-1.2634338e-13],1301,-25,[14.45540831]
[17.03100031],[-1.2634338e-13],1301,-25,[14.45540831]
[17.03100031],[-1.2634338e-13],1301,-25,[14.45540831]
[17.03100031],[-1.2634338e-13],1301,-25,[14.45540831]
[17.03100031],[-1.2634338e-13],1301,-25,[14.45540831]
[17.03100031],[-1.2634338e-13],1301,-25,[14.45540831]
[17.03100031],[-1.2634338e-13],1301,-25,[14.45540831]
[17.03100031],[-1.2634338e-13],1301,-25,[14.45540831]
[17.03100031],[-1.2634338e-13],1301,-25,[14.45540831]
[17.03100031],[-1.2634338e-13],1301,-25,[14.45540831]
[17.03100031],[-1.2634338e-13],1301,-25,[14.45540831]
[17.03100031],[-1.2634338e-13],1301,-25,[14.45540831]
[17.03100031],[-1.2634338e-13],1301,-25,[14.45540831]
[17.03100031],[-1.2634338e-13],1301,-25,[14.45540831]
[17.03100031],[-1.2634338e-13],1301,-25,[14.45540831]
[17.03100031],[-1.2634338e-13],1301,-25,[14.45540831]
[17.03100031],[-1.2634338e-13],1301,-25,[14.45540831]
[17.03100031],[-1.2634338e-13],1301,-25,[14.45540831]
[17.03100031],[-1.2634338e-13],1301,-25,[14.45540831]
[17.03100031],[-1.2634338e-13],1301,-25,[14.45540831]
[17.03100031],[-1.2634338e-13],1301,-25,[14.45540831]
[17.03100031],[-1.2634338e-13],1301,-25,[14.45540831]
[17.03100031],[-1.2634338e-13],1301,-25,[14.45540831]
[17.03100031],[-1.2634338e-13],1301,-25,[14.45540831]
[17.03100031],[-1.2634338e-13],1301,-25,[14.45540831]
[17.03100031],[-1.2634338e-13],1301,-25,[14.45540831]
[17.03100031],[-1.2634338e-13],1301,-25,[14.45540831]
[17.03100031],[-1.2634338e-13],1301,-25,[14.45540831]
[17.03100031],[-1.2634338e-13],1301,-25,[14.45540831]
[17.03100031],[-1.2634338e-13],1301,-25,[14.45540831]
[17.03100031],[-1.2634338e-13],1301,-25,[14.45540831]
[17.03100031],[-1.2634338e-13],1301,-25,[14.45540831]
[17.03100031],[-1.2634338e-13],1301,-25,[14.45540831]
[17.03100031],[-1.2634338e-13],1301,-25,[14.45540831]
[17.03100031],[-1.2634338e-13],1301,-25,[14.45540831]
[17.03100031],[-1.2634338e-13],1301,-25,[14.45540831]
[17.03100031],[-1.2634338e-13],1301,-25,[14.45540831]
[17.03100031],[-1.2634338e-13],1301,-25,[14.45540831]
[17.03100031],[-1.2634338e-13],1301,-25,[14.45540831]
[17.03100031],[-1.2634338e-13],1301,-25,[14.45540831]
[17.03100031],[-1.2634338e-13],1301,-25,[14.45540831]
[17.03100031],[-1.2634338e-13],1301,-25,[14.45540831]
[17.03100031],[-1.2634338e-13],1301,-25,[14.45540831]
[17.03100031],[-1.2634338e-13],1301,-25,[14.45540831]
[17.03100031],[-1.2634338e-13],1301,-25,[14.45540831]
[17.03100031],[-1.2634338e-13],1301,-25,[14.45540831]
[17.03100031],[-1.2634338e-13],1301,-25,[14.45540831]
[17.03100031],[-1.2634338e-13],1301,-25,[14.45540831]
[17.03100031],[-1.2634338e-13],1301,-25,[14.45540831]
[17.03100031],[-1.2634338e-13],1301,-25,[14.45540831]
[17.03100031],[-1.2634338e-13],1301,-25,[14.45540831]
[17.03100031],[-1.2634338e-13],1301,-25,[14.45540831]
[17.03100031],[-1.2634338e-13],1301,-25,[14.45540831]
[17.03100031],[-1.2634338e-13],1301,-25,[14.45540831]
[17.03100031],[-1.2634338e-13],1301,-25,[14.45540831]
[17.03100031],[-1.2634338e-13],1301,-25,[14.45540831]
[17.03100031],[-1.2634338e-13],1301,-25,[14.45540831]
[17.03100031],[-1.2634338e-13],1301,-25,[14.45540831]
[17.03100031],[-1.2634338e-13],1301,-25,[14.45540831]
[17.03100031],[-1.2634338e-13],1301,-25,[14.45540831]
[17.03100031],[-1.2634338e-13],1301,-25,[14.45540831]
[17.03100031],[-1.2634338e-13],1301,-25,[14.45540831]
[17.03100031],[-1.2634338e-13],1301,-25,[14.45540831]
[17.03100031],[-1.2634338e-13],1301,-25,[14.45540831]
[17.03100031],[-1.2634338e-13],1301,-25,[14.45540831]
[17.03100031],[-1.2634338e-13],1301,-25,[14.45540831]
[17.03100031],[-1.2634338e-13],1301,-25,[14.45540831]
[17.03100031],[-1.2634338e-13],1301,-25,[14.45540831]
[17.03100031],[-1.2634338e-13],1301,-25,[14.45540831]
[17.03100031],[-1.2634338e-13],1301,-25,[14.45540831]
[17.03100031],[-1.2634338e-13],1301,-25,[14.45540831]
[17.03100031],[-1.2634338e-13],1301,-25,[14.45540831]
[17.03100031],[-1.2634338e-13],1301,-25,[14.45540831]
[17.03100031],[-1.2634338e-13],1301,-25,[14.45540831]
[17.03100031],[-1.2634338e-13],1301,-25,[14.45540831]
[17.03100031],[-1.2634338e-13],1301,-25,[14.45540831]
[17.03100031],[-1.2634338e-13],1301,-25,[14.45540831]
[17.03100031],[-1.2634338e-13],1301,-25,[14.45540831]
[17.03100031],[-1.2634338e-13],1301,-25,[14.45540831]
[17.03100031],[-1.2634338e-13],1301,-25,[14.45540831]
[17.03100031],[-1.2634338e-13],1301,-25,[14.45540831]
[17.03100031],[-1.2634338e-13],1301,-25,[14.45540831]
[17.03100031],[-1.2634338e-13],1301,-25,[14.45540831]
[17.03100031],[-1.2634338e-13],1301,-25,[14.45540831]
[17.03100031],[-1.2634338e-13],1301,-25,[14.45540831]
[17.03100031],[-1.2634338e-13],1301,-25,[14.45540831]
[17.03100031],[-1.2634338e-13],1301,-25,[14.45540831]
[17.03100031],[-1.2634338e-13],1301,-25,[14.45540831]
[17.03100031],[-1.2634338e-13],1301,-25,[14.45540831]
[17.03100031],[-1.2634338e-13],1301,-25,[14.45540831]
[17.03100031],[-1.2634338e-13],1301,-25,[14.45540831]
[17.03100031],[-1.2634338e-13],1301,-25,[14.45540831]
[17.03100031],[-1.2634338e-13],1301,-25,[14.45540831]
[17.03100031],[-1.2634338e-13],1301,-25,[14.45540831]
[17.03100031],[-1.2634338e-13],1301,-25,[14.45540831]
[17.03100031],[-1.2634338e-13],1301,-25,[14.45540831]
[17.03100031],[-1.2634338e-13],1301,-25,[14.45540831]
[17.03100031],[-1.2634338e-13],1301,-25,[14.45540831]
[17.03100031],[-1.2634338e-13],1301,-25,[14.45540831]
[17.03100031],[-1.2634338e-13],1301,-25,[14.45540831]
[17.03100031],[-1.2634338e-13],1301,-25,[14.45540831]
[17.03100031],[-1.2634338e-13],1301,-25,[14.45540831]
[17.03100031],[-1.2634338e-13],1301,-25,[14.45540831]
[17.03100031],[-1.2634338e-13],1301,-25,[14.45540831]
[17.03100031],[-1.2634338e-13],1301,-25,[14.45540831]
[17.03100031],[-1.2634338e-13],1301,-25,[14.45540831]
[17.03100031],[-1.2634338e-13],1301,-25,[14.45540831]
[17.03100031],[-1.2634338e-13],1301,-25,[14.45540831]
[17.03100031],[-1.2634338e-13],1301,-25,[14.45540831]
[17.03100031],[-1.2634338e-13],1301,-25,[14.45540831]
[17.03100031],[-1.2634338e-13],1301,-25,[14.45540831]
[17.03100031],[-1.2634338e-13],1301,-25,[14.45540831]
[17.03100031],[-1.2634338e-13],1301,-25,[14.45540831]
[17.03100031],[-1.2634338e-13],1301,-25,[14.45540831]
[17.03100031],[-1.2634338e-13],1301,-25,[14.45540831]
[17.03100031],[-1.2634338e-13],1301,-25,[14.45540831]
[17.03100031],[-1.2634338e-13],1301,-25,[14.45540831]
[17.03100031],[-1.2634338e-13],1301,-25,[14.45540831]
[17.03100031],[-1.2634338e-13],1301,-25,[14.45540831]
[17.03100031],[-1.2634338e-13],1301,-25,[14.45540831]
[17.03100031],[-1.2634338e-13],1301,-25,[14.45540831]
[17.03100031],[-1.2634338e-13],1301,-25,[14.45540831]
[17.03100031],[-1.2634338e-13],1301,-25,[14.45540831]
[17.03100031],[-1.2634338e-13],1301,-25,[14.45540831]
[17.03100031],[-1.2634338e-13],1301,-25,[14.45540831]
[17.03100031],[-1.2634338e-13],1301,-25,[14.45540831]
[17.03100031],[-1.2634338e-13],1301,-25,[14.45540831]
[17.03100031],[-1.2634338e-13],1301,-25,[14.45540831]
[17.03100031],[-1.2634338e-13],1301,-25,[14.45540831]
[17.03100031],[-1.2634338e-13],1301,-25,[14.45540831]
[17.03100031],[-1.2634338e-13],1301,-25,[14.45540831]
[17.03100031],[-1.2634338e-13],1301,-25,[14.45540831]
[17.03100031],[-1.2634338e-13],1301,-25,[14.45540831]
[17.03100031],[-1.2634338e-13],1301,-25,[14.45540831]
[17.03100031],[-1.2634338e-13],1301,-25,[14.45540831]
[17.03100031],[-1.2634338e-13],1301,-25,[14.45540831]
[17.03100031],[-1.2634338e-13],1301,-25,[14.45540831]
[17.03100031],[-1.2634338e-13],1301,-25,[14.45540831]
[17.03100031],[-1.2634338e-13],1301,-25,[14.45540831]
[17.03100031],[-1.2634338e-13],1301,-25,[14.45540831]
[17.03100031],[-1.2634338e-13],1301,-25,[14.45540831]
[17.03100031],[-1.2634338e-13],1301,-25,[14.45540831]
[17.03100031],[-1.2634338e-13],1301,-25,[14.45540831]
[17.03100031],[-1.2634338e-13],1301,-25,[14.45540831]
[17.03100031],[-1.2634338e-13],1301,-25,[14.45540831]
[17.03100031],[-1.2634338e-13],1301,-25,[14.45540831]
[17.03100031],[-1.2634338e-13],1301,-25,[14.45540831]
[17.03100031],[-1.2634338e-13],1301,-25,[14.45540831]
[17.03100031],[-1.2634338e-13],1301,-25,[14.45540831]
[17.03100031],[-1.2634338e-13],1301,-25,[14.45540831]
[17.03100031],[-1.2634338e-13],1301,-25,[14.45540831]
[17.03100031],[-1.2634338e-13],1301,-25,[14.45540831]
[17.03100031],[-1.2634338e-13],1301,-25,[14.45540831]
[17.03100031],[-1.2634338e-13],1301,-25,[14.45540831]
[17.03100031],[-1.2634338e-13],1301,-25,[14.45540831]
[17.03100031],[-1.2634338e-13],1301,-25,[14.45540831]
[17.03100031],[-1.2634338e-13],1301,-25,[14.45540831]
[17.03100031],[-1.2634338e-13],1301,-25,[14.45540831]
[17.03100031],[-1.2634338e-13],1301,-25,[14.45540831]
[17.03100031],[-1.2634338e-13],1301,-25,[14.45540831]
[17.03100031],[-1.2634338e-13],1301,-25,[14.45540831]
[17.03100031],[-1.2634338e-13],1301,-25,[14.45540831]
[17.03100031],[-1.2634338e-13],1301,-25,[14.45540831]
[17.03100031],[-1.2634338e-13],1301,-25,[14.45540831]
[17.03100031],[-1.2634338e-13],1301,-25,[14.45540831]
[17.03100031],[-1.2634338e-13],1301,-25,[14.45540831]
[17.03100031],[-1.2634338e-13],1301,-25,[14.45540831]
[17.03100031],[-1.2634338e-13],1301,-25,[14.45540831]
[17.03100031],[-1.2634338e-13],1301,-25,[14.45540831]
[17.03100031],[-1.2634338e-13],1301,-25,[14.45540831]
[17.03100031],[-1.2634338e-13],1301,-25,[14.45540831]
[17.03100031],[-1.2634338e-13],1301,-25,[14.45540831]
[17.03100031],[-1.2634338e-13],1301,-25,[14.45540831]
[17.03100031],[-1.2634338e-13],1301,-25,[14.45540831]
[17.03100031],[-1.2634338e-13],1301,-25,[14.45540831]
[17.03100031],[-1.2634338e-13],1301,-25,[14.45540831]
[17.03100031],[-1.2634338e-13],1301,-25,[14.45540831]
[17.03100031],[-1.2634338e-13],1301,-25,[14.45540831]
[17.03100031],[-1.2634338e-13],1301,-25,[14.45540831]
[17.03100031],[-1.2634338e-13],1301,-25,[14.45540831]
[17.03100031],[-1.2634338e-13],1301,-25,[14.45540831]
[17.03100031],[-1.2634338e-13],1301,-25,[14.45540831]
[17.03100031],[-1.2634338e-13],1301,-25,[14.45540831]
[17.03100031],[-1.2634338e-13],1301,-25,[14.45540831]
[17.03100031],[-1.2634338e-13],1301,-25,[14.45540831]
[17.03100031],[-1.2634338e-13],1301,-25,[14.45540831]
[17.03100031],[-1.2634338e-13],1301,-25,[14.45540831]
[17.03100031],[-1.2634338e-13],1301,-25,[14.45540831]
[17.03100031],[-1.2634338e-13],1301,-25,[14.45540831]
[17.03100031],[-1.2634338e-13],1301,-25,[14.45540831]
[17.03100031],[-1.2634338e-13],1301,-25,[14.45540831]
[17.03100031],[-1.2634338e-13],1301,-25,[14.45540831]
[17.03100031],[-1.2634338e-13],1301,-25,[14.45540831]
[17.03100031],[-1.2634338e-13],1301,-25,[14.45540831]
[17.03100031],[-1.2634338e-13],1301,-25,[14.45540831]
[17.03100031],[-1.2634338e-13],1301,-25,[14.45540831]
[17.03100031],[-1.2634338e-13],1301,-25,[14.45540831]
[17.03100031],[-1.2634338e-13],1301,-25,[14.45540831]
[17.03100031],[-1.2634338e-13],1301,-25,[14.45540831]
[17.03100031],[-1.2634338e-13],1301,-25,[14.45540831]
[17.03100031],[-1.2634338e-13],1301,-25,[14.45540831]
[17.03100031],[-1.2634338e-13],1301,-25,[14.45540831]
[17.03100031],[-1.2634338e-13],1301,-25,[14.45540831]
[17.03100031],[-1.2634338e-13],1301,-25,[14.45540831]
[17.03100031],[-1.2634338e-13],1301,-25,[14.45540831]
[17.03100031],[-1.2634338e-13],1301,-25,[14.45540831]
[17.03100031],[-1.2634338e-13],1301,-25,[14.45540831]
[17.03100031],[-1.2634338e-13],1301,-25,[14.45540831]
[17.03100031],[-1.2634338e-13],1301,-25,[14.45540831]
[17.03100031],[-1.2634338e-13],1301,-25,[14.45540831]
[17.03100031],[-1.2634338e-13],1301,-25,[14.45540831]
[17.03100031],[-1.2634338e-13],1301,-25,[14.45540831]
[17.03100031],[-1.2634338e-13],1301,-25,[14.45540831]
[17.03100031],[-1.2634338e-13],1301,-25,[14.45540831]
[17.03100031],[-1.2634338e-13],1301,-25,[14.45540831]
[17.03100031],[-1.2634338e-13],1301,-25,[14.45540831]
[17.03100031],[-1.2634338e-13],1301,-25,[14.45540831]
[17.03100031],[-1.2634338e-13],1301,-25,[14.45540831]
[17.03100031],[-1.2634338e-13],1301,-25,[14.45540831]
[17.03100031],[-1.2634338e-13],1301,-25,[14.45540831]
[17.03100031],[-1.2634338e-13],1301,-25,[14.45540831]
[17.03100031],[-1.2634338e-13],1301,-25,[14.45540831]
[17.03100031],[-1.2634338e-13],1301,-25,[14.45540831]
[17.03100031],[-1.2634338e-13],1301,-25,[14.45540831]
[17.03100031],[-1.2634338e-13],1301,-25,[14.45540831]
[17.03100031],[-1.2634338e-13],1301,-25,[14.45540831]
[17.03100031],[-1.2634338e-13],1301,-25,[14.45540831]
[17.03100031],[-1.2634338e-13],1301,-25,[14.45540831]
[17.03100031],[-1.2634338e-13],1301,-25,[14.45540831]
[17.03100031],[-1.2634338e-13],1301,-25,[14.45540831]
[17.03100031],[-1.2634338e-13],1301,-25,[14.45540831]
[17.03100031],[-1.2634338e-13],1301,-25,[14.45540831]
[17.03100031],[-1.2634338e-13],1301,-25,[14.45540831]
[17.03100031],[-1.2634338e-13],1301,-25,[14.45540831]
[17.03100031],[-1.2634338e-13],1301,-25,[14.45540831]
[17.03100031],[-1.2634338e-13],1301,-25,[14.45540831]
[17.03100031],[-1.2634338e-13],1301,-25,[14.45540831]
[17.03100031],[-1.2634338e-13],1301,-25,[14.45540831]
[17.03100031],[-1.2634338e-13],1301,-25,[14.45540831]
[17.03100031],[-1.2634338e-13],1301,-25,[14.45540831]
[17.03100031],[-1.2634338e-13],1301,-25,[14.45540831]
[17.03100031],[-1.2634338e-13],1301,-25,[14.45540831]
[17.03100031],[-1.2634338e-13],1301,-25,[14.45540831]
[17.03100031],[-1.2634338e-13],1301,-25,[14.45540831]
[17.03100031],[-1.2634338e-13],1301,-25,[14.45540831]
[17.03100031],[-1.2634338e-13],1301,-25,[14.45540831]
[17.03100031],[-1.2634338e-13],1301,-25,[14.45540831]
[17.03100031],[-1.2634338e-13],1301,-25,[14.45540831]
[17.03100031],[-1.2634338e-13],1301,-25,[14.45540831]
[17.03100031],[-1.2634338e-13],1301,-25,[14.45540831]
[17.03100031],[-1.2634338e-13],1301,-25,[14.45540831]
[17.03100031],[-1.2634338e-13],1301,-25,[14.45540831]
[17.03100031],[-1.2634338e-13],1301,-25,[14.45540831]
[17.03100031],[-1.2634338e-13],1301,-25,[14.45540831]
[17.03100031],[-1.2634338e-13],1301,-25,[14.45540831]
[17.03100031],[-1.2634338e-13],1301,-25,[14.45540831]
[17.03100031],[-1.2634338e-13],1301,-25,[14.45540831]
[17.03100031],[-1.2634338e-13],1301,-25,[14.45540831]
[17.03100031],[-1.2634338e-13],1301,-25,[14.45540831]
[17.03100031],[-1.2634338e-13],1301,-25,[14.45540831]
[17.03100031],[-1.2634338e-13],1301,-25,[14.45540831]
[17.03100031],[-1.2634338e-13],1301,-25,[14.45540831]
[17.03100031],[-1.2634338e-13],1301,-25,[14.45540831]
[17.03100031],[-1.2634338e-13],1301,-25,[14.45540831]
[17.03100031],[-1.2634338e-13],1301,-25,[14.45540831]
[17.03100031],[-1.2634338e-13],1301,-25,[14.45540831]
[17.03100031],[-1.2634338e-13],1301,-25,[14.45540831]
[17.03100031],[-1.2634338e-13],1301,-25,[14.45540831]
[17.03100031],[-1.2634338e-13],1301,-25,[14.45540831]
[17.03100031],[-1.2634338e-13],1301,-25,[14.45540831]
[17.03100031],[-1.2634338e-13],1301,-25,[14.45540831]
[17.03100031],[-1.2634338e-13],1301,-25,[14.45540831]
[17.03100031],[-1.2634338e-13],1301,-25,[14.45540831]
[17.03100031],[-1.2634338e-13],1301,-25,[14.45540831]
[17.03100031],[-1.2634338e-13],1301,-25,[14.45540831]
[17.03100031],[-1.2634338e-13],1301,-25,[14.45540831]
[17.03100031],[-1.2634338e-13],1301,-25,[14.45540831]
[17.03100031],[-1.2634338e-13],1301,-25,[14.45540831]
[17.03100031],[-1.2634338e-13],1301,-25,[14.45540831]
[17.03100031],[-1.2634338e-13],1301,-25,[14.45540831]
[17.03100031],[-1.2634338e-13],1301,-25,[14.45540831]
[17.03100031],[-1.2634338e-13],1301,-25,[14.45540831]
[17.03100031],[-1.2634338e-13],1301,-25,[14.45540831]
[17.03100031],[-1.2634338e-13],1301,-25,[14.45540831]
[17.03100031],[-1.2634338e-13],1301,-25,[14.45540831]
[17.03100031],[-1.2634338e-13],1301,-25,[14.45540831]
[17.03100031],[-1.2634338e-13],1301,-25,[14.45540831]
[17.03100031],[-1.2634338e-13],1301,-25,[14.45540831]
[17.03100031],[-1.2634338e-13],1301,-25,[14.45540831]
[17.03100031],[-1.2634338e-13],1301,-25,[14.45540831]
[17.03100031],[-1.2634338e-13],1301,-25,[14.45540831]
[17.03100031],[-1.2634338e-13],1301,-25,[14.45540831]
[17.03100031],[-1.2634338e-13],1301,-25,[14.45540831]
[17.03100031],[-1.2634338e-13],1301,-25,[14.45540831]
[17.03100031],[-1.2634338e-13],1301,-25,[14.45540831]
[17.03100031],[-1.2634338e-13],1301,-25,[14.45540831]
[17.03100031],[-1.2634338e-13],1301,-25,[14.45540831]
[17.03100031],[-1.2634338e-13],1301,-25,[14.45540831]
[17.03100031],[-1.2634338e-13],1301,-25,[14.45540831]
[17.03100031],[-1.2634338e-13],1301,-25,[14.45540831]
[17.03100031],[-1.2634338e-13],1301,-25,[14.45540831]
[17.03100031],[-1.2634338e-13],1301,-25,[14.45540831]
[17.03100031],[-1.2634338e-13],1301,-25,[14.45540831]
[17.03100031],[-1.2634338e-13],1301,-25,[14.45540831]
[17.03100031],[-1.2634338e-13],1301,-25,[14.45540831]
[17.03100031],[-1.2634338e-13],1301,-25,[14.45540831]
[17.03100031],[-1.2634338e-13],1301,-25,[14.45540831]
[17.03100031],[-1.2634338e-13],1301,-25,[14.45540831]
[17.03100031],[-1.2634338e-13],1301,-25,[14.45540831]
[17.03100031],[-1.2634338e-13],1301,-25,[14.45540831]
[17.03100031],[-1.2634338e-13],1301,-25,[14.45540831]
[17.03100031],[-1.2634338e-13],1301,-25,[14.45540831]
[17.03100031],[-1.2634338e-13],1301,-25,[14.45540831]
[17.03100031],[-1.2634338e-13],1301,-25,[14.45540831]
[17.03100031],[-1.2634338e-13],1301,-25,[14.45540831]
[17.03100031],[-1.2634338e-13],1301,-25,[14.45540831]
[17.03100031],[-1.2634338e-13],1301,-25,[14.45540831]
[17.03100031],[-1.2634338e-13],1301,-25,[14.45540831]
[17.03100031],[-1.2634338e-13],1301,-25,[14.45540831]
[17.03100031],[-1.2634338e-13],1301,-25,[14.45540831]
[17.03100031],[-1.2634338e-13],1301,-25,[14.45540831]
[17.03100031],[-1.2634338e-13],1301,-25,[14.45540831]
[17.03100031],[-1.2634338e-13],1301,-25,[14.45540831]
[17.03100031],[-1.2634338e-13],1301,-25,[14.45540831]
[17.03100031],[-1.2634338e-13],1301,-25,[14.45540831]
[17.03100031],[-1.2634338e-13],1301,-25,[14.45540831]
[17.03100031],[-1.2634338e-13],1301,-25,[14.45540831]
[17.03100031],[-1.2634338e-13],1301,-25,[14.45540831]
[17.03100031],[-1.2634338e-13],1301,-25,[14.45540831]
[17.03100031],[-1.2634338e-13],1301,-25,[14.45540831]
[17.03100031],[-1.2634338e-13],1301,-25,[14.45540831]
[17.03100031],[-1.2634338e-13],1301,-25,[14.45540831]
[17.03100031],[-1.2634338e-13],1301,-25,[14.45540831]
[17.03100031],[-1.2634338e-13],1301,-25,[14.45540831]
[17.03100031],[-1.2634338e-13],1301,-25,[14.45540831]
[17.03100031],[-1.2634338e-13],1301,-25,[14.45540831]
[17.03100031],[-1.2634338e-13],1301,-25,[14.45540831]
[17.03100031],[-1.2634338e-13],1301,-25,[14.45540831]
[17.03100031],[-1.2634338e-13],1301,-25,[14.45540831]
[17.03100031],[-1.2634338e-13],1301,-25,[14.45540831]
[17.03100031],[-1.2634338e-13],1301,-25,[14.45540831]
[17.03100031],[-1.2634338e-13],1301,-25,[14.45540831]
[17.03100031],[-1.2634338e-13],1301,-25,[14.45540831]
[17.03100031],[-1.2634338e-13],1301,-25,[14.45540831]
[17.03100031],[-1.2634338e-13],1301,-25,[14.45540831]
[17.03100031],[-1.2634338e-13],1301,-25,[14.45540831]
[17.03100031],[-1.2634338e-13],1301,-25,[14.45540831]
[17.03100031],[-1.2634338e-13],1301,-25,[14.45540831]
[17.03100031],[-1.2634338e-13],1301,-25,[14.45540831]
[17.03100031],[-1.2634338e-13],1301,-25,[14.45540831]
[17.03100031],[-1.2634338e-13],1301,-25,[14.45540831]
[17.03100031],[-1.2634338e-13],1301,-25,[14.45540831]
[17.03100031],[-1.2634338e-13],1301,-25,[14.45540831]
[17.03100031],[-1.2634338e-13],1301,-25,[14.45540831]
[17.03100031],[-1.2634338e-13],1301,-25,[14.45540831]
[17.03100031],[-1.2634338e-13],1301,-25,[14.45540831]
[17.03100031],[-1.2634338e-13],1301,-25,[14.45540831]
[17.03100031],[-1.2634338e-13],1301,-25,[14.45540831]
[17.03100031],[-1.2634338e-13],1301,-25,[14.45540831]
[17.03100031],[-1.2634338e-13],1301,-25,[14.45540831]
[17.03100031],[-1.2634338e-13],1301,-25,[14.45540831]
[17.03100031],[-1.2634338e-13],1301,-25,[14.45540831]
[17.03100031],[-1.2634338e-13],1301,-25,[14.45540831]
[17.03100031],[-1.2634338e-13],1301,-25,[14.45540831]
[17.03100031],[-1.2634338e-13],1301,-25,[14.45540831]
[17.03100031],[-1.2634338e-13],1301,-25,[14.45540831]
[17.03100031],[-1.2634338e-13],1301,-25,[14.45540831]
[17.03100031],[-1.2634338e-13],1301,-25,[14.45540831]
[17.03100031],[-1.2634338e-13],1301,-25,[14.45540831]
[17.03100031],[-1.2634338e-13],1301,-25,[14.45540831]
[17.03100031],[-1.2634338e-13],1301,-25,[14.45540831]
[17.03100031],[-1.2634338e-13],1301,-25,[14.45540831]
[17.03100031],[-1.2634338e-13],1301,-25,[14.45540831]
[17.03100031],[-1.2634338e-13],1301,-25,[14.45540831]
[17.03100031],[-1.2634338e-13],1301,-25,[14.45540831]
[17.03100031],[-1.2634338e-13],1301,-25,[14.45540831]
[17.03100031],[-1.2634338e-13],1301,-25,[14.45540831]
[17.03100031],[-1.2634338e-13],1301,-25,[14.45540831]
[17.03100031],[-1.2634338e-13],1301,-25,[14.45540831]
[17.03100031],[-1.2634338e-13],1301,-25,[14.45540831]
[17.03100031],[-1.2634338e-13],1301,-25,[14.45540831]
[17.03100031],[-1.2634338e-13],1301,-25,[14.45540831]
[17.03100031],[-1.2634338e-13],1301,-25,[14.45540831]
[17.03100031],[-1.2634338e-13],1301,-25,[14.45540831]
[17.03100031],[-1.2634338e-13],1301,-25,[14.45540831]
[17.03100031],[-1.2634338e-13],1301,-25,[14.45540831]
[17.03100031],[-1.2634338e-13],1301,-25,[14.45540831]
[17.03100031],[-1.2634338e-13],1301,-25,[14.45540831]
[17.03100031],[-1.2634338e-13],1301,-25,[14.45540831]
[17.03100031],[-1.2634338e-13],1301,-25,[14.45540831]
[17.03100031],[-1.2634338e-13],1301,-25,[14.45540831]
[17.03100031],[-1.2634338e-13],1301,-25,[14.45540831]
[17.03100031],[-1.2634338e-13],1301,-25,[14.45540831]
[17.03100031],[-1.2634338e-13],1301,-25,[14.45540831]
[17.03100031],[-1.2634338e-13],1301,-25,[14.45540831]
[17.03100031],[-1.2634338e-13],1301,-25,[14.45540831]
[17.03100031],[-1.2634338e-13],1301,-25,[14.45540831]
[17.03100031],[-1.2634338e-13],1301,-25,[14.45540831]
[17.03100031],[-1.2634338e-13],1301,-25,[14.45540831]
[17.03100031],[-1.2634338e-13],1301,-25,[14.45540831]
[17.03100031],[-1.2634338e-13],1301,-25,[14.45540831]
[17.03100031],[-1.2634338e-13],1301,-25,[14.45540831]
[17.03100031],[-1.2634338e-13],1301,-25,[14.45540831]
[17.03100031],[-1.2634338e-13],1301,-25,[14.45540831]
[17.03100031],[-1.2634338e-13],1301,-25,[14.45540831]
[17.03100031],[-1.2634338e-13],1301,-25,[14.45540831]
[17.03100031],[-1.2634338e-13],1301,-25,[14.45540831]
[17.03100031],[-1.2634338e-13],1301,-25,[14.45540831]
[17.03100031],[-1.2634338e-13],1301,-25,[14.45540831]
[17.03100031],[-1.2634338e-13],1301,-25,[14.45540831]
[17.03100031],[-1.2634338e-13],1301,-25,[14.45540831]
[17.03100031],[-1.2634338e-13],1301,-25,[14.45540831]
[17.03100031],[-1.2634338e-13],1301,-25,[14.45540831]
[17.03100031],[-1.2634338e-13],1301,-25,[14.45540831]
[17.03100031],[-1.2634338e-13],1301,-25,[14.45540831]
[17.03100031],[-1.2634338e-13],1301,-25,[14.45540831]
[17.03100031],[-1.2634338e-13],1301,-25,[14.45540831]
[17.03100031],[-1.2634338e-13],1301,-25,[14.45540831]
[17.03100031],[-1.2634338e-13],1301,-25,[14.45540831]
[17.03100031],[-1.2634338e-13],1301,-25,[14.45540831]
[17.03100031],[-1.2634338e-13],1301,-25,[14.45540831]
[17.03100031],[-1.2634338e-13],1301,-25,[14.45540831]
[17.03100031],[-1.2634338e-13],1301,-25,[14.45540831]
[17.03100031],[-1.2634338e-13],1301,-25,[14.45540831]
[17.03100031],[-1.2634338e-13],1301,-25,[14.45540831]
[17.03100031],[-1.2634338e-13],1301,-25,[14.45540831]
[17.03100031],[-1.2634338e-13],1301,-25,[14.45540831]
[17.03100031],[-1.2634338e-13],1301,-25,[14.45540831]
[17.03100031],[-1.2634338e-13],1301,-25,[14.45540831]
[17.03100031],[-1.2634338e-13],1301,-25,[14.45540831]
[17.03100031],[-1.2634338e-13],1301,-25,[14.45540831]
[17.03100031],[-1.2634338e-13],1301,-25,[14.45540831]
[17.03100031],[-1.2634338e-13],1301,-25,[14.45540831]
[17.03100031],[-1.2634338e-13],1301,-25,[14.45540831]
[17.03100031],[-1.2634338e-13],1301,-25,[14.45540831]
[17.03100031],[-1.2634338e-13],1301,-25,[14.45540831]
[17.03100031],[-1.2634338e-13],1301,-25,[14.45540831]
[17.03100031],[-1.2634338e-13],1301,-25,[14.45540831]
[17.03100031],[-1.2634338e-13],1301,-25,[14.45540831]
[17.03100031],[-1.2634338e-13],1301,-25,[14.45540831]
[17.03100031],[-1.2634338e-13],1301,-25,[14.45540831]
[17.03100031],[-1.2634338e-13],1301,-25,[14.45540831]
[17.03100031],[-1.2634338e-13],1301,-25,[14.45540831]
[17.03100031],[-1.2634338e-13],1301,-25,[14.45540831]
[17.03100031],[-1.2634338e-13],1301,-25,[14.45540831]
[17.03100031],[-1.2634338e-13],1301,-25,[14.45540831]
[17.03100031],[-1.2634338e-13],1301,-25,[14.45540831]
[17.03100031],[-1.2634338e-13],1301,-25,[14.45540831]
[17.03100031],[-1.2634338e-13],1301,-25,[14.45540831]
[17.03100031],[-1.2634338e-13],1301,-25,[14.45540831]
[17.03100031],[-1.2634338e-13],1301,-25,[14.45540831]
[17.03100031],[-1.2634338e-13],1301,-25,[14.45540831]
[17.03100031],[-1.2634338e-13],1301,-25,[14.45540831]
[17.03100031],[-1.2634338e-13],1301,-25,[14.45540831]
[17.03100031],[-1.2634338e-13],1301,-25,[14.45540831]
[17.03100031],[-1.2634338e-13],1301,-25,[14.45540831]
[17.03100031],[-1.2634338e-13],1301,-25,[14.45540831]
[17.03100031],[-1.2634338e-13],1301,-25,[14.45540831]
[17.03100031],[-1.2634338e-13],1301,-25,[14.45540831]
[17.03100031],[-1.2634338e-13],1301,-25,[14.45540831]
[17.03100031],[-1.2634338e-13],1301,-25,[14.45540831]
[17.03100031],[-1.2634338e-13],1301,-25,[14.45540831]
[17.03100031],[-1.2634338e-13],1301,-25,[14.45540831]
[17.03100031],[-1.2634338e-13],1301,-25,[14.45540831]
[17.03100031],[-1.2634338e-13],1301,-25,[14.45540831]
[17.03100031],[-1.2634338e-13],1301,-25,[14.45540831]
[17.03100031],[-1.2634338e-13],1301,-25,[14.45540831]
[17.03100031],[-1.2634338e-13],1301,-25,[14.45540831]
[17.03100031],[-1.2634338e-13],1301,-25,[14.45540831]
[17.03100031],[-1.2634338e-13],1301,-25,[14.45540831]
[17.03100031],[-1.2634338e-13],1301,-25,[14.45540831]
[17.03100031],[-1.2634338e-13],1301,-25,[14.45540831]
[17.03100031],[-1.2634338e-13],1301,-25,[14.45540831]
[17.03100031],[-1.2634338e-13],1301,-25,[14.45540831]
[17.03100031],[-1.2634338e-13],1301,-25,[14.45540831]
[17.03100031],[-1.2634338e-13],1301,-25,[14.45540831]
[17.03100031],[-1.2634338e-13],1301,-25,[14.45540831]
[17.03100031],[-1.2634338e-13],1301,-25,[14.45540831]
[17.03100031],[-1.2634338e-13],1301,-25,[14.45540831]
[17.03100031],[-1.2634338e-13],1301,-25,[14.45540831]
[17.03100031],[-1.2634338e-13],1301,-25,[14.45540831]
[17.03100031],[-1.2634338e-13],1301,-25,[14.45540831]
[17.03100031],[-1.2634338e-13],1301,-25,[14.45540831]
[17.03100031],[-1.2634338e-13],1301,-25,[14.45540831]
[17.03100031],[-1.2634338e-13],1301,-25,[14.45540831]
[17.03100031],[-1.2634338e-13],1301,-25,[14.45540831]
[17.03100031],[-1.2634338e-13],1301,-25,[14.45540831]
[17.03100031],[-1.2634338e-13],1301,-25,[14.45540831]
[17.03100031],[-1.2634338e-13],1301,-25,[14.45540831]
[17.03100031],[-1.2634338e-13],1301,-25,[14.45540831]
[17.03100031],[-1.2634338e-13],1301,-25,[14.45540831]
[17.03100031],[-1.2634338e-13],1301,-25,[14.45540831]
[17.03100031],[-1.2634338e-13],1301,-25,[14.45540831]
[17.03100031],[-1.2634338e-13],1301,-25,[14.45540831]
[17.03100031],[-1.2634338e-13],1301,-25,[14.45540831]
[17.03100031],[-1.2634338e-13],1301,-25,[14.45540831]
[17.03100031],[-1.2634338e-13],1301,-25,[14.45540831]
[17.03100031],[-1.2634338e-13],1301,-25,[14.45540831]
[17.03100031],[-1.2634338e-13],1301,-25,[14.45540831]
[17.03100031],[-1.2634338e-13],1301,-25,[14.45540831]
[17.03100031],[-1.2634338e-13],1301,-25,[14.45540831]
[17.03100031],[-1.2634338e-13],1301,-25,[14.45540831]
[17.03100031],[-1.2634338e-13],1301,-25,[14.45540831]
[17.03100031],[-1.2634338e-13],1301,-25,[14.45540831]
[17.03100031],[-1.2634338e-13],1301,-25,[14.45540831]
[17.03100031],[-1.2634338e-13],1301,-25,[14.45540831]
[17.03100031],[-1.2634338e-13],1301,-25,[14.45540831]
[17.03100031],[-1.2634338e-13],1301,-25,[14.45540831]
[17.03100031],[-1.2634338e-13],1301,-25,[14.45540831]
[17.03100031],[-1.2634338e-13],1301,-25,[14.45540831]
[17.03100031],[-1.2634338e-13],1301,-25,[14.45540831]
[17.03100031],[-1.2634338e-13],1301,-25,[14.45540831]
[17.03100031],[-1.2634338e-13],1301,-25,[14.45540831]
[17.03100031],[-1.2634338e-13],1301,-25,[14.45540831]
[17.03100031],[-1.2634338e-13],1301,-25,[14.45540831]
[17.03100031],[-1.2634338e-13],1301,-25,[14.45540831]
[17.03100031],[-1.2634338e-13],1301,-25,[14.45540831]
[17.03100031],[-1.2634338e-13],1301,-25,[14.45540831]
[17.03100031],[-1.2634338e-13],1301,-25,[14.45540831]
[17.03100031],[-1.2634338e-13],1301,-25,[14.45540831]
[17.03100031],[-1.2634338e-13],1301,-25,[14.45540831]
[17.03100031],[-1.2634338e-13],1301,-25,[14.45540831]
[17.03100031],[-1.2634338e-13],1301,-25,[14.45540831]
[17.03100031],[-1.2634338e-13],1301,-25,[14.45540831]
[17.03100031],[-1.2634338e-13],1301,-25,[14.45540831]
[17.03100031],[-1.2634338e-13],1301,-25,[14.45540831]
[17.03100031],[-1.2634338e-13],1301,-25,[14.45540831]
[17.03100031],[-1.2634338e-13],1301,-25,[14.45540831]
[17.03100031],[-1.2634338e-13],1301,-25,[14.45540831]
[17.03100031],[-1.2634338e-13],1301,-25,[14.45540831]
[17.03100031],[-1.2634338e-13],1301,-25,[14.45540831]
[17.03100031],[-1.2634338e-13],1301,-25,[14.45540831]
[17.03100031],[-1.2634338e-13],1301,-25,[14.45540831]
[17.03100031],[-1.2634338e-13],1301,-25,[14.45540831]
[17.03100031],[-1.2634338e-13],1301,-25,[14.45540831]
[17.03100031],[-1.2634338e-13],1301,-25,[14.45540831]
[17.03100031],[-1.2634338e-13],1301,-25,[14.45540831]
[17.03100031],[-1.2634338e-13],1301,-25,[14.45540831]
[17.03100031],[-1.2634338e-13],1301,-25,[14.45540831]
[17.03100031],[-1.2634338e-13],1301,-25,[14.45540831]
[17.03100031],[-1.2634338e-13],1301,-25,[14.45540831]
[17.03100031],[-1.2634338e-13],1301,-25,[14.45540831]
[17.03100031],[-1.2634338e-13],1301,-25,[14.45540831]
[17.03100031],[-1.2634338e-13],1301,-25,[14.45540831]
[17.03100031],[-1.2634338e-13],1301,-25,[14.45540831]
[17.03100031],[-1.2634338e-13],1301,-25,[14.45540831]
[17.03100031],[-1.2634338e-13],1301,-25,[14.45540831]
[17.03100031],[-1.2634338e-13],1301,-25,[14.45540831]
[17.03100031],[-1.2634338e-13],1301,-25,[14.45540831]
[17.03100031],[-1.2634338e-13],1301,-25,[14.45540831]
[17.03100031],[-1.2634338e-13],1301,-25,[14.45540831]
[17.03100031],[-1.2634338e-13],1301,-25,[14.45540831]
[17.03100031],[-1.2634338e-13],1301,-25,[14.45540831]
[17.03100031],[-1.2634338e-13],1301,-25,[14.45540831]
[17.03100031],[-1.2634338e-13],1301,-25,[14.45540831]
[17.03100031],[-1.2634338e-13],1301,-25,[14.45540831]
[17.03100031],[-1.2634338e-13],1301,-25,[14.45540831]
[17.03100031],[-1.2634338e-13],1301,-25,[14.45540831]
[17.03100031],[-1.2634338e-13],1301,-25,[14.45540831]
[17.03100031],[-1.2634338e-13],1301,-25,[14.45540831]
[17.03100031],[-1.2634338e-13],1301,-25,[14.45540831]
[17.03100031],[-1.2634338e-13],1301,-25,[14.45540831]
[17.03100031],[-1.2634338e-13],1301,-25,[14.45540831]
[17.03100031],[-1.2634338e-13],1301,-25,[14.45540831]
[17.03100031],[-1.2634338e-13],1301,-25,[14.45540831]
[17.03100031],[-1.2634338e-13],1301,-25,[14.45540831]
[17.03100031],[-1.2634338e-13],1301,-25,[14.45540831]
[17.03100031],[-1.2634338e-13],1301,-25,[14.45540831]
[17.03100031],[-1.2634338e-13],1301,-25,[14.45540831]
[17.03100031],[-1.2634338e-13],1301,-25,[14.45540831]
[17.03100031],[-1.2634338e-13],1301,-25,[14.45540831]
[17.03100031],[-1.2634338e-13],1301,-25,[14.45540831]
[17.03100031],[-1.2634338e-13],1301,-25,[14.45540831]
[17.03100031],[-1.2634338e-13],1301,-25,[14.45540831]
[17.03100031],[-1.2634338e-13],1301,-25,[14.45540831]
[17.03100031],[-1.2634338e-13],1301,-25,[14.45540831]
[17.03100031],[-1.2634338e-13],1301,-25,[14.45540831]
[17.03100031],[-1.2634338e-13],1301,-25,[14.45540831]
[17.03100031],[-1.2634338e-13],1301,-25,[14.45540831]
[17.03100031],[-1.2634338e-13],1301,-25,[14.45540831]
[17.03100031],[-1.2634338e-13],1301,-25,[14.45540831]
[17.03100031],[-1.2634338e-13],1301,-25,[14.45540831]
[17.03100031],[-1.2634338e-13],1301,-25,[14.45540831]
[17.03100031],[-1.2634338e-13],1301,-25,[14.45540831]
[17.03100031],[-1.2634338e-13],1301,-25,[14.45540831]
[17.03100031],[-1.2634338e-13],1301,-25,[14.45540831]
[17.03100031],[-1.2634338e-13],1301,-25,[14.45540831]
[17.03100031],[-1.2634338e-13],1301,-25,[14.45540831]
[17.03100031],[-1.2634338e-13],1301,-25,[14.45540831]
[17.03100031],[-1.2634338e-13],1301,-25,[14.45540831]
[17.03100031],[-1.2634338e-13],1301,-25,[14.45540831]
[17.03100031],[-1.2634338e-13],1301,-25,[14.45540831]
[17.03100031],[-1.2634338e-13],1301,-25,[14.45540831]
[17.03100031],[-1.2634338e-13],1301,-25,[14.45540831]
[17.03100031],[-1.2634338e-13],1301,-25,[14.45540831]
[17.03100031],[-1.2634338e-13],1301,-25,[14.45540831]
[17.03100031],[-1.2634338e-13],1301,-25,[14.45540831]
[17.03100031],[-1.2634338e-13],1301,-25,[14.45540831]
[17.03100031],[-1.2634338e-13],1301,-25,[14.45540831]
[17.03100031],[-1.2634338e-13],1301,-25,[14.45540831]
[17.03100031],[-1.2634338e-13],1301,-25,[14.45540831]
[17.03100031],[-1.2634338e-13],1301,-25,[14.45540831]
[17.03100031],[-1.2634338e-13],1301,-25,[14.45540831]
[17.03100031],[-1.2634338e-13],1301,-25,[14.45540831]
[17.03100031],[-1.2634338e-13],1301,-25,[14.45540831]
[17.03100031],[-1.2634338e-13],1301,-25,[14.45540831]
[17.03100031],[-1.2634338e-13],1301,-25,[14.45540831]
[17.03100031],[-1.2634338e-13],1301,-25,[14.45540831]
[17.03100031],[-1.2634338e-13],1301,-25,[14.45540831]
[17.03100031],[-1.2634338e-13],1301,-25,[14.45540831]
[17.03100031],[-1.2634338e-13],1301,-25,[14.45540831]
[17.03100031],[-1.2634338e-13],1301,-25,[14.45540831]
[17.03100031],[-1.2634338e-13],1301,-25,[14.45540831]
[17.03100031],[-1.2634338e-13],1301,-25,[14.45540831]
[17.03100031],[-1.2634338e-13],1301,-25,[14.45540831]
[17.03100031],[-1.2634338e-13],1301,-25,[14.45540831]
[17.03100031],[-1.2634338e-13],1301,-25,[14.45540831]
[17.03100031],[-1.2634338e-13],1301,-25,[14.45540831]
[17.03100031],[-1.2634338e-13],1301,-25,[14.45540831]
[17.03100031],[-1.2634338e-13],1301,-25,[14.45540831]
[17.03100031],[-1.2634338e-13],1301,-25,[14.45540831]
[17.03100031],[-1.2634338e-13],1301,-25,[14.45540831]
[17.03100031],[-1.2634338e-13],1301,-25,[14.45540831]
[17.03100031],[-1.2634338e-13],1301,-25,[14.45540831]
[17.03100031],[-1.2634338e-13],1301,-25,[14.45540831]
[17.03100031],[-1.2634338e-13],1301,-25,[14.45540831]
[17.03100031],[-1.2634338e-13],1301,-25,[14.45540831]
[17.03100031],[-1.2634338e-13],1301,-25,[14.45540831]
[17.03100031],[-1.2634338e-13],1301,-25,[14.45540831]
[17.03100031],[-1.2634338e-13],1301,-25,[14.45540831]
[17.03100031],[-1.2634338e-13],1301,-25,[14.45540831]
[17.03100031],[-1.2634338e-13],1301,-25,[14.45540831]
[17.03100031],[-1.2634338e-13],1301,-25,[14.45540831]
[17.03100031],[-1.2634338e-13],1301,-25,[14.45540831]
[17.03100031],[-1.2634338e-13],1301,-25,[14.45540831]
[17.03100031],[-1.2634338e-13],1301,-25,[14.45540831]
[17.03100031],[-1.2634338e-13],1301,-25,[14.45540831]
[17.03100031],[-1.2634338e-13],1301,-25,[14.45540831]
[17.03100031],[-1.2634338e-13],1301,-25,[14.45540831]
[17.03100031],[-1.2634338e-13],1301,-25,[14.45540831]
[17.03100031],[-1.2634338e-13],1301,-25,[14.45540831]
[17.03100031],[-1.2634338e-13],1301,-25,[14.45540831]
[17.03100031],[-1.2634338e-13],1301,-25,[14.45540831]
[17.03100031],[-1.2634338e-13],1301,-25,[14.45540831]
[17.03100031],[-1.2634338e-13],1301,-25,[14.45540831]
[17.03100031],[-1.2634338e-13],1301,-25,[14.45540831]
[17.03100031],[-1.2634338e-13],1301,-25,[14.45540831]
[17.03100031],[-1.2634338e-13],1301,-25,[14.45540831]
[17.03100031],[-1.2634338e-13],1301,-25,[14.45540831]
[17.03100031],[-1.2634338e-13],1301,-25,[14.45540831]
[17.03100031],[-1.2634338e-13],1301,-25,[14.45540831]
[17.03100031],[-1.2634338e-13],1301,-25,[14.45540831]
[17.03100031],[-1.2634338e-13],1301,-25,[14.45540831]
[17.03100031],[-1.2634338e-13],1301,-25,[14.45540831]
[17.03100031],[-1.2634338e-13],1301,-25,[14.45540831]
[17.03100031],[-1.2634338e-13],1301,-25,[14.45540831]
[17.03100031],[-1.2634338e-13],1301,-25,[14.45540831]
[17.03100031],[-1.2634338e-13],1301,-25,[14.45540831]
[17.03100031],[-1.2634338e-13],1301,-25,[14.45540831]
[17.03100031],[-1.2634338e-13],1301,-25,[14.45540831]
[17.03100031],[-1.2634338e-13],1301,-25,[14.45540831]
[17.03100031],[-1.2634338e-13],1301,-25,[14.45540831]
[17.03100031],[-1.2634338e-13],1301,-25,[14.45540831]
[17.03100031],[-1.2634338e-13],1301,-25,[14.45540831]
[17.03100031],[-1.2634338e-13],1301,-25,[14.45540831]
[17.03100031],[-1.2634338e-13],1301,-25,[14.45540831]
[17.03100031],[-1.2634338e-13],1301,-25,[14.45540831]
[17.03100031],[-1.2634338e-13],1301,-25,[14.45540831]
[17.03100031],[-1.2634338e-13],1301,-25,[14.45540831]
[17.03100031],[-1.2634338e-13],1301,-25,[14.45540831]
[17.03100031],[-1.2634338e-13],1301,-25,[14.45540831]
[17.03100031],[-1.2634338e-13],1301,-25,[14.45540831]
[17.03100031],[-1.2634338e-13],1301,-25,[14.45540831]
[17.03100031],[-1.2634338e-13],1301,-25,[14.45540831]
[17.03100031],[-1.2634338e-13],1301,-25,[14.45540831]
[17.03100031],[-1.2634338e-13],1301,-25,[14.45540831]
[17.03100031],[-1.2634338e-13],1301,-25,[14.45540831]
[17.03100031],[-1.2634338e-13],1301,-25,[14.45540831]
[17.03100031],[-1.2634338e-13],1301,-25,[14.45540831]
[17.03100031],[-1.2634338e-13],1301,-25,[14.45540831]
[17.03100031],[-1.2634338e-13],1301,-25,[14.45540831]
[17.03100031],[-1.2634338e-13],1301,-25,[14.45540831]
[17.03100031],[-1.2634338e-13],1301,-25,[14.45540831]
[17.03100031],[-1.2634338e-13],1301,-25,[14.45540831]
[17.03100031],[-1.2634338e-13],1301,-25,[14.45540831]
[17.03100031],[-1.2634338e-13],1301,-25,[14.45540831]
[17.03100031],[-1.2634338e-13],1301,-25,[14.45540831]
[17.03100031],[-1.2634338e-13],1301,-25,[14.45540831]
[17.03100031],[-1.2634338e-13],1301,-25,[14.45540831]
[17.03100031],[-1.2634338e-13],1301,-25,[14.45540831]
[17.03100031],[-1.2634338e-13],1301,-25,[14.45540831]
[17.03100031],[-1.2634338e-13],1301,-25,[14.45540831]
[17.03100031],[-1.2634338e-13],1301,-25,[14.45540831]
[17.03100031],[-1.2634338e-13],1301,-25,[14.45540831]
[17.03100031],[-1.2634338e-13],1301,-25,[14.45540831]
[17.03100031],[-1.2634338e-13],1301,-25,[14.45540831]
[17.03100031],[-1.2634338e-13],1301,-25,[14.45540831]
[17.03100031],[-1.2634338e-13],1301,-25,[14.45540831]
[17.03100031],[-1.2634338e-13],1301,-25,[14.45540831]
[17.03100031],[-1.2634338e-13],1301,-25,[14.45540831]
[17.03100031],[-1.2634338e-13],1301,-25,[14.45540831]
[17.03100031],[-1.2634338e-13],1301,-25,[14.45540831]
[17.03100031],[-1.2634338e-13],1301,-25,[14.45540831]
[17.03100031],[-1.2634338e-13],1301,-25,[14.45540831]
[17.03100031],[-1.2634338e-13],1301,-25,[14.45540831]
[17.03100031],[-1.2634338e-13],1301,-25,[14.45540831]
[17.03100031],[-1.2634338e-13],1301,-25,[14.45540831]
[17.03100031],[-1.2634338e-13],1301,-25,[14.45540831]
[17.03100031],[-1.2634338e-13],1301,-25,[14.45540831]
[17.03100031],[-1.2634338e-13],1301,-25,[14.45540831]
[17.03100031],[-1.2634338e-13],1301,-25,[14.45540831]
[17.03100031],[-1.2634338e-13],1301,-25,[14.45540831]
[17.03100031],[-1.2634338e-13],1301,-25,[14.45540831]
[17.03100031],[-1.2634338e-13],1301,-25,[14.45540831]
[17.03100031],[-1.2634338e-13],1301,-25,[14.45540831]
[17.03100031],[-1.2634338e-13],1301,-25,[14.45540831]
[17.03100031],[-1.2634338e-13],1301,-25,[14.45540831]
[17.03100031],[-1.2634338e-13],1301,-25,[14.45540831]
[17.03100031],[-1.2634338e-13],1301,-25,[14.45540831]
[17.03100031],[-1.2634338e-13],1301,-25,[14.45540831]
[17.03100031],[-1.2634338e-13],1301,-25,[14.45540831]
[17.03100031],[-1.2634338e-13],1301,-25,[14.45540831]
[17.03100031],[-1.2634338e-13],1301,-25,[14.45540831]
[17.03100031],[-1.2634338e-13],1301,-25,[14.45540831]
[17.03100031],[-1.2634338e-13],1301,-25,[14.45540831]
[17.03100031],[-1.2634338e-13],1301,-25,[14.45540831]
[17.03100031],[-1.2634338e-13],1301,-25,[14.45540831]
[17.03100031],[-1.2634338e-13],1301,-25,[14.45540831]
[17.03100031],[-1.2634338e-13],1301,-25,[14.45540831]
[17.03100031],[-1.2634338e-13],1301,-25,[14.45540831]
[17.03100031],[-1.2634338e-13],1301,-25,[14.45540831]
[17.03100031],[-1.2634338e-13],1301,-25,[14.45540831]
[17.03100031],[-1.2634338e-13],1301,-25,[14.45540831]
[17.03100031],[-1.2634338e-13],1301,-25,[14.45540831]
[17.03100031],[-1.2634338e-13],1301,-25,[14.45540831]
[17.03100031],[-1.2634338e-13],1301,-25,[14.45540831]
[17.03100031],[-1.2634338e-13],1301,-25,[14.45540831]
[17.03100031],[-1.2634338e-13],1301,-25,[14.45540831]
[17.03100031],[-1.2634338e-13],1301,-25,[14.45540831]
[17.03100031],[-1.2634338e-13],1301,-25,[14.45540831]
[17.03100031],[-1.2634338e-13],1301,-25,[14.45540831]
[17.03100031],[-1.2634338e-13],1301,-25,[14.45540831]
[17.03100031],[-1.2634338e-13],1301,-25,[14.45540831]
[17.03100031],[-1.2634338e-13],1301,-25,[14.45540831]
[17.03100031],[-1.2634338e-13],1301,-25,[14.45540831]
[17.03100031],[-1.2634338e-13],1301,-25,[14.45540831]
[17.03100031],[-1.2634338e-13],1301,-25,[14.45540831]
[17.03100031],[-1.2634338e-13],1301,-25,[14.45540831]
[17.03100031],[-1.2634338e-13],1301,-25,[14.45540831]
[17.03100031],[-1.2634338e-13],1301,-25,[14.45540831]
[17.03100031],[-1.2634338e-13],1301,-25,[14.45540831]
[17.03100031],[-1.2634338e-13],1301,-25,[14.45540831]
[17.03100031],[-1.2634338e-13],1301,-25,[14.45540831]
[17.03100031],[-1.2634338e-13],1301,-25,[14.45540831]
[17.03100031],[-1.2634338e-13],1301,-25,[14.45540831]
[17.03100031],[-1.2634338e-13],1301,-25,[14.45540831]
[17.03100031],[-1.2634338e-13],1301,-25,[14.45540831]
[17.03100031],[-1.2634338e-13],1301,-25,[14.45540831]
[17.03100031],[-1.2634338e-13],1301,-25,[14.45540831]
[17.03100031],[-1.2634338e-13],1301,-25,[14.45540831]
[17.03100031],[-1.2634338e-13],1301,-25,[14.45540831]
[17.03100031],[-1.2634338e-13],1301,-25,[14.45540831]
[17.03100031],[-1.2634338e-13],1301,-25,[14.45540831]
[17.03100031],[-1.2634338e-13],1301,-25,[14.45540831]
[17.03100031],[-1.2634338e-13],1301,-25,[14.45540831]
[17.03100031],[-1.2634338e-13],1301,-25,[14.45540831]
[17.03100031],[-1.2634338e-13],1301,-25,[14.45540831]
[17.03100031],[-1.2634338e-13],1301,-25,[14.45540831]
[17.03100031],[-1.2634338e-13],1301,-25,[14.45540831]
[17.03100031],[-1.2634338e-13],1301,-25,[14.45540831]
[17.03100031],[-1.2634338e-13],1301,-25,[14.45540831]
[17.03100031],[-1.2634338e-13],1301,-25,[14.45540831]
[17.03100031],[-1.2634338e-13],1301,-25,[14.45540831]
[17.03100031],[-1.2634338e-13],1301,-25,[14.45540831]
[17.03100031],[-1.2634338e-13],1301,-25,[14.45540831]
[17.03100031],[-1.2634338e-13],1301,-25,[14.45540831]
[17.03100031],[-1.2634338e-13],1301,-25,[14.45540831]
[17.03100031],[-1.2634338e-13],1301,-25,[14.45540831]
[17.03100031],[-1.2634338e-13],1301,-25,[14.45540831]
[17.03100031],[-1.2634338e-13],1301,-25,[14.45540831]
[17.03100031],[-1.2634338e-13],1301,-25,[14.45540831]
[17.03100031],[-1.2634338e-13],1301,-25,[14.45540831]
[17.03100031],[-1.2634338e-13],1301,-25,[14.45540831]
[17.03100031],[-1.2634338e-13],1301,-25,[14.45540831]
[17.03100031],[-1.2634338e-13],1301,-25,[14.45540831]
[17.03100031],[-1.2634338e-13],1301,-25,[14.45540831]
[17.03100031],[-1.2634338e-13],1301,-25,[14.45540831]
[17.03100031],[-1.2634338e-13],1301,-25,[14.45540831]
[17.03100031],[-1.2634338e-13],1301,-25,[14.45540831]
[17.03100031],[-1.2634338e-13],1301,-25,[14.45540831]
[17.03100031],[-1.2634338e-13],1301,-25,[14.45540831]
[17.03100031],[-1.2634338e-13],1301,-25,[14.45540831]
[17.03100031],[-1.2634338e-13],1301,-25,[14.45540831]
[17.03100031],[-1.2634338e-13],1301,-25,[14.45540831]
[17.03100031],[-1.2634338e-13],1301,-25,[14.45540831]
[17.03100031],[-1.2634338e-13],1301,-25,[14.45540831]
[17.03100031],[-1.2634338e-13],1301,-25,[14.45540831]
[17.03100031],[-1.2634338e-13],1301,-25,[14.45540831]
[17.03100031],[-1.2634338e-13],1301,-25,[14.45540831]
[17.03100031],[-1.2634338e-13],1301,-25,[14.45540831]
[17.03100031],[-1.2634338e-13],1301,-25,[14.45540831]
[17.03100031],[-1.2634338e-13],1301,-25,[14.45540831]
[17.03100031],[-1.2634338e-13],1301,-25,[14.45540831]
[17.03100031],[-1.2634338e-13],1301,-25,[14.45540831]
[17.03100031],[-1.2634338e-13],1301,-25,[14.45540831]
[17.03100031],[-1.2634338e-13],1301,-25,[14.45540831]
[17.03100031],[-1.2634338e-13],1301,-25,[14.45540831]
[17.03100031],[-1.2634338e-13],1301,-25,[14.45540831]
[17.03100031],[-1.2634338e-13],1301,-25,[14.45540831]
[17.03100031],[-1.2634338e-13],1301,-25,[14.45540831]
[17.03100031],[-1.2634338e-13],1301,-25,[14.45540831]
[17.03100031],[-1.2634338e-13],1301,-25,[14.45540831]
[17.03100031],[-1.2634338e-13],1301,-25,[14.45540831]
[17.03100031],[-1.2634338e-13],1301,-25,[14.45540831]
[17.03100031],[-1.2634338e-13],1301,-25,[14.45540831]
[17.03100031],[-1.2634338e-13],1301,-25,[14.45540831]
[17.03100031],[-1.2634338e-13],1301,-25,[14.45540831]
[17.03100031],[-1.2634338e-13],1301,-25,[14.45540831]
[17.03100031],[-1.2634338e-13],1301,-25,[14.45540831]
[17.03100031],[-1.2634338e-13],1301,-25,[14.45540831]
[17.03100031],[-1.2634338e-13],1301,-25,[14.45540831]
[17.03100031],[-1.2634338e-13],1301,-25,[14.45540831]
[17.03100031],[-1.2634338e-13],1301,-25,[14.45540831]
[17.03100031],[-1.2634338e-13],1301,-25,[14.45540831]
[17.03100031],[-1.2634338e-13],1301,-25,[14.45540831]
[17.03100031],[-1.2634338e-13],1301,-25,[14.45540831]
[17.03100031],[-1.2634338e-13],1301,-25,[14.45540831]
[17.03100031],[-1.2634338e-13],1301,-25,[14.45540831]
[17.03100031],[-1.2634338e-13],1301,-25,[14.45540831]
[17.03100031],[-1.2634338e-13],1301,-25,[14.45540831]
[17.03100031],[-1.2634338e-13],1301,-25,[14.45540831]
[17.03100031],[-1.2634338e-13],1301,-25,[14.45540831]
[17.03100031],[-1.2634338e-13],1301,-25,[14.45540831]
[17.03100031],[-1.2634338e-13],1301,-25,[14.45540831]
[17.03100031],[-1.2634338e-13],1301,-25,[14.45540831]
[17.03100031],[-1.2634338e-13],1301,-25,[14.45540831]
[17.03100031],[-1.2634338e-13],1301,-25,[14.45540831]
[17.03100031],[-1.2634338e-13],1301,-25,[14.45540831]
[17.03100031],[-1.2634338e-13],1301,-25,[14.45540831]
[17.03100031],[-1.2634338e-13],1301,-25,[14.45540831]
[17.03100031],[-1.2634338e-13],1301,-25,[14.45540831]
[17.03100031],[-1.2634338e-13],1301,-25,[14.45540831]
[17.03100031],[-1.2634338e-13],1301,-25,[14.45540831]
[17.03100031],[-1.2634338e-13],1301,-25,[14.45540831]
[17.03100031],[-1.2634338e-13],1301,-25,[14.45540831]
[17.03100031],[-1.2634338e-13],1301,-25,[14.45540831]
[17.03100031],[-1.2634338e-13],1301,-25,[14.45540831]
[17.03100031],[-1.2634338e-13],1301,-25,[14.45540831]
[17.03100031],[-1.2634338e-13],1301,-25,[14.45540831]
[17.03100031],[-1.2634338e-13],1301,-25,[14.45540831]
[17.03100031],[-1.2634338e-13],1301,-25,[14.45540831]
[17.03100031],[-1.2634338e-13],1301,-25,[14.45540831]
[17.03100031],[-1.2634338e-13],1301,-25,[14.45540831]
[17.03100031],[-1.2634338e-13],1301,-25,[14.45540831]
[17.03100031],[-1.2634338e-13],1301,-25,[14.45540831]
[17.03100031],[-1.2634338e-13],1301,-25,[14.45540831]
[17.03100031],[-1.2634338e-13],1301,-25,[14.45540831]
[17.03100031],[-1.2634338e-13],1301,-25,[14.45540831]
[17.03100031],[-1.2634338e-13],1301,-25,[14.45540831]
[17.03100031],[-1.2634338e-13],1301,-25,[14.45540831]
[17.03100031],[-1.2634338e-13],1301,-25,[14.45540831]
[17.03100031],[-1.2634338e-13],1301,-25,[14.45540831]
[17.03100031],[-1.2634338e-13],1301,-25,[14.45540831]
[17.03100031],[-1.2634338e-13],1301,-25,[14.45540831]
[17.03100031],[-1.2634338e-13],1301,-25,[14.45540831]
[17.03100031],[-1.2634338e-13],1301,-25,[14.45540831]
[17.03100031],[-1.2634338e-13],1301,-25,[14.45540831]
[17.03100031],[-1.2634338e-13],1301,-25,[14.45540831]
[17.03100031],[-1.2634338e-13],1301,-25,[14.45540831]
[17.03100031],[-1.2634338e-13],1301,-25,[14.45540831]
[17.03100031],[-1.2634338e-13],1301,-25,[14.45540831]
[17.03100031],[-1.2634338e-13],1301,-25,[14.45540831]
[17.03100031],[-1.2634338e-13],1301,-25,[14.45540831]
[17.03100031],[-1.2634338e-13],1301,-25,[14.45540831]
[17.03100031],[-1.2634338e-13],1301,-25,[14.45540831]
[17.03100031],[-1.2634338e-13],1301,-25,[14.45540831]
[17.03100031],[-1.2634338e-13],1301,-25,[14.45540831]
[17.03100031],[-1.2634338e-13],1301,-25,[14.45540831]
[17.03100031],[-1.2634338e-13],1301,-25,[14.45540831]
[17.03100031],[-1.2634338e-13],1301,-25,[14.45540831]
[17.03100031],[-1.2634338e-13],1301,-25,[14.45540831]
[17.03100031],[-1.2634338e-13],1301,-25,[14.45540831]
[17.03100031],[-1.2634338e-13],1301,-25,[14.45540831]
[17.03100031],[-1.2634338e-13],1301,-25,[14.45540831]
[17.03100031],[-1.2634338e-13],1301,-25,[14.45540831]
[17.03100031],[-1.2634338e-13],1301,-25,[14.45540831]
[17.03100031],[-1.2634338e-13],1301,-25,[14.45540831]
[17.03100031],[-1.2634338e-13],1301,-25,[14.45540831]
[17.03100031],[-1.2634338e-13],1301,-25,[14.45540831]
[17.03100031],[-1.2634338e-13],1301,-25,[14.45540831]
[17.03100031],[-1.2634338e-13],1301,-25,[14.45540831]
[17.03100031],[-1.2634338e-13],1301,-25,[14.45540831]
[17.03100031],[-1.2634338e-13],1301,-25,[14.45540831]
[17.03100031],[-1.2634338e-13],1301,-25,[14.45540831]
[17.03100031],[-1.2634338e-13],1301,-25,[14.45540831]
[17.03100031],[-1.2634338e-13],1301,-25,[14.45540831]
[17.03100031],[-1.2634338e-13],1301,-25,[14.45540831]
[17.03100031],[-1.2634338e-13],1301,-25,[14.45540831]
[17.03100031],[-1.2634338e-13],1301,-25,[14.45540831]
[17.03100031],[-1.2634338e-13],1301,-25,[14.45540831]
[17.03100031],[-1.2634338e-13],1301,-25,[14.45540831]
[17.03100031],[-1.2634338e-13],1301,-25,[14.45540831]
[17.03100031],[-1.2634338e-13],1301,-25,[14.45540831]
[17.03100031],[-1.2634338e-13],1301,-25,[14.45540831]
[17.03100031],[-1.2634338e-13],1301,-25,[14.45540831]
[17.03100031],[-1.2634338e-13],1301,-25,[14.45540831]
[17.03100031],[-1.2634338e-13],1301,-25,[14.45540831]
[17.03100031],[-1.2634338e-13],1301,-25,[14.45540831]
[17.03100031],[-1.2634338e-13],1301,-25,[14.45540831]
[17.03100031],[-1.2634338e-13],1301,-25,[14.45540831]
[17.03100031],[-1.2634338e-13],1301,-25,[14.45540831]
[17.03100031],[-1.2634338e-13],1301,-25,[14.45540831]
[17.03100031],[-1.2634338e-13],1301,-25,[14.45540831]
[17.03100031],[-1.2634338e-13],1301,-25,[14.45540831]
[17.03100031],[-1.2634338e-13],1301,-25,[14.45540831]
[17.03100031],[-1.2634338e-13],1301,-25,[14.45540831]
[17.03100031],[-1.2634338e-13],1301,-25,[14.45540831]
[17.03100031],[-1.2634338e-13],1301,-25,[14.45540831]
[17.03100031],[-1.2634338e-13],1301,-25,[14.45540831]
[17.03100031],[-1.2634338e-13],1301,-25,[14.45540831]
[17.03100031],[-1.2634338e-13],1301,-25,[14.45540831]
[17.03100031],[-1.2634338e-13],1301,-25,[14.45540831]
[17.03100031],[-1.2634338e-13],1301,-25,[14.45540831]
[17.03100031],[-1.2634338e-13],1301,-25,[14.45540831]
[17.03100031],[-1.2634338e-13],1301,-25,[14.45540831]
[17.03100031],[-1.2634338e-13],1301,-25,[14.45540831]
[17.03100031],[-1.2634338e-13],1301,-25,[14.45540831]
[17.03100031],[-1.2634338e-13],1301,-25,[14.45540831]
[17.03100031],[-1.2634338e-13],1301,-25,[14.45540831]
[17.03100031],[-1.2634338e-13],1301,-25,[14.45540831]
[17.03100031],[-1.2634338e-13],1301,-25,[14.45540831]
[17.03100031],[-1.2634338e-13],1301,-25,[14.45540831]
[17.03100031],[-1.2634338e-13],1301,-25,[14.45540831]
[17.03100031],[-1.2634338e-13],1301,-25,[14.45540831]
[17.03100031],[-1.2634338e-13],1301,-25,[14.45540831]
[17.03100031],[-1.2634338e-13],1301,-25,[14.45540831]
[17.03100031],[-1.2634338e-13],1301,-25,[14.45540831]
[17.03100031],[-1.2634338e-13],1301,-25,[14.45540831]
[17.03100031],[-1.2634338e-13],1301,-25,[14.45540831]
[17.03100031],[-1.2634338e-13],1301,-25,[14.45540831]
[17.03100031],[-1.2634338e-13],1301,-25,[14.45540831]
[17.03100031],[-1.2634338e-13],1301,-25,[14.45540831]
[17.03100031],[-1.2634338e-13],1301,-25,[14.45540831]
[17.03100031],[-1.2634338e-13],1301,-25,[14.45540831]
[17.03100031],[-1.2634338e-13],1301,-25,[14.45540831]
[17.03100031],[-1.2634338e-13],1301,-25,[14.45540831]
[17.03100031],[-1.2634338e-13],1301,-25,[14.45540831]
[17.03100031],[-1.2634338e-13],1301,-25,[14.45540831]
[17.03100031],[-1.2634338e-13],1301,-25,[14.45540831]
[17.03100031],[-1.2634338e-13],1301,-25,[14.45540831]
[17.03100031],[-1.2634338e-13],1301,-25,[14.45540831]
[17.03100031],[-1.2634338e-13],1301,-25,[14.45540831]
[17.03100031],[-1.2634338e-13],1301,-25,[14.45540831]
[17.03100031],[-1.2634338e-13],1301,-25,[14.45540831]
[17.03100031],[-1.2634338e-13],1301,-25,[14.45540831]
[17.03100031],[-1.2634338e-13],1301,-25,[14.45540831]
[17.03100031],[-1.2634338e-13],1301,-25,[14.45540831]
[17.03100031],[-1.2634338e-13],1301,-25,[14.45540831]
[17.03100031],[-1.2634338e-13],1301,-25,[14.45540831]
[17.03100031],[-1.2634338e-13],1301,-25,[14.45540831]
[17.03100031],[-1.2634338e-13],1301,-25,[14.45540831]
[17.03100031],[-1.2634338e-13],1301,-25,[14.45540831]
[17.03100031],[-1.2634338e-13],1301,-25,[14.45540831]
[17.03100031],[-1.2634338e-13],1301,-25,[14.45540831]
[17.03100031],[-1.2634338e-13],1301,-25,[14.45540831]
[17.03100031],[-1.2634338e-13],1301,-25,[14.45540831]
[17.03100031],[-1.2634338e-13],1301,-25,[14.45540831]
[17.03100031],[-1.2634338e-13],1301,-25,[14.45540831]
[17.03100031],[-1.2634338e-13],1301,-25,[14.45540831]
[17.03100031],[-1.2634338e-13],1301,-25,[14.45540831]
[17.03100031],[-1.2634338e-13],1301,-25,[14.45540831]
[17.03100031],[-1.2634338e-13],1301,-25,[14.45540831]
[17.03100031],[-1.2634338e-13],1301,-25,[14.45540831]
[17.03100031],[-1.2634338e-13],1301,-25,[14.45540831]
[17.03100031],[-1.2634338e-13],1301,-25,[14.45540831]
[17.03100031],[-1.2634338e-13],1301,-25,[14.45540831]
[17.03100031],[-1.2634338e-13],1301,-25,[14.45540831]
[17.03100031],[-1.2634338e-13],1301,-25,[14.45540831]
[17.03100031],[-1.2634338e-13],1301,-25,[14.45540831]
[17.03100031],[-1.2634338e-13],1301,-25,[14.45540831]
[17.03100031],[-1.2634338e-13],1301,-25,[14.45540831]
[17.03100031],[-1.2634338e-13],1301,-25,[14.45540831]
[17.03100031],[-1.2634338e-13],1301,-25,[14.45540831]
[17.03100031],[-1.2634338e-13],1301,-25,[14.45540831]
[17.03100031],[-1.2634338e-13],1301,-25,[14.45540831]
[17.03100031],[-1.2634338e-13],1301,-25,[14.45540831]
[17.03100031],[-1.2634338e-13],1301,-25,[14.45540831]
[17.03100031],[-1.2634338e-13],1301,-25,[14.45540831]
[17.03100031],[-1.2634338e-13],1301,-25,[14.45540831]
[17.03100031],[-1.2634338e-13],1301,-25,[14.45540831]
[17.03100031],[-1.2634338e-13],1301,-25,[14.45540831]
[17.03100031],[-1.2634338e-13],1301,-25,[14.45540831]
[17.03100031],[-1.2634338e-13],1301,-25,[14.45540831]
[17.03100031],[-1.2634338e-13],1301,-25,[14.45540831]
[17.03100031],[-1.2634338e-13],1301,-25,[14.45540831]
[17.03100031],[-1.2634338e-13],1301,-25,[14.45540831]
[17.03100031],[-1.2634338e-13],1301,-25,[14.45540831]
[17.03100031],[-1.2634338e-13],1301,-25,[14.45540831]
[17.03100031],[-1.2634338e-13],1301,-25,[14.45540831]
[17.03100031],[-1.2634338e-13],1301,-25,[14.45540831]
[17.03100031],[-1.2634338e-13],1301,-25,[14.45540831]
[17.03100031],[-1.2634338e-13],1301,-25,[14.45540831]
[17.03100031],[-1.2634338e-13],1301,-25,[14.45540831]
[17.03100031],[-1.2634338e-13],1301,-25,[14.45540831]
[17.03100031],[-1.2634338e-13],1301,-25,[14.45540831]
[17.03100031],[-1.2634338e-13],1301,-25,[14.45540831]
[17.03100031],[-1.2634338e-13],1301,-25,[14.45540831]
[17.03100031],[-1.2634338e-13],1301,-25,[14.45540831]
[17.03100031],[-1.2634338e-13],1301,-25,[14.45540831]
[17.03100031],[-1.2634338e-13],1301,-25,[14.45540831]
[17.03100031],[-1.2634338e-13],1301,-25,[14.45540831]
[17.03100031],[-1.2634338e-13],1301,-25,[14.45540831]
[17.03100031],[-1.2634338e-13],1301,-25,[14.45540831]
[17.03100031],[-1.2634338e-13],1301,-25,[14.45540831]
[17.03100031],[-1.2634338e-13],1301,-25,[14.45540831]
[17.03100031],[-1.2634338e-13],1301,-25,[14.45540831]
[17.03100031],[-1.2634338e-13],1301,-25,[14.45540831]
[17.03100031],[-1.2634338e-13],1301,-25,[14.45540831]
[17.03100031],[-1.2634338e-13],1301,-25,[14.45540831]
[17.03100031],[-1.2634338e-13],1301,-25,[14.45540831]
[17.03100031],[-1.2634338e-13],1301,-25,[14.45540831]
[17.03100031],[-1.2634338e-13],1301,-25,[14.45540831]
[17.03100031],[-1.2634338e-13],1301,-25,[14.45540831]
[17.03100031],[-1.2634338e-13],1301,-25,[14.45540831]
[17.03100031],[-1.2634338e-13],1301,-25,[14.45540831]
[17.03100031],[-1.2634338e-13],1301,-25,[14.45540831]
[17.03100031],[-1.2634338e-13],1301,-25,[14.45540831]
[17.03100031],[-1.2634338e-13],1301,-25,[14.45540831]
[17.03100031],[-1.2634338e-13],1301,-25,[14.45540831]
[17.03100031],[-1.2634338e-13],1301,-25,[14.45540831]
[17.03100031],[-1.2634338e-13],1301,-25,[14.45540831]
[17.03100031],[-1.2634338e-13],1301,-25,[14.45540831]
[17.03100031],[-1.2634338e-13],1301,-25,[14.45540831]
[17.03100031],[-1.2634338e-13],1301,-25,[14.45540831]
[17.03100031],[-1.2634338e-13],1301,-25,[14.45540831]
[17.03100031],[-1.2634338e-13],1301,-25,[14.45540831]
[17.03100031],[-1.2634338e-13],1301,-25,[14.45540831]
[17.03100031],[-1.2634338e-13],1301,-25,[14.45540831]
[17.03100031],[-1.2634338e-13],1301,-25,[14.45540831]
[17.03100031],[-1.2634338e-13],1301,-25,[14.45540831]
[17.03100031],[-1.2634338e-13],1301,-25,[14.45540831]
[17.03100031],[-1.2634338e-13],1301,-25,[14.45540831]
[17.03100031],[-1.2634338e-13],1301,-25,[14.45540831]
[17.03100031],[-1.2634338e-13],1301,-25,[14.45540831]
[17.03100031],[-1.2634338e-13],1301,-25,[14.45540831]
[17.03100031],[-1.2634338e-13],1301,-25,[14.45540831]
[17.03100031],[-1.2634338e-13],1301,-25,[14.45540831]
[17.03100031],[-1.2634338e-13],1301,-25,[14.45540831]
[17.03100031],[-1.2634338e-13],1301,-25,[14.45540831]
[17.03100031],[-1.2634338e-13],1301,-25,[14.45540831]
[17.03100031],[-1.2634338e-13],1301,-25,[14.45540831]
[17.03100031],[-1.2634338e-13],1301,-25,[14.45540831]
[17.03100031],[-1.2634338e-13],1301,-25,[14.45540831]
[17.03100031],[-1.2634338e-13],1301,-25,[14.45540831]
[17.03100031],[-1.2634338e-13],1301,-25,[14.45540831]
[17.03100031],[-1.2634338e-13],1301,-25,[14.45540831]
[17.03100031],[-1.2634338e-13],1301,-25,[14.45540831]
[17.03100031],[-1.2634338e-13],1301,-25,[14.45540831]
[17.03100031],[-1.2634338e-13],1301,-25,[14.45540831]
[17.03100031],[-1.2634338e-13],1301,-25,[14.45540831]
[17.03100031],[-1.2634338e-13],1301,-25,[14.45540831]
[17.03100031],[-1.2634338e-13],1301,-25,[14.45540831]
[17.03100031],[-1.2634338e-13],1301,-25,[14.45540831]
[17.03100031],[-1.2634338e-13],1301,-25,[14.45540831]
[17.03100031],[-1.2634338e-13],1301,-25,[14.45540831]
[17.03100031],[-1.2634338e-13],1301,-25,[14.45540831]
[17.03100031],[-1.2634338e-13],1301,-25,[14.45540831]
[17.03100031],[-1.2634338e-13],1301,-25,[14.45540831]
[17.03100031],[-1.2634338e-13],1301,-25,[14.45540831]
[17.03100031],[-1.2634338e-13],1301,-25,[14.45540831]
[17.03100031],[-1.2634338e-13],1301,-25,[14.45540831]
[17.03100031],[-1.2634338e-13],1301,-25,[14.45540831]
[17.03100031],[-1.2634338e-13],1301,-25,[14.45540831]
[17.03100031],[-1.2634338e-13],1301,-25,[14.45540831]
[17.03100031],[-1.2634338e-13],1301,-25,[14.45540831]
[17.03100031],[-1.2634338e-13],1301,-25,[14.45540831]
[17.03100031],[-1.2634338e-13],1301,-25,[14.45540831]
[17.03100031],[-1.2634338e-13],1301,-25,[14.45540831]
[17.03100031],[-1.2634338e-13],1301,-25,[14.45540831]
[17.03100031],[-1.2634338e-13],1301,-25,[14.45540831]
[17.03100031],[-1.2634338e-13],1301,-25,[14.45540831]
[17.03100031],[-1.2634338e-13],1301,-25,[14.45540831]
[17.03100031],[-1.2634338e-13],1301,-25,[14.45540831]
[17.03100031],[-1.2634338e-13],1301,-25,[14.45540831]
[17.03100031],[-1.2634338e-13],1301,-25,[14.45540831]
[17.03100031],[-1.2634338e-13],1301,-25,[14.45540831]
[17.03100031],[-1.2634338e-13],1301,-25,[14.45540831]
[17.03100031],[-1.2634338e-13],1301,-25,[14.45540831]
[17.03100031],[-1.2634338e-13],1301,-25,[14.45540831]
[17.03100031],[-1.2634338e-13],1301,-25,[14.45540831]
[17.03100031],[-1.2634338e-13],1301,-25,[14.45540831]
[17.03100031],[-1.2634338e-13],1301,-25,[14.45540831]
[17.03100031],[-1.2634338e-13],1301,-25,[14.45540831]
[17.03100031],[-1.2634338e-13],1301,-25,[14.45540831]
[17.03100031],[-1.2634338e-13],1301,-25,[14.45540831]
[17.03100031],[-1.2634338e-13],1301,-25,[14.45540831]
[17.03100031],[-1.2634338e-13],1301,-25,[14.45540831]
[17.03100031],[-1.2634338e-13],1301,-25,[14.45540831]
[17.03100031],[-1.2634338e-13],1301,-25,[14.45540831]
[17.03100031],[-1.2634338e-13],1301,-25,[14.45540831]
[17.03100031],[-1.2634338e-13],1301,-25,[14.45540831]
[17.03100031],[-1.2634338e-13],1301,-25,[14.45540831]
[17.03100031],[-1.2634338e-13],1301,-25,[14.45540831]
[17.03100031],[-1.2634338e-13],1301,-25,[14.45540831]
[17.03100031],[-1.2634338e-13],1301,-25,[14.45540831]
[17.03100031],[-1.2634338e-13],1301,-25,[14.45540831]
[17.03100031],[-1.2634338e-13],1301,-25,[14.45540831]
[17.03100031],[-1.2634338e-13],1301,-25,[14.45540831]
[17.03100031],[-1.2634338e-13],1301,-25,[14.45540831]
[17.03100031],[-1.2634338e-13],1301,-25,[14.45540831]
[17.03100031],[-1.2634338e-13],1301,-25,[14.45540831]
[17.03100031],[-1.2634338e-13],1301,-25,[14.45540831]
[17.03100031],[-1.2634338e-13],1301,-25,[14.45540831]
[17.03100031],[-1.2634338e-13],1301,-25,[14.45540831]
[17.03100031],[-1.2634338e-13],1301,-25,[14.45540831]
[17.03100031],[-1.2634338e-13],1301,-25,[14.45540831]
[17.03100031],[-1.2634338e-13],1301,-25,[14.45540831]
[17.03100031],[-1.2634338e-13],1301,-25,[14.45540831]
[17.03100031],[-1.2634338e-13],1301,-25,[14.45540831]
[17.03100031],[-1.2634338e-13],1301,-25,[14.45540831]
[17.03100031],[-1.2634338e-13],1301,-25,[14.45540831]
[17.03100031],[-1.2634338e-13],1301,-25,[14.45540831]
[17.03100031],[-1.2634338e-13],1301,-25,[14.45540831]
[17.03100031],[-1.2634338e-13],1301,-25,[14.45540831]
[17.03100031],[-1.2634338e-13],1301,-25,[14.45540831]
[17.03100031],[-1.2634338e-13],1301,-25,[14.45540831]
[17.03100031],[-1.2634338e-13],1301,-25,[14.45540831]
[17.03100031],[-1.2634338e-13],1301,-25,[14.45540831]
[17.03100031],[-1.2634338e-13],1301,-25,[14.45540831]
[17.03100031],[-1.2634338e-13],1301,-25,[14.45540831]
[17.03100031],[-1.2634338e-13],1301,-25,[14.45540831]
[17.03100031],[-1.2634338e-13],1301,-25,[14.45540831]
[17.03100031],[-1.2634338e-13],1301,-25,[14.45540831]
[17.03100031],[-1.2634338e-13],1301,-25,[14.45540831]
[17.03100031],[-1.2634338e-13],1301,-25,[14.45540831]
[17.03100031],[-1.2634338e-13],1301,-25,[14.45540831]
[17.03100031],[-1.2634338e-13],1301,-25,[14.45540831]
[17.03100031],[-1.2634338e-13],1301,-25,[14.45540831]
[17.03100031],[-1.2634338e-13],1301,-25,[14.45540831]
[17.03100031],[-1.2634338e-13],1301,-25,[14.45540831]
[17.03100031],[-1.2634338e-13],1301,-25,[14.45540831]
[17.03100031],[-1.2634338e-13],1301,-25,[14.45540831]
[17.03100031],[-1.2634338e-13],1301,-25,[14.45540831]
[17.03100031],[-1.2634338e-13],1301,-25,[14.45540831]
[17.03100031],[-1.2634338e-13],1301,-25,[14.45540831]
[17.03100031],[-1.2634338e-13],1301,-25,[14.45540831]
[17.03100031],[-1.2634338e-13],1301,-25,[14.45540831]
[17.03100031],[-1.2634338e-13],1301,-25,[14.45540831]
[17.03100031],[-1.2634338e-13],1301,-25,[14.45540831]
[17.03100031],[-1.2634338e-13],1301,-25,[14.45540831]
[17.03100031],[-1.2634338e-13],1301,-25,[14.45540831]
[17.03100031],[-1.2634338e-13],1301,-25,[14.45540831]
[17.03100031],[-1.2634338e-13],1301,-25,[14.45540831]
[17.03100031],[-1.2634338e-13],1301,-25,[14.45540831]
[17.03100031],[-1.2634338e-13],1301,-25,[14.45540831]
[17.03100031],[-1.2634338e-13],1301,-25,[14.45540831]
[17.03100031],[-1.2634338e-13],1301,-25,[14.45540831]
[17.03100031],[-1.2634338e-13],1301,-25,[14.45540831]
[17.03100031],[-1.2634338e-13],1301,-25,[14.45540831]
[17.03100031],[-1.2634338e-13],1301,-25,[14.45540831]
[17.03100031],[-1.2634338e-13],1301,-25,[14.45540831]
[17.03100031],[-1.2634338e-13],1301,-25,[14.45540831]
[17.03100031],[-1.2634338e-13],1301,-25,[14.45540831]
[17.03100031],[-1.2634338e-13],1301,-25,[14.45540831]
[17.03100031],[-1.2634338e-13],1301,-25,[14.45540831]
[17.03100031],[-1.2634338e-13],1301,-25,[14.45540831]
[17.03100031],[-1.2634338e-13],1301,-25,[14.45540831]
[17.03100031],[-1.2634338e-13],1301,-25,[14.45540831]
[17.03100031],[-1.2634338e-13],1301,-25,[14.45540831]
[17.03100031],[-1.2634338e-13],1301,-25,[14.45540831]
[17.03100031],[-1.2634338e-13],1301,-25,[14.45540831]
[17.03100031],[-1.2634338e-13],1301,-25,[14.45540831]
[17.03100031],[-1.2634338e-13],1301,-25,[14.45540831]
[17.03100031],[-1.2634338e-13],1301,-25,[14.45540831]
[17.03100031],[-1.2634338e-13],1301,-25,[14.45540831]
[17.03100031],[-1.2634338e-13],1301,-25,[14.45540831]
[17.03100031],[-1.2634338e-13],1301,-25,[14.45540831]
[17.03100031],[-1.2634338e-13],1301,-25,[14.45540831]
[17.03100031],[-1.2634338e-13],1301,-25,[14.45540831]
[17.03100031],[-1.2634338e-13],1301,-25,[14.45540831]
[17.03100031],[-1.2634338e-13],1301,-25,[14.45540831]
[17.03100031],[-1.2634338e-13],1301,-25,[14.45540831]
[17.03100031],[-1.2634338e-13],1301,-25,[14.45540831]
[17.03100031],[-1.2634338e-13],1301,-25,[14.45540831]
[17.03100031],[-1.2634338e-13],1301,-25,[14.45540831]
[17.03100031],[-1.2634338e-13],1301,-25,[14.45540831]
[17.03100031],[-1.2634338e-13],1301,-25,[14.45540831]
[17.03100031],[-1.2634338e-13],1301,-25,[14.45540831]
[17.03100031],[-1.2634338e-13],1301,-25,[14.45540831]
[17.03100031],[-1.2634338e-13],1301,-25,[14.45540831]
[17.03100031],[-1.2634338e-13],1301,-25,[14.45540831]
[17.03100031],[-1.2634338e-13],1301,-25,[14.45540831]
[17.03100031],[-1.2634338e-13],1301,-25,[14.45540831]
[17.03100031],[-1.2634338e-13],1301,-25,[14.45540831]
[17.03100031],[-1.2634338e-13],1301,-25,[14.45540831]
[17.03100031],[-1.2634338e-13],1301,-25,[14.45540831]
[17.03100031],[-1.2634338e-13],1301,-25,[14.45540831]
[17.03100031],[-1.2634338e-13],1301,-25,[14.45540831]
[17.03100031],[-1.2634338e-13],1301,-25,[14.45540831]
[17.03100031],[-1.2634338e-13],1301,-25,[14.45540831]
[17.03100031],[-1.2634338e-13],1301,-25,[14.45540831]
[17.03100031],[-1.2634338e-13],1301,-25,[14.45540831]
[17.03100031],[-1.2634338e-13],1301,-25,[14.45540831]
[17.03100031],[-1.2634338e-13],1301,-25,[14.45540831]
[17.03100031],[-1.2634338e-13],1301,-25,[14.45540831]
[17.03100031],[-1.2634338e-13],1301,-25,[14.45540831]
[17.03100031],[-1.2634338e-13],1301,-25,[14.45540831]
[17.03100031],[-1.2634338e-13],1301,-25,[14.45540831]
[17.03100031],[-1.2634338e-13],1301,-25,[14.45540831]
[17.03100031],[-1.2634338e-13],1301,-25,[14.45540831]
[17.03100031],[-1.2634338e-13],1301,-25,[14.45540831]
[17.03100031],[-1.2634338e-13],1301,-25,[14.45540831]
[17.03100031],[-1.2634338e-13],1301,-25,[14.45540831]
[17.03100031],[-1.2634338e-13],1301,-25,[14.45540831]
[17.03100031],[-1.2634338e-13],1301,-25,[14.45540831]
[17.03100031],[-1.2634338e-13],1301,-25,[14.45540831]
[17.03100031],[-1.2634338e-13],1301,-25,[14.45540831]
[17.03100031],[-1.2634338e-13],1301,-25,[14.45540831]
[17.03100031],[-1.2634338e-13],1301,-25,[14.45540831]
[17.03100031],[-1.2634338e-13],1301,-25,[14.45540831]
[17.03100031],[-1.2634338e-13],1301,-25,[14.45540831]
[17.03100031],[-1.2634338e-13],1301,-25,[14.45540831]
[17.03100031],[-1.2634338e-13],1301,-25,[14.45540831]
[17.03100031],[-1.2634338e-13],1301,-25,[14.45540831]
[17.03100031],[-1.2634338e-13],1301,-25,[14.45540831]
[17.03100031],[-1.2634338e-13],1301,-25,[14.45540831]
[17.03100031],[-1.2634338e-13],1301,-25,[14.45540831]
[17.03100031],[-1.2634338e-13],1301,-25,[14.45540831]
[17.03100031],[-1.2634338e-13],1301,-25,[14.45540831]
[17.03100031],[-1.2634338e-13],1301,-25,[14.45540831]
[17.03100031],[-1.2634338e-13],1301,-25,[14.45540831]
[17.03100031],[-1.2634338e-13],1301,-25,[14.45540831]
[17.03100031],[-1.2634338e-13],1301,-25,[14.45540831]
[17.03100031],[-1.2634338e-13],1301,-25,[14.45540831]
[17.03100031],[-1.2634338e-13],1301,-25,[14.45540831]
[17.03100031],[-1.2634338e-13],1301,-25,[14.45540831]
[17.03100031],[-1.2634338e-13],1301,-25,[14.45540831]
[17.03100031],[-1.2634338e-13],1301,-25,[14.45540831]
[17.03100031],[-1.2634338e-13],1301,-25,[14.45540831]
[17.03100031],[-1.2634338e-13],1301,-25,[14.45540831]
[17.03100031],[-1.2634338e-13],1301,-25,[14.45540831]
[17.03100031],[-1.2634338e-13],1301,-25,[14.45540831]
[17.03100031],[-1.2634338e-13],1301,-25,[14.45540831]
[17.03100031],[-1.2634338e-13],1301,-25,[14.45540831]
[17.03100031],[-1.2634338e-13],1301,-25,[14.45540831]
[17.03100031],[-1.2634338e-13],1301,-25,[14.45540831]
[17.03100031],[-1.2634338e-13],1301,-25,[14.45540831]
[17.03100031],[-1.2634338e-13],1301,-25,[14.45540831]
[17.03100031],[-1.2634338e-13],1301,-25,[14.45540831]
[17.03100031],[-1.2634338e-13],1301,-25,[14.45540831]
[17.03100031],[-1.2634338e-13],1301,-25,[14.45540831]
[17.03100031],[-1.2634338e-13],1301,-25,[14.45540831]
[17.03100031],[-1.2634338e-13],1301,-25,[14.45540831]
[17.03100031],[-1.2634338e-13],1301,-25,[14.45540831]
[17.03100031],[-1.2634338e-13],1301,-25,[14.45540831]
[17.03100031],[-1.2634338e-13],1301,-25,[14.45540831]
[17.03100031],[-1.2634338e-13],1301,-25,[14.45540831]
[17.03100031],[-1.2634338e-13],1301,-25,[14.45540831]
[17.03100031],[-1.2634338e-13],1301,-25,[14.45540831]
[17.03100031],[-1.2634338e-13],1301,-25,[14.45540831]
[17.03100031],[-1.2634338e-13],1301,-25,[14.45540831]
[17.03100031],[-1.2634338e-13],1301,-25,[14.45540831]
[17.03100031],[-1.2634338e-13],1301,-25,[14.45540831]
[17.03100031],[-1.2634338e-13],1301,-25,[14.45540831]
[17.03100031],[-1.2634338e-13],1301,-25,[14.45540831]
[17.03100031],[-1.2634338e-13],1301,-25,[14.45540831]
[17.03100031],[-1.2634338e-13],1301,-25,[14.45540831]
[17.03100031],[-1.2634338e-13],1301,-25,[14.45540831]
[17.03100031],[-1.2634338e-13],1301,-25,[14.45540831]
[17.03100031],[-1.2634338e-13],1301,-25,[14.45540831]
[17.03100031],[-1.2634338e-13],1301,-25,[14.45540831]
[17.03100031],[-1.2634338e-13],1301,-25,[14.45540831]
[17.03100031],[-1.2634338e-13],1301,-25,[14.45540831]
[17.03100031],[-1.2634338e-13],1301,-25,[14.45540831]
[17.03100031],[-1.2634338e-13],1301,-25,[14.45540831]
[17.03100031],[-1.2634338e-13],1301,-25,[14.45540831]
[17.03100031],[-1.2634338e-13],1301,-25,[14.45540831]
[17.03100031],[-1.2634338e-13],1301,-25,[14.45540831]
[17.03100031],[-1.2634338e-13],1301,-25,[14.45540831]
[17.03100031],[-1.2634338e-13],1301,-25,[14.45540831]
[17.03100031],[-1.2634338e-13],1301,-25,[14.45540831]
[17.03100031],[-1.2634338e-13],1301,-25,[14.45540831]
[17.03100031],[-1.2634338e-13],1301,-25,[14.45540831]
[17.03100031],[-1.2634338e-13],1301,-25,[14.45540831]
[17.03100031],[-1.2634338e-13],1301,-25,[14.45540831]
[17.03100031],[-1.2634338e-13],1301,-25,[14.45540831]
[17.03100031],[-1.2634338e-13],1301,-25,[14.45540831]
[17.03100031],[-1.2634338e-13],1301,-25,[14.45540831]
[17.03100031],[-1.2634338e-13],1301,-25,[14.45540831]
[17.03100031],[-1.2634338e-13],1301,-25,[14.45540831]
[17.03100031],[-1.2634338e-13],1301,-25,[14.45540831]
[17.03100031],[-1.2634338e-13],1301,-25,[14.45540831]
[17.03100031],[-1.2634338e-13],1301,-25,[14.45540831]
[17.03100031],[-1.2634338e-13],1301,-25,[14.45540831]
[17.03100031],[-1.2634338e-13],1301,-25,[14.45540831]
[17.03100031],[-1.2634338e-13],1301,-25,[14.45540831]
[17.03100031],[-1.2634338e-13],1301,-25,[14.45540831]
[17.03100031],[-1.2634338e-13],1301,-25,[14.45540831]
[17.03100031],[-1.2634338e-13],1301,-25,[14.45540831]
[17.03100031],[-1.2634338e-13],1301,-25,[14.45540831]
[17.03100031],[-1.2634338e-13],1301,-25,[14.45540831]
[17.03100031],[-1.2634338e-13],1301,-25,[14.45540831]
[17.03100031],[-1.2634338e-13],1301,-25,[14.45540831]
[17.03100031],[-1.2634338e-13],1301,-25,[14.45540831]
[17.03100031],[-1.2634338e-13],1301,-25,[14.45540831]
[17.03100031],[-1.2634338e-13],1301,-25,[14.45540831]
[17.03100031],[-1.2634338e-13],1301,-25,[14.45540831]
[17.03100031],[-1.2634338e-13],1301,-25,[14.45540831]
[17.03100031],[-1.2634338e-13],1301,-25,[14.45540831]
[17.03100031],[-1.2634338e-13],1301,-25,[14.45540831]
[17.03100031],[-1.2634338e-13],1301,-25,[14.45540831]
[17.03100031],[-1.2634338e-13],1301,-25,[14.45540831]
[17.03100031],[-1.2634338e-13],1301,-25,[14.45540831]
[17.03100031],[-1.2634338e-13],1301,-25,[14.45540831]
[17.03100031],[-1.2634338e-13],1301,-25,[14.45540831]
[17.03100031],[-1.2634338e-13],1301,-25,[14.45540831]
[17.03100031],[-1.2634338e-13],1301,-25,[14.45540831]
[17.03100031],[-1.2634338e-13],1301,-25,[14.45540831]
[17.03100031],[-1.2634338e-13],1301,-25,[14.45540831]
[17.03100031],[-1.2634338e-13],1301,-25,[14.45540831]
[17.03100031],[-1.2634338e-13],1301,-25,[14.45540831]
[17.03100031],[-1.2634338e-13],1301,-25,[14.45540831]
[17.03100031],[-1.2634338e-13],1301,-25,[14.45540831]
[17.03100031],[-1.2634338e-13],1301,-25,[14.45540831]
[17.03100031],[-1.2634338e-13],1301,-25,[14.45540831]
[17.03100031],[-1.2634338e-13],1301,-25,[14.45540831]
[17.03100031],[-1.2634338e-13],1301,-25,[14.45540831]
[17.03100031],[-1.2634338e-13],1301,-25,[14.45540831]
[17.03100031],[-1.2634338e-13],1301,-25,[14.45540831]
[17.03100031],[-1.2634338e-13],1301,-25,[14.45540831]
[17.03100031],[-1.2634338e-13],1301,-25,[14.45540831]
[17.03100031],[-1.2634338e-13],1301,-25,[14.45540831]
[17.03100031],[-1.2634338e-13],1301,-25,[14.45540831]
[17.03100031],[-1.2634338e-13],1301,-25,[14.45540831]
[17.03100031],[-1.2634338e-13],1301,-25,[14.45540831]
[17.03100031],[-1.2634338e-13],1301,-25,[14.45540831]
[17.03100031],[-1.2634338e-13],1301,-25,[14.45540831]
[17.03100031],[-1.2634338e-13],1301,-25,[14.45540831]
[17.03100031],[-1.2634338e-13],1301,-25,[14.45540831]
[17.03100031],[-1.2634338e-13],1301,-25,[14.45540831]
[17.03100031],[-1.2634338e-13],1301,-25,[14.45540831]
[17.03100031],[-1.2634338e-13],1301,-25,[14.45540831]
[17.03100031],[-1.2634338e-13],1301,-25,[14.45540831]
[17.03100031],[-1.2634338e-13],1301,-25,[14.45540831]
[17.03100031],[-1.2634338e-13],1301,-25,[14.45540831]
[17.03100031],[-1.2634338e-13],1301,-25,[14.45540831]
[17.03100031],[-1.2634338e-13],1301,-25,[14.45540831]
[17.03100031],[-1.2634338e-13],1301,-25,[14.45540831]
[17.03100031],[-1.2634338e-13],1301,-25,[14.45540831]
[17.03100031],[-1.2634338e-13],1301,-25,[14.45540831]
[17.03100031],[-1.2634338e-13],1301,-25,[14.45540831]
[17.03100031],[-1.2634338e-13],1301,-25,[14.45540831]
[17.03100031],[-1.2634338e-13],1301,-25,[14.45540831]
[17.03100031],[-1.2634338e-13],1301,-25,[14.45540831]
[17.03100031],[-1.2634338e-13],1301,-25,[14.45540831]
[17.03100031],[-1.2634338e-13],1301,-25,[14.45540831]
[17.03100031],[-1.2634338e-13],1301,-25,[14.45540831]
[17.03100031],[-1.2634338e-13],1301,-25,[14.45540831]
[17.03100031],[-1.2634338e-13],1301,-25,[14.45540831]
[17.03100031],[-1.2634338e-13],1301,-25,[14.45540831]
[17.03100031],[-1.2634338e-13],1301,-25,[14.45540831]
[17.03100031],[-1.2634338e-13],1301,-25,[14.45540831]
[17.03100031],[-1.2634338e-13],1301,-25,[14.45540831]
[17.03100031],[-1.2634338e-13],1301,-25,[14.45540831]
[17.03100031],[-1.2634338e-13],1301,-25,[14.45540831]
[17.03100031],[-1.2634338e-13],1301,-25,[14.45540831]
[17.03100031],[-1.2634338e-13],1301,-25,[14.45540831]
[17.03100031],[-1.2634338e-13],1301,-25,[14.45540831]
[17.03100031],[-1.2634338e-13],1301,-25,[14.45540831]
[17.03100031],[-1.2634338e-13],1301,-25,[14.45540831]
[17.03100031],[-1.2634338e-13],1301,-25,[14.45540831]
[17.03100031],[-1.2634338e-13],1301,-25,[14.45540831]
[17.03100031],[-1.2634338e-13],1301,-25,[14.45540831]
[17.03100031],[-1.2634338e-13],1301,-25,[14.45540831]
[17.03100031],[-1.2634338e-13],1301,-25,[14.45540831]
[17.03100031],[-1.2634338e-13],1301,-25,[14.45540831]
[17.03100031],[-1.2634338e-13],1301,-25,[14.45540831]
[17.03100031],[-1.2634338e-13],1301,-25,[14.45540831]
[17.03100031],[-1.2634338e-13],1301,-25,[14.45540831]
[17.03100031],[-1.2634338e-13],1301,-25,[14.45540831]
[17.03100031],[-1.2634338e-13],1301,-25,[14.45540831]
[17.03100031],[-1.2634338e-13],1301,-25,[14.45540831]
[17.03100031],[-1.2634338e-13],1301,-25,[14.45540831]
[17.03100031],[-1.2634338e-13],1301,-25,[14.45540831]
[17.03100031],[-1.2634338e-13],1301,-25,[14.45540831]
[17.03100031],[-1.2634338e-13],1301,-25,[14.45540831]
[17.03100031],[-1.2634338e-13],1301,-25,[14.45540831]
[17.03100031],[-1.2634338e-13],1301,-25,[14.45540831]
[17.03100031],[-1.2634338e-13],1301,-25,[14.45540831]
[17.03100031],[-1.2634338e-13],1301,-25,[14.45540831]
[17.03100031],[-1.2634338e-13],1301,-25,[14.45540831]
[17.03100031],[-1.2634338e-13],1301,-25,[14.45540831]
[17.03100031],[-1.2634338e-13],1301,-25,[14.45540831]
[17.03100031],[-1.2634338e-13],1301,-25,[14.45540831]
[17.03100031],[-1.2634338e-13],1301,-25,[14.45540831]
[17.03100031],[-1.2634338e-13],1301,-25,[14.45540831]
[17.03100031],[-1.2634338e-13],1301,-25,[14.45540831]
[17.03100031],[-1.2634338e-13],1301,-25,[14.45540831]
[17.03100031],[-1.2634338e-13],1301,-25,[14.45540831]
[17.03100031],[-1.2634338e-13],1301,-25,[14.45540831]
[17.03100031],[-1.2634338e-13],1301,-25,[14.45540831]
[17.03100031],[-1.2634338e-13],1301,-25,[14.45540831]
[17.03100031],[-1.2634338e-13],1301,-25,[14.45540831]
[17.03100031],[-1.2634338e-13],1301,-25,[14.45540831]
[17.03100031],[-1.2634338e-13],1301,-25,[14.45540831]
[17.03100031],[-1.2634338e-13],1301,-25,[14.45540831]
[17.03100031],[-1.2634338e-13],1301,-25,[14.45540831]
[17.03100031],[-1.2634338e-13],1301,-25,[14.45540831]
[17.03100031],[-1.2634338e-13],1301,-25,[14.45540831]
[17.03100031],[-1.2634338e-13],1301,-25,[14.45540831]
[17.03100031],[-1.2634338e-13],1301,-25,[14.45540831]
[17.03100031],[-1.2634338e-13],1301,-25,[14.45540831]
[17.03100031],[-1.2634338e-13],1301,-25,[14.45540831]
[17.03100031],[-1.2634338e-13],1301,-25,[14.45540831]
[17.03100031],[-1.2634338e-13],1301,-25,[14.45540831]
[17.03100031],[-1.2634338e-13],1301,-25,[14.45540831]
[17.03100031],[-1.2634338e-13],1301,-25,[14.45540831]
[17.03100031],[-1.2634338e-13],1301,-25,[14.45540831]
[17.03100031],[-1.2634338e-13],1301,-25,[14.45540831]
[17.03100031],[-1.2634338e-13],1301,-25,[14.45540831]
[17.03100031],[-1.2634338e-13],1301,-25,[14.45540831]
[17.03100031],[-1.2634338e-13],1301,-25,[14.45540831]
[17.03100031],[-1.2634338e-13],1301,-25,[14.45540831]
[17.03100031],[-1.2634338e-13],1301,-25,[14.45540831]
[17.03100031],[-1.2634338e-13],1301,-25,[14.45540831]
[17.03100031],[-1.2634338e-13],1301,-25,[14.45540831]
[17.03100031],[-1.2634338e-13],1301,-25,[14.45540831]
[17.03100031],[-1.2634338e-13],1301,-25,[14.45540831]
[17.03100031],[-1.2634338e-13],1301,-25,[14.45540831]
[17.03100031],[-1.2634338e-13],1301,-25,[14.45540831]
[17.03100031],[-1.2634338e-13],1301,-25,[14.45540831]
[17.03100031],[-1.2634338e-13],1301,-25,[14.45540831]
[17.03100031],[-1.2634338e-13],1301,-25,[14.45540831]
[17.03100031],[-1.2634338e-13],1301,-25,[14.45540831]
[17.03100031],[-1.2634338e-13],1301,-25,[14.45540831]
[17.03100031],[-1.2634338e-13],1301,-25,[14.45540831]
[17.03100031],[-1.2634338e-13],1301,-25,[14.45540831]
[17.03100031],[-1.2634338e-13],1301,-25,[14.45540831]
[17.03100031],[-1.2634338e-13],1301,-25,[14.45540831]
[17.03100031],[-1.2634338e-13],1301,-25,[14.45540831]
[17.03100031],[-1.2634338e-13],1301,-25,[14.45540831]
[17.03100031],[-1.2634338e-13],1301,-25,[14.45540831]
[17.03100031],[-1.2634338e-13],1301,-25,[14.45540831]
[17.03100031],[-1.2634338e-13],1301,-25,[14.45540831]
[17.03100031],[-1.2634338e-13],1301,-25,[14.45540831]
[17.03100031],[-1.2634338e-13],1301,-25,[14.45540831]
[17.03100031],[-1.2634338e-13],1301,-25,[14.45540831]
[17.03100031],[-1.2634338e-13],1301,-25,[14.45540831]
[17.03100031],[-1.2634338e-13],1301,-25,[14.45540831]
[17.03100031],[-1.2634338e-13],1301,-25,[14.45540831]
[17.03100031],[-1.2634338e-13],1301,-25,[14.45540831]
[17.03100031],[-1.2634338e-13],1301,-25,[14.45540831]
[17.03100031],[-1.2634338e-13],1301,-25,[14.45540831]
[17.03100031],[-1.2634338e-13],1301,-25,[14.45540831]
[17.03100031],[-1.2634338e-13],1301,-25,[14.45540831]
[17.03100031],[-1.2634338e-13],1301,-25,[14.45540831]
[17.03100031],[-1.2634338e-13],1301,-25,[14.45540831]
[17.03100031],[-1.2634338e-13],1301,-25,[14.45540831]
[17.03100031],[-1.2634338e-13],1301,-25,[14.45540831]
[17.03100031],[-1.2634338e-13],1301,-25,[14.45540831]
[17.03100031],[-1.2634338e-13],1301,-25,[14.45540831]
[17.03100031],[-1.2634338e-13],1301,-25,[14.45540831]
[17.03100031],[-1.2634338e-13],1301,-25,[14.45540831]
[17.03100031],[-1.2634338e-13],1301,-25,[14.45540831]
[17.03100031],[-1.2634338e-13],1301,-25,[14.45540831]
[17.03100031],[-1.2634338e-13],1301,-25,[14.45540831]
[17.03100031],[-1.2634338e-13],1301,-25,[14.45540831]
[17.03100031],[-1.2634338e-13],1301,-25,[14.45540831]
[17.03100031],[-1.2634338e-13],1301,-25,[14.45540831]
[17.03100031],[-1.2634338e-13],1301,-25,[14.45540831]
[17.03100031],[-1.2634338e-13],1301,-25,[14.45540831]
[17.03100031],[-1.2634338e-13],1301,-25,[14.45540831]
[17.03100031],[-1.2634338e-13],1301,-25,[14.45540831]
[17.03100031],[-1.2634338e-13],1301,-25,[14.45540831]
[17.03100031],[-1.2634338e-13],1301,-25,[14.45540831]
[17.03100031],[-1.2634338e-13],1301,-25,[14.45540831]
[17.03100031],[-1.2634338e-13],1301,-25,[14.45540831]
[17.03100031],[-1.2634338e-13],1301,-25,[14.45540831]
[17.03100031],[-1.2634338e-13],1301,-25,[14.45540831]
[17.03100031],[-1.2634338e-13],1301,-25,[14.45540831]
[17.03100031],[-1.2634338e-13],1301,-25,[14.45540831]
[17.03100031],[-1.2634338e-13],1301,-25,[14.45540831]
[17.03100031],[-1.2634338e-13],1301,-25,[14.45540831]
[17.03100031],[-1.2634338e-13],1301,-25,[14.45540831]
[17.03100031],[-1.2634338e-13],1301,-25,[14.45540831]
[17.03100031],[-1.2634338e-13],1301,-25,[14.45540831]
[17.03100031],[-1.2634338e-13],1301,-25,[14.45540831]
[17.03100031],[-1.2634338e-13],1301,-25,[14.45540831]
[17.03100031],[-1.2634338e-13],1301,-25,[14.45540831]
[17.03100031],[-1.2634338e-13],1301,-25,[14.45540831]
[17.03100031],[-1.2634338e-13],1301,-25,[14.45540831]
[17.03100031],[-1.2634338e-13],1301,-25,[14.45540831]
[17.03100031],[-1.2634338e-13],1301,-25,[14.45540831]
[17.03100031],[-1.2634338e-13],1301,-25,[14.45540831]
[17.03100031],[-1.2634338e-13],1301,-25,[14.45540831]
[17.03100031],[-1.2634338e-13],1301,-25,[14.45540831]
[17.03100031],[-1.2634338e-13],1301,-25,[14.45540831]
[17.03100031],[-1.2634338e-13],1301,-25,[14.45540831]
[17.03100031],[-1.2634338e-13],1301,-25,[14.45540831]
[17.03100031],[-1.2634338e-13],1301,-25,[14.45540831]
[17.03100031],[-1.2634338e-13],1301,-25,[14.45540831]
[17.03100031],[-1.2634338e-13],1301,-25,[14.45540831]
[17.03100031],[-1.2634338e-13],1301,-25,[14.45540831]
[17.03100031],[-1.2634338e-13],1301,-25,[14.45540831]
[17.03100031],[-1.2634338e-13],1301,-25,[14.45540831]
[17.03100031],[-1.2634338e-13],1301,-25,[14.45540831]
[17.03100031],[-1.2634338e-13],1301,-25,[14.45540831]
[17.03100031],[-1.2634338e-13],1301,-25,[14.45540831]
[17.03100031],[-1.2634338e-13],1301,-25,[14.45540831]
[17.03100031],[-1.2634338e-13],1301,-25,[14.45540831]
[17.03100031],[-1.2634338e-13],1301,-25,[14.45540831]
[17.03100031],[-1.2634338e-13],1301,-25,[14.45540831]
[17.03100031],[-1.2634338e-13],1301,-25,[14.45540831]
[17.03100031],[-1.2634338e-13],1301,-25,[14.45540831]
[17.03100031],[-1.2634338e-13],1301,-25,[14.45540831]
[17.03100031],[-1.2634338e-13],1301,-25,[14.45540831]
[17.03100031],[-1.2634338e-13],1301,-25,[14.45540831]
[17.03100031],[-1.2634338e-13],1301,-25,[14.45540831]
[17.03100031],[-1.2634338e-13],1301,-25,[14.45540831]
[17.03100031],[-1.2634338e-13],1301,-25,[14.45540831]
[17.03100031],[-1.2634338e-13],1301,-25,[14.45540831]
[17.03100031],[-1.2634338e-13],1301,-25,[14.45540831]
[17.03100031],[-1.2634338e-13],1301,-25,[14.45540831]
[17.03100031],[-1.2634338e-13],1301,-25,[14.45540831]
[17.03100031],[-1.2634338e-13],1301,-25,[14.45540831]
[17.03100031],[-1.2634338e-13],1301,-25,[14.45540831]
[17.03100031],[-1.2634338e-13],1301,-25,[14.45540831]
[17.03100031],[-1.2634338e-13],1301,-25,[14.45540831]
[17.03100031],[-1.2634338e-13],1301,-25,[14.45540831]
[17.03100031],[-1.2634338e-13],1301,-25,[14.45540831]
[17.03100031],[-1.2634338e-13],1301,-25,[14.45540831]
[17.03100031],[-1.2634338e-13],1301,-25,[14.45540831]
[17.03100031],[-1.2634338e-13],1301,-25,[14.45540831]
[17.03100031],[-1.2634338e-13],1301,-25,[14.45540831]
[17.03100031],[-1.2634338e-13],1301,-25,[14.45540831]
[17.03100031],[-1.2634338e-13],1301,-25,[14.45540831]
[17.03100031],[-1.2634338e-13],1301,-25,[14.45540831]
[17.03100031],[-1.2634338e-13],1301,-25,[14.45540831]
[17.03100031],[-1.2634338e-13],1301,-25,[14.45540831]
[17.03100031],[-1.2634338e-13],1301,-25,[14.45540831]
[17.03100031],[-1.2634338e-13],1301,-25,[14.45540831]
[17.03100031],[-1.2634338e-13],1301,-25,[14.45540831]
[17.03100031],[-1.2634338e-13],1301,-25,[14.45540831]
[17.03100031],[-1.2634338e-13],1301,-25,[14.45540831]
[17.03100031],[-1.2634338e-13],1301,-25,[14.45540831]
[17.03100031],[-1.2634338e-13],1301,-25,[14.45540831]
[17.03100031],[-1.2634338e-13],1301,-25,[14.45540831]
[17.03100031],[-1.2634338e-13],1301,-25,[14.45540831]
[17.03100031],[-1.2634338e-13],1301,-25,[14.45540831]
[17.03100031],[-1.2634338e-13],1301,-25,[14.45540831]
[17.03100031],[-1.2634338e-13],1301,-25,[14.45540831]
[17.03100031],[-1.2634338e-13],1301,-25,[14.45540831]
[17.03100031],[-1.2634338e-13],1301,-25,[14.45540831]
[17.03100031],[-1.2634338e-13],1301,-25,[14.45540831]
[17.03100031],[-1.2634338e-13],1301,-25,[14.45540831]
[17.03100031],[-1.2634338e-13],1301,-25,[14.45540831]
[17.03100031],[-1.2634338e-13],1301,-25,[14.45540831]
[17.03100031],[-1.2634338e-13],1301,-25,[14.45540831]
[17.03100031],[-1.2634338e-13],1301,-25,[14.45540831]
[17.03100031],[-1.2634338e-13],1301,-25,[14.45540831]
[17.03100031],[-1.2634338e-13],1301,-25,[14.45540831]
[17.03100031],[-1.2634338e-13],1301,-25,[14.45540831]
[17.03100031],[-1.2634338e-13],1301,-25,[14.45540831]
[17.03100031],[-1.2634338e-13],1301,-25,[14.45540831]
[17.03100031],[-1.2634338e-13],1301,-25,[14.45540831]
[17.03100031],[-1.2634338e-13],1301,-25,[14.45540831]
[17.03100031],[-1.2634338e-13],1301,-25,[14.45540831]
[17.03100031],[-1.2634338e-13],1301,-25,[14.45540831]
[17.03100031],[-1.2634338e-13],1301,-25,[14.45540831]
[17.03100031],[-1.2634338e-13],1301,-25,[14.45540831]
[17.03100031],[-1.2634338e-13],1301,-25,[14.45540831]
[17.03100031],[-1.2634338e-13],1301,-25,[14.45540831]
[17.03100031],[-1.2634338e-13],1301,-25,[14.45540831]
[17.03100031],[-1.2634338e-13],1301,-25,[14.45540831]
[17.03100031],[-1.2634338e-13],1301,-25,[14.45540831]
[17.03100031],[-1.2634338e-13],1301,-25,[14.45540831]
[17.03100031],[-1.2634338e-13],1301,-25,[14.45540831]
[17.03100031],[-1.2634338e-13],1301,-25,[14.45540831]
[17.03100031],[-1.2634338e-13],1301,-25,[14.45540831]
[17.03100031],[-1.2634338e-13],1301,-25,[14.45540831]
[17.03100031],[-1.2634338e-13],1301,-25,[14.45540831]
[17.03100031],[-1.2634338e-13],1301,-25,[14.45540831]
[17.03100031],[-1.2634338e-13],1301,-25,[14.45540831]
[17.03100031],[-1.2634338e-13],1301,-25,[14.45540831]
[17.03100031],[-1.2634338e-13],1301,-25,[14.45540831]
[17.03100031],[-1.2634338e-13],1301,-25,[14.45540831]
[17.03100031],[-1.2634338e-13],1301,-25,[14.45540831]
[17.03100031],[-1.2634338e-13],1301,-25,[14.45540831]
[17.03100031],[-1.2634338e-13],1301,-25,[14.45540831]
[17.03100031],[-1.2634338e-13],1301,-25,[14.45540831]
[17.03100031],[-1.2634338e-13],1301,-25,[14.45540831]
[17.03100031],[-1.2634338e-13],1301,-25,[14.45540831]
[17.03100031],[-1.2634338e-13],1301,-25,[14.45540831]
[17.03100031],[-1.2634338e-13],1301,-25,[14.45540831]
[17.03100031],[-1.2634338e-13],1301,-25,[14.45540831]
[17.03100031],[-1.2634338e-13],1301,-25,[14.45540831]
[17.03100031],[-1.2634338e-13],1301,-25,[14.45540831]
[17.03100031],[-1.2634338e-13],1301,-25,[14.45540831]
[17.03100031],[-1.2634338e-13],1301,-25,[14.45540831]
[17.03100031],[-1.2634338e-13],1301,-25,[14.45540831]
[17.03100031],[-1.2634338e-13],1301,-25,[14.45540831]
[17.03100031],[-1.2634338e-13],1301,-25,[14.45540831]
[17.03100031],[-1.2634338e-13],1301,-25,[14.45540831]
[17.03100031],[-1.2634338e-13],1301,-25,[14.45540831]
[17.03100031],[-1.2634338e-13],1301,-25,[14.45540831]
[17.03100031],[-1.2634338e-13],1301,-25,[14.45540831]
[17.03100031],[-1.2634338e-13],1301,-25,[14.45540831]
[17.03100031],[-1.2634338e-13],1301,-25,[14.45540831]
[17.03100031],[-1.2634338e-13],1301,-25,[14.45540831]
[17.03100031],[-1.2634338e-13],1301,-25,[14.45540831]
[17.03100031],[-1.2634338e-13],1301,-25,[14.45540831]
[17.03100031],[-1.2634338e-13],1301,-25,[14.45540831]
[17.03100031],[-1.2634338e-13],1301,-25,[14.45540831]
[17.03100031],[-1.2634338e-13],1301,-25,[14.45540831]
[17.03100031],[-1.2634338e-13],1301,-25,[14.45540831]
[17.03100031],[-1.2634338e-13],1301,-25,[14.45540831]
[17.03100031],[-1.2634338e-13],1301,-25,[14.45540831]
[17.03100031],[-1.2634338e-13],1301,-25,[14.45540831]
[17.03100031],[-1.2634338e-13],1301,-25,[14.45540831]
[17.03100031],[-1.2634338e-13],1301,-25,[14.45540831]
[17.03100031],[-1.2634338e-13],1301,-25,[14.45540831]
[17.03100031],[-1.2634338e-13],1301,-25,[14.45540831]
[17.03100031],[-1.2634338e-13],1301,-25,[14.45540831]
[17.03100031],[-1.2634338e-13],1301,-25,[14.45540831]
[17.03100031],[-1.2634338e-13],1301,-25,[14.45540831]
[17.03100031],[-1.2634338e-13],1301,-25,[14.45540831]
[17.03100031],[-1.2634338e-13],1301,-25,[14.45540831]
[17.03100031],[-1.2634338e-13],1301,-25,[14.45540831]
[17.03100031],[-1.2634338e-13],1301,-25,[14.45540831]
[17.03100031],[-1.2634338e-13],1301,-25,[14.45540831]
[17.03100031],[-1.2634338e-13],1301,-25,[14.45540831]
[17.03100031],[-1.2634338e-13],1301,-25,[14.45540831]
[17.03100031],[-1.2634338e-13],1301,-25,[14.45540831]
[17.03100031],[-1.2634338e-13],1301,-25,[14.45540831]
[17.03100031],[-1.2634338e-13],1301,-25,[14.45540831]
[17.03100031],[-1.2634338e-13],1301,-25,[14.45540831]
[17.03100031],[-1.2634338e-13],1301,-25,[14.45540831]
[17.03100031],[-1.2634338e-13],1301,-25,[14.45540831]
[17.03100031],[-1.2634338e-13],1301,-25,[14.45540831]
[17.03100031],[-1.2634338e-13],1301,-25,[14.45540831]
[17.03100031],[-1.2634338e-13],1301,-25,[14.45540831]
[17.03100031],[-1.2634338e-13],1301,-25,[14.45540831]
[17.03100031],[-1.2634338e-13],1301,-25,[14.45540831]
[17.03100031],[-1.2634338e-13],1301,-25,[14.45540831]
[17.03100031],[-1.2634338e-13],1301,-25,[14.45540831]
[17.03100031],[-1.2634338e-13],1301,-25,[14.45540831]
[17.03100031],[-1.2634338e-13],1301,-25,[14.45540831]
[17.03100031],[-1.2634338e-13],1301,-25,[14.45540831]
[17.03100031],[-1.2634338e-13],1301,-25,[14.45540831]
[17.03100031],[-1.2634338e-13],1301,-25,[14.45540831]
[17.03100031],[-1.2634338e-13],1301,-25,[14.45540831]
[17.03100031],[-1.2634338e-13],1301,-25,[14.45540831]
[17.03100031],[-1.2634338e-13],1301,-25,[14.45540831]
[17.03100031],[-1.2634338e-13],1301,-25,[14.45540831]
[17.03100031],[-1.2634338e-13],1301,-25,[14.45540831]
[17.03100031],[-1.2634338e-13],1301,-25,[14.45540831]
[17.03100031],[-1.2634338e-13],1301,-25,[14.45540831]
[17.03100031],[-1.2634338e-13],1301,-25,[14.45540831]
[17.03100031],[-1.2634338e-13],1301,-25,[14.45540831]
[17.03100031],[-1.2634338e-13],1301,-25,[14.45540831]
[17.03100031],[-1.2634338e-13],1301,-25,[14.45540831]
[17.03100031],[-1.2634338e-13],1301,-25,[14.45540831]
[17.03100031],[-1.2634338e-13],1301,-25,[14.45540831]
[17.03100031],[-1.2634338e-13],1301,-25,[14.45540831]
[17.03100031],[-1.2634338e-13],1301,-25,[14.45540831]
[17.03100031],[-1.2634338e-13],1301,-25,[14.45540831]
[17.03100031],[-1.2634338e-13],1301,-25,[14.45540831]
[17.03100031],[-1.2634338e-13],1301,-25,[14.45540831]
[17.03100031],[-1.2634338e-13],1301,-25,[14.45540831]
[17.03100031],[-1.2634338e-13],1301,-25,[14.45540831]
[17.03100031],[-1.2634338e-13],1301,-25,[14.45540831]
[17.03100031],[-1.2634338e-13],1301,-25,[14.45540831]
[17.03100031],[-1.2634338e-13],1301,-25,[14.45540831]
[17.03100031],[-1.2634338e-13],1301,-25,[14.45540831]
[17.03100031],[-1.2634338e-13],1301,-25,[14.45540831]
[17.03100031],[-1.2634338e-13],1301,-25,[14.45540831]
[17.03100031],[-1.2634338e-13],1301,-25,[14.45540831]
[17.03100031],[-1.2634338e-13],1301,-25,[14.45540831]
[17.03100031],[-1.2634338e-13],1301,-25,[14.45540831]
[17.03100031],[-1.2634338e-13],1301,-25,[14.45540831]
[17.03100031],[-1.2634338e-13],1301,-25,[14.45540831]
[17.03100031],[-1.2634338e-13],1301,-25,[14.45540831]
[17.03100031],[-1.2634338e-13],1301,-25,[14.45540831]
[17.03100031],[-1.2634338e-13],1301,-25,[14.45540831]
[17.03100031],[-1.2634338e-13],1301,-25,[14.45540831]
[17.03100031],[-1.2634338e-13],1301,-25,[14.45540831]
[17.03100031],[-1.2634338e-13],1301,-25,[14.45540831]
[17.03100031],[-1.2634338e-13],1301,-25,[14.45540831]
[17.03100031],[-1.2634338e-13],1301,-25,[14.45540831]
[17.03100031],[-1.2634338e-13],1301,-25,[14.45540831]
[17.03100031],[-1.2634338e-13],1301,-25,[14.45540831]
[17.03100031],[-1.2634338e-13],1301,-25,[14.45540831]
[17.03100031],[-1.2634338e-13],1301,-25,[14.45540831]
[17.03100031],[-1.2634338e-13],1301,-25,[14.45540831]
[17.03100031],[-1.2634338e-13],1301,-25,[14.45540831]
[17.03100031],[-1.2634338e-13],1301,-25,[14.45540831]
[17.03100031],[-1.2634338e-13],1301,-25,[14.45540831]
[17.03100031],[-1.2634338e-13],1301,-25,[14.45540831]
[17.03100031],[-1.2634338e-13],1301,-25,[14.45540831]
[17.03100031],[-1.2634338e-13],1301,-25,[14.45540831]
[17.03100031],[-1.2634338e-13],1301,-25,[14.45540831]
[17.03100031],[-1.2634338e-13],1301,-25,[14.45540831]
[17.03100031],[-1.2634338e-13],1301,-25,[14.45540831]
[17.03100031],[-1.2634338e-13],1301,-25,[14.45540831]
[17.03100031],[-1.2634338e-13],1301,-25,[14.45540831]
[17.03100031],[-1.2634338e-13],1301,-25,[14.45540831]
[17.03100031],[-1.2634338e-13],1301,-25,[14.45540831]
[17.03100031],[-1.2634338e-13],1301,-25,[14.45540831]
[17.03100031],[-1.2634338e-13],1301,-25,[14.45540831]
[17.03100031],[-1.2634338e-13],1301,-25,[14.45540831]
[17.03100031],[-1.2634338e-13],1301,-25,[14.45540831]
[17.03100031],[-1.2634338e-13],1301,-25,[14.45540831]
[17.03100031],[-1.2634338e-13],1301,-25,[14.45540831]
[17.03100031],[-1.2634338e-13],1301,-25,[14.45540831]
[17.03100031],[-1.2634338e-13],1301,-25,[14.45540831]
[17.03100031],[-1.2634338e-13],1301,-25,[14.45540831]
[17.03100031],[-1.2634338e-13],1301,-25,[14.45540831]
[17.03100031],[-1.2634338e-13],1301,-25,[14.45540831]
[17.03100031],[-1.2634338e-13],1301,-25,[14.45540831]
[17.03100031],[-1.2634338e-13],1301,-25,[14.45540831]
[17.03100031],[-1.2634338e-13],1301,-25,[14.45540831]
[17.03100031],[-1.2634338e-13],1301,-25,[14.45540831]
[17.03100031],[-1.2634338e-13],1301,-25,[14.45540831]
[17.03100031],[-1.2634338e-13],1301,-25,[14.45540831]
[17.03100031],[-1.2634338e-13],1301,-25,[14.45540831]
[17.03100031],[-1.2634338e-13],1301,-25,[14.45540831]
[17.03100031],[-1.2634338e-13],1301,-25,[14.45540831]
[17.03100031],[-1.2634338e-13],1301,-25,[14.45540831]
[17.03100031],[-1.2634338e-13],1301,-25,[14.45540831]
[17.03100031],[-1.2634338e-13],1301,-25,[14.45540831]
[17.03100031],[-1.2634338e-13],1301,-25,[14.45540831]
[17.03100031],[-1.2634338e-13],1301,-25,[14.45540831]
[17.03100031],[-1.2634338e-13],1301,-25,[14.45540831]
[17.03100031],[-1.2634338e-13],1301,-25,[14.45540831]
[17.03100031],[-1.2634338e-13],1301,-25,[14.45540831]
[17.03100031],[-1.2634338e-13],1301,-25,[14.45540831]
[17.03100031],[-1.2634338e-13],1301,-25,[14.45540831]
[17.03100031],[-1.2634338e-13],1301,-25,[14.45540831]
[17.03100031],[-1.2634338e-13],1301,-25,[14.45540831]
[17.03100031],[-1.2634338e-13],1301,-25,[14.45540831]
[17.03100031],[-1.2634338e-13],1301,-25,[14.45540831]
[17.03100031],[-1.2634338e-13],1301,-25,[14.45540831]
[17.03100031],[-1.2634338e-13],1301,-25,[14.45540831]
[17.03100031],[-1.2634338e-13],1301,-25,[14.45540831]
[17.03100031],[-1.2634338e-13],1301,-25,[14.45540831]
[17.03100031],[-1.2634338e-13],1301,-25,[14.45540831]
[17.03100031],[-1.2634338e-13],1301,-25,[14.45540831]
[17.03100031],[-1.2634338e-13],1301,-25,[14.45540831]
[17.03100031],[-1.2634338e-13],1301,-25,[14.45540831]
[17.03100031],[-1.2634338e-13],1301,-25,[14.45540831]
[17.03100031],[-1.2634338e-13],1301,-25,[14.45540831]
[17.03100031],[-1.2634338e-13],1301,-25,[14.45540831]
[17.03100031],[-1.2634338e-13],1301,-25,[14.45540831]
[17.03100031],[-1.2634338e-13],1301,-25,[14.45540831]
[17.03100031],[-1.2634338e-13],1301,-25,[14.45540831]
[17.03100031],[-1.2634338e-13],1301,-25,[14.45540831]
[17.03100031],[-1.2634338e-13],1301,-25,[14.45540831]
[17.03100031],[-1.2634338e-13],1301,-25,[14.45540831]
[17.03100031],[-1.2634338e-13],1301,-25,[14.45540831]
[17.03100031],[-1.2634338e-13],1301,-25,[14.45540831]
[17.03100031],[-1.2634338e-13],1301,-25,[14.45540831]
[17.03100031],[-1.2634338e-13],1301,-25,[14.45540831]
[17.03100031],[-1.2634338e-13],1301,-25,[14.45540831]
[17.03100031],[-1.2634338e-13],1301,-25,[14.45540831]
[17.03100031],[-1.2634338e-13],1301,-25,[14.45540831]
[17.03100031],[-1.2634338e-13],1301,-25,[14.45540831]
[17.03100031],[-1.2634338e-13],1301,-25,[14.45540831]
[17.03100031],[-1.2634338e-13],1301,-25,[14.45540831]
[17.03100031],[-1.2634338e-13],1301,-25,[14.45540831]
[17.03100031],[-1.2634338e-13],1301,-25,[14.45540831]
[17.03100031],[-1.2634338e-13],1301,-25,[14.45540831]
[17.03100031],[-1.2634338e-13],1301,-25,[14.45540831]
[17.03100031],[-1.2634338e-13],1301,-25,[14.45540831]
[17.03100031],[-1.2634338e-13],1301,-25,[14.45540831]
[17.03100031],[-1.2634338e-13],1301,-25,[14.45540831]
[17.03100031],[-1.2634338e-13],1301,-25,[14.45540831]
[17.03100031],[-1.2634338e-13],1301,-25,[14.45540831]
[17.03100031],[-1.2634338e-13],1301,-25,[14.45540831]
[17.03100031],[-1.2634338e-13],1301,-25,[14.45540831]
[17.03100031],[-1.2634338e-13],1301,-25,[14.45540831]
[17.03100031],[-1.2634338e-13],1301,-25,[14.45540831]
[17.03100031],[-1.2634338e-13],1301,-25,[14.45540831]
[17.03100031],[-1.2634338e-13],1301,-25,[14.45540831]
[17.03100031],[-1.2634338e-13],1301,-25,[14.45540831]
[17.03100031],[-1.2634338e-13],1301,-25,[14.45540831]
[17.03100031],[-1.2634338e-13],1301,-25,[14.45540831]
[17.03100031],[-1.2634338e-13],1301,-25,[14.45540831]
[17.03100031],[-1.2634338e-13],1301,-25,[14.45540831]
[17.03100031],[-1.2634338e-13],1301,-25,[14.45540831]
[17.03100031],[-1.2634338e-13],1301,-25,[14.45540831]
[17.03100031],[-1.2634338e-13],1301,-25,[14.45540831]
[17.03100031],[-1.2634338e-13],1301,-25,[14.45540831]
[17.03100031],[-1.2634338e-13],1301,-25,[14.45540831]
[17.03100031],[-1.2634338e-13],1301,-25,[14.45540831]
[17.03100031],[-1.2634338e-13],1301,-25,[14.45540831]
[17.03100031],[-1.2634338e-13],1301,-25,[14.45540831]
[17.03100031],[-1.2634338e-13],1301,-25,[14.45540831]
[17.03100031],[-1.2634338e-13],1301,-25,[14.45540831]
[17.03100031],[-1.2634338e-13],1301,-25,[14.45540831]
[17.03100031],[-1.2634338e-13],1301,-25,[14.45540831]
[17.03100031],[-1.2634338e-13],1301,-25,[14.45540831]
[17.03100031],[-1.2634338e-13],1301,-25,[14.45540831]
[17.03100031],[-1.2634338e-13],1301,-25,[14.45540831]
[17.03100031],[-1.2634338e-13],1301,-25,[14.45540831]
[17.03100031],[-1.2634338e-13],1301,-25,[14.45540831]
[17.03100031],[-1.2634338e-13],1301,-25,[14.45540831]
[17.03100031],[-1.2634338e-13],1301,-25,[14.45540831]
[17.03100031],[-1.2634338e-13],1301,-25,[14.45540831]
[17.03100031],[-1.2634338e-13],1301,-25,[14.45540831]
[17.03100031],[-1.2634338e-13],1301,-25,[14.45540831]
[17.03100031],[-1.2634338e-13],1301,-25,[14.45540831]
[17.03100031],[-1.2634338e-13],1301,-25,[14.45540831]
[17.03100031],[-1.2634338e-13],1301,-25,[14.45540831]
[17.03100031],[-1.2634338e-13],1301,-25,[14.45540831]
[17.03100031],[-1.2634338e-13],1301,-25,[14.45540831]
[17.03100031],[-1.2634338e-13],1301,-25,[14.45540831]
[17.03100031],[-1.2634338e-13],1301,-25,[14.45540831]
[17.03100031],[-1.2634338e-13],1301,-25,[14.45540831]
[17.03100031],[-1.2634338e-13],1301,-25,[14.45540831]
[17.03100031],[-1.2634338e-13],1301,-25,[14.45540831]
[17.03100031],[-1.2634338e-13],1301,-25,[14.45540831]
[17.03100031],[-1.2634338e-13],1301,-25,[14.45540831]
[17.03100031],[-1.2634338e-13],1301,-25,[14.45540831]
[17.03100031],[-1.2634338e-13],1301,-25,[14.45540831]
[17.03100031],[-1.2634338e-13],1301,-25,[14.45540831]
[17.03100031],[-1.2634338e-13],1301,-25,[14.45540831]
[17.03100031],[-1.2634338e-13],1301,-25,[14.45540831]
[17.03100031],[-1.2634338e-13],1301,-25,[14.45540831]
[17.03100031],[-1.2634338e-13],1301,-25,[14.45540831]
[17.03100031],[-1.2634338e-13],1301,-25,[14.45540831]
[17.03100031],[-1.2634338e-13],1301,-25,[14.45540831]
[17.03100031],[-1.2634338e-13],1301,-25,[14.45540831]
[17.03100031],[-1.2634338e-13],1301,-25,[14.45540831]
[17.03100031],[-1.2634338e-13],1301,-25,[14.45540831]
[17.03100031],[-1.2634338e-13],1301,-25,[14.45540831]
[17.03100031],[-1.2634338e-13],1301,-25,[14.45540831]
[17.03100031],[-1.2634338e-13],1301,-25,[14.45540831]
[17.03100031],[-1.2634338e-13],1301,-25,[14.45540831]
[17.03100031],[-1.2634338e-13],1301,-25,[14.45540831]
[17.03100031],[-1.2634338e-13],1301,-25,[14.45540831]
[17.03100031],[-1.2634338e-13],1301,-25,[14.45540831]
[17.03100031],[-1.2634338e-13],1301,-25,[14.45540831]
[17.03100031],[-1.2634338e-13],1301,-25,[14.45540831]
[17.03100031],[-1.2634338e-13],1301,-25,[14.45540831]
[17.03100031],[-1.2634338e-13],1301,-25,[14.45540831]
[17.03100031],[-1.2634338e-13],1301,-25,[14.45540831]
[17.03100031],[-1.2634338e-13],1301,-25,[14.45540831]
[17.03100031],[-1.2634338e-13],1301,-25,[14.45540831]
[17.03100031],[-1.2634338e-13],1301,-25,[14.45540831]
[17.03100031],[-1.2634338e-13],1301,-25,[14.45540831]
[17.03100031],[-1.2634338e-13],1301,-25,[14.45540831]
[17.03100031],[-1.2634338e-13],1301,-25,[14.45540831]
[17.03100031],[-1.2634338e-13],1301,-25,[14.45540831]
[17.03100031],[-1.2634338e-13],1301,-25,[14.45540831]
[17.03100031],[-1.2634338e-13],1301,-25,[14.45540831]
[17.03100031],[-1.2634338e-13],1301,-25,[14.45540831]
[17.03100031],[-1.2634338e-13],1301,-25,[14.45540831]
[17.03100031],[-1.2634338e-13],1301,-25,[14.45540831]
[17.03100031],[-1.2634338e-13],1301,-25,[14.45540831]
[17.03100031],[-1.2634338e-13],1301,-25,[14.45540831]
[17.03100031],[-1.2634338e-13],1301,-25,[14.45540831]
[17.03100031],[-1.2634338e-13],1301,-25,[14.45540831]
[17.03100031],[-1.2634338e-13],1301,-25,[14.45540831]
[17.03100031],[-1.2634338e-13],1301,-25,[14.45540831]
[17.03100031],[-1.2634338e-13],1301,-25,[14.45540831]
[17.03100031],[-1.2634338e-13],1301,-25,[14.45540831]
[17.03100031],[-1.2634338e-13],1301,-25,[14.45540831]
[17.03100031],[-1.2634338e-13],1301,-25,[14.45540831]
[17.03100031],[-1.2634338e-13],1301,-25,[14.45540831]
[17.03100031],[-1.2634338e-13],1301,-25,[14.45540831]
[17.03100031],[-1.2634338e-13],1301,-25,[14.45540831]
[17.03100031],[-1.2634338e-13],1301,-25,[14.45540831]
[17.03100031],[-1.2634338e-13],1301,-25,[14.45540831]
[17.03100031],[-1.2634338e-13],1301,-25,[14.45540831]
[17.03100031],[-1.2634338e-13],1301,-25,[14.45540831]
[17.03100031],[-1.2634338e-13],1301,-25,[14.45540831]
[17.03100031],[-1.2634338e-13],1301,-25,[14.45540831]
[17.03100031],[-1.2634338e-13],1301,-25,[14.45540831]
[17.03100031],[-1.2634338e-13],1301,-25,[14.45540831]
[17.03100031],[-1.2634338e-13],1301,-25,[14.45540831]
[17.03100031],[-1.2634338e-13],1301,-25,[14.45540831]
[17.03100031],[-1.2634338e-13],1301,-25,[14.45540831]
[17.03100031],[-1.2634338e-13],1301,-25,[14.45540831]
[17.03100031],[-1.2634338e-13],1301,-25,[14.45540831]
[17.03100031],[-1.2634338e-13],1301,-25,[14.45540831]
[17.03100031],[-1.2634338e-13],1301,-25,[14.45540831]
[17.03100031],[-1.2634338e-13],1301,-25,[14.45540831]
[17.03100031],[-1.2634338e-13],1301,-25,[14.45540831]
[17.03100031],[-1.2634338e-13],1301,-25,[14.45540831]
[17.03100031],[-1.2634338e-13],1301,-25,[14.45540831]
[17.03100031],[-1.2634338e-13],1301,-25,[14.45540831]
[17.03100031],[-1.2634338e-13],1301,-25,[14.45540831]
[17.03100031],[-1.2634338e-13],1301,-25,[14.45540831]
[17.03100031],[-1.2634338e-13],1301,-25,[14.45540831]
[17.03100031],[-1.2634338e-13],1301,-25,[14.45540831]
[17.03100031],[-1.2634338e-13],1301,-25,[14.45540831]
[17.03100031],[-1.2634338e-13],1301,-25,[14.45540831]
[17.03100031],[-1.2634338e-13],1301,-25,[14.45540831]
[17.03100031],[-1.2634338e-13],1301,-25,[14.45540831]
[17.03100031],[-1.2634338e-13],1301,-25,[14.45540831]
[17.03100031],[-1.2634338e-13],1301,-25,[14.45540831]
[17.03100031],[-1.2634338e-13],1301,-25,[14.45540831]
[17.03100031],[-1.2634338e-13],1301,-25,[14.45540831]
[17.03100031],[-1.2634338e-13],1301,-25,[14.45540831]
[17.03100031],[-1.2634338e-13],1301,-25,[14.45540831]
[17.03100031],[-1.2634338e-13],1301,-25,[14.45540831]
[17.03100031],[-1.2634338e-13],1301,-25,[14.45540831]
[17.03100031],[-1.2634338e-13],1301,-25,[14.45540831]
[17.03100031],[-1.2634338e-13],1301,-25,[14.45540831]
[17.03100031],[-1.2634338e-13],1301,-25,[14.45540831]
[17.03100031],[-1.2634338e-13],1301,-25,[14.45540831]
[17.03100031],[-1.2634338e-13],1301,-25,[14.45540831]
[17.03100031],[-1.2634338e-13],1301,-25,[14.45540831]
[17.03100031],[-1.2634338e-13],1301,-25,[14.45540831]
[17.03100031],[-1.2634338e-13],1301,-25,[14.45540831]
[17.03100031],[-1.2634338e-13],1301,-25,[14.45540831]
[17.03100031],[-1.2634338e-13],1301,-25,[14.45540831]
[17.03100031],[-1.2634338e-13],1301,-25,[14.45540831]
[17.03100031],[-1.2634338e-13],1301,-25,[14.45540831]
[17.03100031],[-1.2634338e-13],1301,-25,[14.45540831]
[17.03100031],[-1.2634338e-13],1301,-25,[14.45540831]
[17.03100031],[-1.2634338e-13],1301,-25,[14.45540831]
[17.03100031],[-1.2634338e-13],1301,-25,[14.45540831]
[17.03100031],[-1.2634338e-13],1301,-25,[14.45540831]
[17.03100031],[-1.2634338e-13],1301,-25,[14.45540831]
[17.03100031],[-1.2634338e-13],1301,-25,[14.45540831]
[17.03100031],[-1.2634338e-13],1301,-25,[14.45540831]
[17.03100031],[-1.2634338e-13],1301,-25,[14.45540831]
[17.03100031],[-1.2634338e-13],1301,-25,[14.45540831]
[17.03100031],[-1.2634338e-13],1301,-25,[14.45540831]
[17.03100031],[-1.2634338e-13],1301,-25,[14.45540831]
[17.03100031],[-1.2634338e-13],1301,-25,[14.45540831]
[17.03100031],[-1.2634338e-13],1301,-25,[14.45540831]
[17.03100031],[-1.2634338e-13],1301,-25,[14.45540831]
[17.03100031],[-1.2634338e-13],1301,-25,[14.45540831]
[17.03100031],[-1.2634338e-13],1301,-25,[14.45540831]
[17.03100031],[-1.2634338e-13],1301,-25,[14.45540831]
[17.03100031],[-1.2634338e-13],1301,-25,[14.45540831]
[17.03100031],[-1.2634338e-13],1301,-25,[14.45540831]
[17.03100031],[-1.2634338e-13],1301,-25,[14.45540831]
[17.03100031],[-1.2634338e-13],1301,-25,[14.45540831]
[17.03100031],[-1.2634338e-13],1301,-25,[14.45540831]
[17.03100031],[-1.2634338e-13],1301,-25,[14.45540831]
[17.03100031],[-1.2634338e-13],1301,-25,[14.45540831]
[17.03100031],[-1.2634338e-13],1301,-25,[14.45540831]
[17.03100031],[-1.2634338e-13],1301,-25,[14.45540831]
[17.03100031],[-1.2634338e-13],1301,-25,[14.45540831]
[17.03100031],[-1.2634338e-13],1301,-25,[14.45540831]
[17.03100031],[-1.2634338e-13],1301,-25,[14.45540831]
[17.03100031],[-1.2634338e-13],1301,-25,[14.45540831]
[17.03100031],[-1.2634338e-13],1301,-25,[14.45540831]
[17.03100031],[-1.2634338e-13],1301,-25,[14.45540831]
[17.03100031],[-1.2634338e-13],1301,-25,[14.45540831]
[17.03100031],[-1.2634338e-13],1301,-25,[14.45540831]
[17.03100031],[-1.2634338e-13],1301,-25,[14.45540831]
[17.03100031],[-1.2634338e-13],1301,-25,[14.45540831]
[17.03100031],[-1.2634338e-13],1301,-25,[14.45540831]
[17.03100031],[-1.2634338e-13],1301,-25,[14.45540831]
[17.03100031],[-1.2634338e-13],1301,-25,[14.45540831]
[17.03100031],[-1.2634338e-13],1301,-25,[14.45540831]
[17.03100031],[-1.2634338e-13],1301,-25,[14.45540831]
[17.03100031],[-1.2634338e-13],1301,-25,[14.45540831]
[17.03100031],[-1.2634338e-13],1301,-25,[14.45540831]
[17.03100031],[-1.2634338e-13],1301,-25,[14.45540831]
[17.03100031],[-1.2634338e-13],1301,-25,[14.45540831]
[17.03100031],[-1.2634338e-13],1301,-25,[14.45540831]
[17.03100031],[-1.2634338e-13],1301,-25,[14.45540831]
[17.03100031],[-1.2634338e-13],1301,-25,[14.45540831]
[17.03100031],[-1.2634338e-13],1301,-25,[14.45540831]
[17.03100031],[-1.2634338e-13],1301,-25,[14.45540831]
[17.03100031],[-1.2634338e-13],1301,-25,[14.45540831]
[17.03100031],[-1.2634338e-13],1301,-25,[14.45540831]
[17.03100031],[-1.2634338e-13],1301,-25,[14.45540831]
[17.03100031],[-1.2634338e-13],1301,-25,[14.45540831]
[17.03100031],[-1.2634338e-13],1301,-25,[14.45540831]
[17.03100031],[-1.2634338e-13],1301,-25,[14.45540831]
[17.03100031],[-1.2634338e-13],1301,-25,[14.45540831]
[17.03100031],[-1.2634338e-13],1301,-25,[14.45540831]
[17.03100031],[-1.2634338e-13],1301,-25,[14.45540831]
[17.03100031],[-1.2634338e-13],1301,-25,[14.45540831]
[17.03100031],[-1.2634338e-13],1301,-25,[14.45540831]
[17.03100031],[-1.2634338e-13],1301,-25,[14.45540831]
[17.03100031],[-1.2634338e-13],1301,-25,[14.45540831]
[17.03100031],[-1.2634338e-13],1301,-25,[14.45540831]
[17.03100031],[-1.2634338e-13],1301,-25,[14.45540831]
[17.03100031],[-1.2634338e-13],1301,-25,[14.45540831]
[17.03100031],[-1.2634338e-13],1301,-25,[14.45540831]
[17.03100031],[-1.2634338e-13],1301,-25,[14.45540831]
[17.03100031],[-1.2634338e-13],1301,-25,[14.45540831]
[17.03100031],[-1.2634338e-13],1301,-25,[14.45540831]
[17.03100031],[-1.2634338e-13],1301,-25,[14.45540831]
[17.03100031],[-1.2634338e-13],1301,-25,[14.45540831]
[17.03100031],[-1.2634338e-13],1301,-25,[14.45540831]
[17.03100031],[-1.2634338e-13],1301,-25,[14.45540831]
[17.03100031],[-1.2634338e-13],1301,-25,[14.45540831]
[17.03100031],[-1.2634338e-13],1301,-25,[14.45540831]
[17.03100031],[-1.2634338e-13],1301,-25,[14.45540831]
[17.03100031],[-1.2634338e-13],1301,-25,[14.45540831]
[17.03100031],[-1.2634338e-13],1301,-25,[14.45540831]
[17.03100031],[-1.2634338e-13],1301,-25,[14.45540831]
[17.03100031],[-1.2634338e-13],1301,-25,[14.45540831]
[17.03100031],[-1.2634338e-13],1301,-25,[14.45540831]
[17.03100031],[-1.2634338e-13],1301,-25,[14.45540831]
[17.03100031],[-1.2634338e-13],1301,-25,[14.45540831]
[17.03100031],[-1.2634338e-13],1301,-25,[14.45540831]
[17.03100031],[-1.2634338e-13],1301,-25,[14.45540831]
[17.03100031],[-1.2634338e-13],1301,-25,[14.45540831]
[17.03100031],[-1.2634338e-13],1301,-25,[14.45540831]
[17.03100031],[-1.2634338e-13],1301,-25,[14.45540831]
[17.03100031],[-1.2634338e-13],1301,-25,[14.45540831]
[17.03100031],[-1.2634338e-13],1301,-25,[14.45540831]
[17.03100031],[-1.2634338e-13],1301,-25,[14.45540831]
[17.03100031],[-1.2634338e-13],1301,-25,[14.45540831]
[17.03100031],[-1.2634338e-13],1301,-25,[14.45540831]
[17.03100031],[-1.2634338e-13],1301,-25,[14.45540831]
[17.03100031],[-1.2634338e-13],1301,-25,[14.45540831]
[17.03100031],[-1.2634338e-13],1301,-25,[14.45540831]
[17.03100031],[-1.2634338e-13],1301,-25,[14.45540831]
[17.03100031],[-1.2634338e-13],1301,-25,[14.45540831]
[17.03100031],[-1.2634338e-13],1301,-25,[14.45540831]
[17.03100031],[-1.2634338e-13],1301,-25,[14.45540831]
[17.03100031],[-1.2634338e-13],1301,-25,[14.45540831]
[17.03100031],[-1.2634338e-13],1301,-25,[14.45540831]
[17.03100031],[-1.2634338e-13],1301,-25,[14.45540831]
[17.03100031],[-1.2634338e-13],1301,-25,[14.45540831]
[17.03100031],[-1.2634338e-13],1301,-25,[14.45540831]
[17.03100031],[-1.2634338e-13],1301,-25,[14.45540831]
[17.03100031],[-1.2634338e-13],1301,-25,[14.45540831]
[17.03100031],[-1.2634338e-13],1301,-25,[14.45540831]
[17.03100031],[-1.2634338e-13],1301,-25,[14.45540831]
[17.03100031],[-1.2634338e-13],1301,-25,[14.45540831]
[17.03100031],[-1.2634338e-13],1301,-25,[14.45540831]
[17.03100031],[-1.2634338e-13],1301,-25,[14.45540831]
[17.03100031],[-1.2634338e-13],1301,-25,[14.45540831]
[17.03100031],[-1.2634338e-13],1301,-25,[14.45540831]
[17.03100031],[-1.2634338e-13],1301,-25,[14.45540831]
[17.03100031],[-1.2634338e-13],1301,-25,[14.45540831]
[17.03100031],[-1.2634338e-13],1301,-25,[14.45540831]
[17.03100031],[-1.2634338e-13],1301,-25,[14.45540831]
[17.03100031],[-1.2634338e-13],1301,-25,[14.45540831]
[17.03100031],[-1.2634338e-13],1301,-25,[14.45540831]
[17.03100031],[-1.2634338e-13],1301,-25,[14.45540831]
[17.03100031],[-1.2634338e-13],1301,-25,[14.45540831]
[17.03100031],[-1.2634338e-13],1301,-25,[14.45540831]
[17.03100031],[-1.2634338e-13],1301,-25,[14.45540831]
[17.03100031],[-1.2634338e-13],1301,-25,[14.45540831]
[17.03100031],[-1.2634338e-13],1301,-25,[14.45540831]
[17.03100031],[-1.2634338e-13],1301,-25,[14.45540831]
[17.03100031],[-1.2634338e-13],1301,-25,[14.45540831]
[17.03100031],[-1.2634338e-13],1301,-25,[14.45540831]
[17.03100031],[-1.2634338e-13],1301,-25,[14.45540831]
[17.03100031],[-1.2634338e-13],1301,-25,[14.45540831]
[17.03100031],[-1.2634338e-13],1301,-25,[14.45540831]
[17.03100031],[-1.2634338e-13],1301,-25,[14.45540831]
[17.03100031],[-1.2634338e-13],1301,-25,[14.45540831]
[17.03100031],[-1.2634338e-13],1301,-25,[14.45540831]
[17.03100031],[-1.2634338e-13],1301,-25,[14.45540831]
[17.03100031],[-1.2634338e-13],1301,-25,[14.45540831]
[17.03100031],[-1.2634338e-13],1301,-25,[14.45540831]
[17.03100031],[-1.2634338e-13],1301,-25,[14.45540831]
[17.03100031],[-1.2634338e-13],1301,-25,[14.45540831]
[17.03100031],[-1.2634338e-13],1301,-25,[14.45540831]
[17.03100031],[-1.2634338e-13],1301,-25,[14.45540831]
[17.03100031],[-1.2634338e-13],1301,-25,[14.45540831]
[17.03100031],[-1.2634338e-13],1301,-25,[14.45540831]
[17.03100031],[-1.2634338e-13],1301,-25,[14.45540831]
[17.03100031],[-1.2634338e-13],1301,-25,[14.45540831]
[17.03100031],[-1.2634338e-13],1301,-25,[14.45540831]
[17.03100031],[-1.2634338e-13],1301,-25,[14.45540831]
[17.03100031],[-1.2634338e-13],1301,-25,[14.45540831]
[17.03100031],[-1.2634338e-13],1301,-25,[14.45540831]
[17.03100031],[-1.2634338e-13],1301,-25,[14.45540831]
[17.03100031],[-1.2634338e-13],1301,-25,[14.45540831]
[17.03100031],[-1.2634338e-13],1301,-25,[14.45540831]
[17.03100031],[-1.2634338e-13],1301,-25,[14.45540831]
[17.03100031],[-1.2634338e-13],1301,-25,[14.45540831]
[17.03100031],[-1.2634338e-13],1301,-25,[14.45540831]
[17.03100031],[-1.2634338e-13],1301,-25,[14.45540831]
[17.03100031],[-1.2634338e-13],1301,-25,[14.45540831]
[17.03100031],[-1.2634338e-13],1301,-25,[14.45540831]
[17.03100031],[-1.2634338e-13],1301,-25,[14.45540831]
[17.03100031],[-1.2634338e-13],1301,-25,[14.45540831]
[17.03100031],[-1.2634338e-13],1301,-25,[14.45540831]
[17.03100031],[-1.2634338e-13],1301,-25,[14.45540831]
[17.03100031],[-1.2634338e-13],1301,-25,[14.45540831]
[17.03100031],[-1.2634338e-13],1301,-25,[14.45540831]
[17.03100031],[-1.2634338e-13],1301,-25,[14.45540831]
[17.03100031],[-1.2634338e-13],1301,-25,[14.45540831]
[17.03100031],[-1.2634338e-13],1301,-25,[14.45540831]
[17.03100031],[-1.2634338e-13],1301,-25,[14.45540831]
[17.03100031],[-1.2634338e-13],1301,-25,[14.45540831]
[17.03100031],[-1.2634338e-13],1301,-25,[14.45540831]
[17.03100031],[-1.2634338e-13],1301,-25,[14.45540831]
[17.03100031],[-1.2634338e-13],1301,-25,[14.45540831]
[17.03100031],[-1.2634338e-13],1301,-25,[14.45540831]
[17.03100031],[-1.2634338e-13],1301,-25,[14.45540831]
[17.03100031],[-1.2634338e-13],1301,-25,[14.45540831]
[17.03100031],[-1.2634338e-13],1301,-25,[14.45540831]
[17.03100031],[-1.2634338e-13],1301,-25,[14.45540831]
[17.03100031],[-1.2634338e-13],1301,-25,[14.45540831]
[17.03100031],[-1.2634338e-13],1301,-25,[14.45540831]
[17.03100031],[-1.2634338e-13],1301,-25,[14.45540831]
[17.03100031],[-1.2634338e-13],1301,-25,[14.45540831]
[17.03100031],[-1.2634338e-13],1301,-25,[14.45540831]
[17.03100031],[-1.2634338e-13],1301,-25,[14.45540831]
[17.03100031],[-1.2634338e-13],1301,-25,[14.45540831]
[17.03100031],[-1.2634338e-13],1301,-25,[14.45540831]
[17.03100031],[-1.2634338e-13],1301,-25,[14.45540831]
[17.03100031],[-1.2634338e-13],1301,-25,[14.45540831]
[17.03100031],[-1.2634338e-13],1301,-25,[14.45540831]
[17.03100031],[-1.2634338e-13],1301,-25,[14.45540831]
[17.03100031],[-1.2634338e-13],1301,-25,[14.45540831]
[17.03100031],[-1.2634338e-13],1301,-25,[14.45540831]
[17.03100031],[-1.2634338e-13],1301,-25,[14.45540831]
[17.03100031],[-1.2634338e-13],1301,-25,[14.45540831]
[17.03100031],[-1.2634338e-13],1301,-25,[14.45540831]
[17.03100031],[-1.2634338e-13],1301,-25,[14.45540831]
[17.03100031],[-1.2634338e-13],1301,-25,[14.45540831]
[17.03100031],[-1.2634338e-13],1301,-25,[14.45540831]
[17.03100031],[-1.2634338e-13],1301,-25,[14.45540831]
[17.03100031],[-1.2634338e-13],1301,-25,[14.45540831]
[17.03100031],[-1.2634338e-13],1301,-25,[14.45540831]
[17.03100031],[-1.2634338e-13],1301,-25,[14.45540831]
[17.03100031],[-1.2634338e-13],1301,-25,[14.45540831]
[17.03100031],[-1.2634338e-13],1301,-25,[14.45540831]
[17.03100031],[-1.2634338e-13],1301,-25,[14.45540831]
[17.03100031],[-1.2634338e-13],1301,-25,[14.45540831]
[17.03100031],[-1.2634338e-13],1301,-25,[14.45540831]
[17.03100031],[-1.2634338e-13],1301,-25,[14.45540831]
[17.03100031],[-1.2634338e-13],1301,-25,[14.45540831]
[17.03100031],[-1.2634338e-13],1301,-25,[14.45540831]
[17.03100031],[-1.2634338e-13],1301,-25,[14.45540831]
[17.03100031],[-1.2634338e-13],1301,-25,[14.45540831]
[17.03100031],[-1.2634338e-13],1301,-25,[14.45540831]
[17.03100031],[-1.2634338e-13],1301,-25,[14.45540831]
[17.03100031],[-1.2634338e-13],1301,-25,[14.45540831]
[17.03100031],[-1.2634338e-13],1301,-25,[14.45540831]
[17.03100031],[-1.2634338e-13],1301,-25,[14.45540831]
[17.03100031],[-1.2634338e-13],1301,-25,[14.45540831]
[17.03100031],[-1.2634338e-13],1301,-25,[14.45540831]
[17.03100031],[-1.2634338e-13],1301,-25,[14.45540831]
[17.03100031],[-1.2634338e-13],1301,-25,[14.45540831]
[17.03100031],[-1.2634338e-13],1301,-25,[14.45540831]
[17.03100031],[-1.2634338e-13],1301,-25,[14.45540831]
[17.03100031],[-1.2634338e-13],1301,-25,[14.45540831]
[17.03100031],[-1.2634338e-13],1301,-25,[14.45540831]
[17.03100031],[-1.2634338e-13],1301,-25,[14.45540831]
[17.03100031],[-1.2634338e-13],1301,-25,[14.45540831]
[17.03100031],[-1.2634338e-13],1301,-25,[14.45540831]
[17.03100031],[-1.2634338e-13],1301,-25,[14.45540831]
[17.03100031],[-1.2634338e-13],1301,-25,[14.45540831]
[17.03100031],[-1.2634338e-13],1301,-25,[14.45540831]
[17.03100031],[-1.2634338e-13],1301,-25,[14.45540831]
[17.03100031],[-1.2634338e-13],1301,-25,[14.45540831]
[17.03100031],[-1.2634338e-13],1301,-25,[14.45540831]
[17.03100031],[-1.2634338e-13],1301,-25,[14.45540831]
[17.03100031],[-1.2634338e-13],1301,-25,[14.45540831]
[17.03100031],[-1.2634338e-13],1301,-25,[14.45540831]
[17.03100031],[-1.2634338e-13],1301,-25,[14.45540831]
[17.03100031],[-1.2634338e-13],1301,-25,[14.45540831]
[17.03100031],[-1.2634338e-13],1301,-25,[14.45540831]
[17.03100031],[-1.2634338e-13],1301,-25,[14.45540831]
[17.03100031],[-1.2634338e-13],1301,-25,[14.45540831]
[17.03100031],[-1.2634338e-13],1301,-25,[14.45540831]
[17.03100031],[-1.2634338e-13],1301,-25,[14.45540831]
[17.03100031],[-1.2634338e-13],1301,-25,[14.45540831]
[17.03100031],[-1.2634338e-13],1301,-25,[14.45540831]
[17.03100031],[-1.2634338e-13],1301,-25,[14.45540831]
[17.03100031],[-1.2634338e-13],1301,-25,[14.45540831]
[17.03100031],[-1.2634338e-13],1301,-25,[14.45540831]
[17.03100031],[-1.2634338e-13],1301,-25,[14.45540831]
[17.03100031],[-1.2634338e-13],1301,-25,[14.45540831]
[17.03100031],[-1.2634338e-13],1301,-25,[14.45540831]
[17.03100031],[-1.2634338e-13],1301,-25,[14.45540831]
[17.03100031],[-1.2634338e-13],1301,-25,[14.45540831]
[17.03100031],[-1.2634338e-13],1301,-25,[14.45540831]
[17.03100031],[-1.2634338e-13],1301,-25,[14.45540831]
[17.03100031],[-1.2634338e-13],1301,-25,[14.45540831]
[17.03100031],[-1.2634338e-13],1301,-25,[14.45540831]
[17.03100031],[-1.2634338e-13],1301,-25,[14.45540831]
[17.03100031],[-1.2634338e-13],1301,-25,[14.45540831]
[17.03100031],[-1.2634338e-13],1301,-25,[14.45540831]
[17.03100031],[-1.2634338e-13],1301,-25,[14.45540831]
[17.03100031],[-1.2634338e-13],1301,-25,[14.45540831]
[17.03100031],[-1.2634338e-13],1301,-25,[14.45540831]
[17.03100031],[-1.2634338e-13],1301,-25,[14.45540831]
[17.03100031],[-1.2634338e-13],1301,-25,[14.45540831]
[17.03100031],[-1.2634338e-13],1301,-25,[14.45540831]
[17.03100031],[-1.2634338e-13],1301,-25,[14.45540831]
[17.03100031],[-1.2634338e-13],1301,-25,[14.45540831]
[17.03100031],[-1.2634338e-13],1301,-25,[14.45540831]
[17.03100031],[-1.2634338e-13],1301,-25,[14.45540831]
[17.03100031],[-1.2634338e-13],1301,-25,[14.45540831]
[17.03100031],[-1.2634338e-13],1301,-25,[14.45540831]
[17.03100031],[-1.2634338e-13],1301,-25,[14.45540831]
[17.03100031],[-1.2634338e-13],1301,-25,[14.45540831]
[17.03100031],[-1.2634338e-13],1301,-25,[14.45540831]
[17.03100031],[-1.2634338e-13],1301,-25,[14.45540831]
[17.03100031],[-1.2634338e-13],1301,-25,[14.45540831]
[17.03100031],[-1.2634338e-13],1301,-25,[14.45540831]
[17.03100031],[-1.2634338e-13],1301,-25,[14.45540831]
[17.03100031],[-1.2634338e-13],1301,-25,[14.45540831]
[17.03100031],[-1.2634338e-13],1301,-25,[14.45540831]
[17.03100031],[-1.2634338e-13],1301,-25,[14.45540831]
[17.03100031],[-1.2634338e-13],1301,-25,[14.45540831]
[17.03100031],[-1.2634338e-13],1301,-25,[14.45540831]
[17.03100031],[-1.2634338e-13],1301,-25,[14.45540831]
[17.03100031],[-1.2634338e-13],1301,-25,[14.45540831]
[17.03100031],[-1.2634338e-13],1301,-25,[14.45540831]
[17.03100031],[-1.2634338e-13],1301,-25,[14.45540831]
[17.03100031],[-1.2634338e-13],1301,-25,[14.45540831]
[17.03100031],[-1.2634338e-13],1301,-25,[14.45540831]
[17.03100031],[-1.2634338e-13],1301,-25,[14.45540831]
[17.03100031],[-1.2634338e-13],1301,-25,[14.45540831]
[17.03100031],[-1.2634338e-13],1301,-25,[14.45540831]
[17.03100031],[-1.2634338e-13],1301,-25,[14.45540831]
[17.03100031],[-1.2634338e-13],1301,-25,[14.45540831]
[17.03100031],[-1.2634338e-13],1301,-25,[14.45540831]
[17.03100031],[-1.2634338e-13],1301,-25,[14.45540831]
[17.03100031],[-1.2634338e-13],1301,-25,[14.45540831]
[17.03100031],[-1.2634338e-13],1301,-25,[14.45540831]
[17.03100031],[-1.2634338e-13],1301,-25,[14.45540831]
[17.03100031],[-1.2634338e-13],1301,-25,[14.45540831]
[17.03100031],[-1.2634338e-13],1301,-25,[14.45540831]
[17.03100031],[-1.2634338e-13],1301,-25,[14.45540831]
[17.03100031],[-1.2634338e-13],1301,-25,[14.45540831]
[17.03100031],[-1.2634338e-13],1301,-25,[14.45540831]
[17.03100031],[-1.2634338e-13],1301,-25,[14.45540831]
[17.03100031],[-1.2634338e-13],1301,-25,[14.45540831]
[17.03100031],[-1.2634338e-13],1301,-25,[14.45540831]
[17.03100031],[-1.2634338e-13],1301,-25,[14.45540831]
[17.03100031],[-1.2634338e-13],1301,-25,[14.45540831]
[17.03100031],[-1.2634338e-13],1301,-25,[14.45540831]
[17.03100031],[-1.2634338e-13],1301,-25,[14.45540831]
[17.03100031],[-1.2634338e-13],1301,-25,[14.45540831]
[17.03100031],[-1.2634338e-13],1301,-25,[14.45540831]
[17.03100031],[-1.2634338e-13],1301,-25,[14.45540831]
[17.03100031],[-1.2634338e-13],1301,-25,[14.45540831]
[17.03100031],[-1.2634338e-13],1301,-25,[14.45540831]
[17.03100031],[-1.2634338e-13],1301,-25,[14.45540831]
[17.03100031],[-1.2634338e-13],1301,-25,[14.45540831]
[17.03100031],[-1.2634338e-13],1301,-25,[14.45540831]
[17.03100031],[-1.2634338e-13],1301,-25,[14.45540831]
[17.03100031],[-1.2634338e-13],1301,-25,[14.45540831]
[17.03100031],[-1.2634338e-13],1301,-25,[14.45540831]
[17.03100031],[-1.2634338e-13],1301,-25,[14.45540831]
[17.03100031],[-1.2634338e-13],1301,-25,[14.45540831]
[17.03100031],[-1.2634338e-13],1301,-25,[14.45540831]
[17.03100031],[-1.2634338e-13],1301,-25,[14.45540831]
[17.03100031],[-1.2634338e-13],1301,-25,[14.45540831]
[17.03100031],[-1.2634338e-13],1301,-25,[14.45540831]
[17.03100031],[-1.2634338e-13],1301,-25,[14.45540831]
[17.03100031],[-1.2634338e-13],1301,-25,[14.45540831]
[17.03100031],[-1.2634338e-13],1301,-25,[14.45540831]
[17.03100031],[-1.2634338e-13],1301,-25,[14.45540831]
[17.03100031],[-1.2634338e-13],1301,-25,[14.45540831]
[17.03100031],[-1.2634338e-13],1301,-25,[14.45540831]
[17.03100031],[-1.2634338e-13],1301,-25,[14.45540831]
[17.03100031],[-1.2634338e-13],1301,-25,[14.45540831]
[17.03100031],[-1.2634338e-13],1301,-25,[14.45540831]
[17.03100031],[-1.2634338e-13],1301,-25,[14.45540831]
[17.03100031],[-1.2634338e-13],1301,-25,[14.45540831]
[17.03100031],[-1.2634338e-13],1301,-25,[14.45540831]
[17.03100031],[-1.2634338e-13],1301,-25,[14.45540831]
[17.03100031],[-1.2634338e-13],1301,-25,[14.45540831]
[17.03100031],[-1.2634338e-13],1301,-25,[14.45540831]
[17.03100031],[-1.2634338e-13],1301,-25,[14.45540831]
[17.03100031],[-1.2634338e-13],1301,-25,[14.45540831]
[17.03100031],[-1.2634338e-13],1301,-25,[14.45540831]
[17.03100031],[-1.2634338e-13],1301,-25,[14.45540831]
[17.03100031],[-1.2634338e-13],1301,-25,[14.45540831]
[17.03100031],[-1.2634338e-13],1301,-25,[14.45540831]
[17.03100031],[-1.2634338e-13],1301,-25,[14.45540831]
[17.03100031],[-1.2634338e-13],1301,-25,[14.45540831]
[17.03100031],[-1.2634338e-13],1301,-25,[14.45540831]
[17.03100031],[-1.2634338e-13],1301,-25,[14.45540831]
[17.03100031],[-1.2634338e-13],1301,-25,[14.45540831]
[17.03100031],[-1.2634338e-13],1301,-25,[14.45540831]
[17.03100031],[-1.2634338e-13],1301,-25,[14.45540831]
[17.03100031],[-1.2634338e-13],1301,-25,[14.45540831]
[17.03100031],[-1.2634338e-13],1301,-25,[14.45540831]
[17.03100031],[-1.2634338e-13],1301,-25,[14.45540831]
[17.03100031],[-1.2634338e-13],1301,-25,[14.45540831]
[17.03100031],[-1.2634338e-13],1301,-25,[14.45540831]
[17.03100031],[-1.2634338e-13],1301,-25,[14.45540831]
[17.03100031],[-1.2634338e-13],1301,-25,[14.45540831]
[17.03100031],[-1.2634338e-13],1301,-25,[14.45540831]
[17.03100031],[-1.2634338e-13],1301,-25,[14.45540831]
[17.03100031],[-1.2634338e-13],1301,-25,[14.45540831]
[17.03100031],[-1.2634338e-13],1301,-25,[14.45540831]
[17.03100031],[-1.2634338e-13],1301,-25,[14.45540831]
[17.03100031],[-1.2634338e-13],1301,-25,[14.45540831]
[17.03100031],[-1.2634338e-13],1301,-25,[14.45540831]
[17.03100031],[-1.2634338e-13],1301,-25,[14.45540831]
[17.03100031],[-1.2634338e-13],1301,-25,[14.45540831]
[17.03100031],[-1.2634338e-13],1301,-25,[14.45540831]
[17.03100031],[-1.2634338e-13],1301,-25,[14.45540831]
[17.03100031],[-1.2634338e-13],1301,-25,[14.45540831]
[17.03100031],[-1.2634338e-13],1301,-25,[14.45540831]
[17.03100031],[-1.2634338e-13],1301,-25,[14.45540831]
[17.03100031],[-1.2634338e-13],1301,-25,[14.45540831]
[17.03100031],[-1.2634338e-13],1301,-25,[14.45540831]
[17.03100031],[-1.2634338e-13],1301,-25,[14.45540831]
[17.03100031],[-1.2634338e-13],1301,-25,[14.45540831]
[17.03100031],[-1.2634338e-13],1301,-25,[14.45540831]
[17.03100031],[-1.2634338e-13],1301,-25,[14.45540831]
[17.03100031],[-1.2634338e-13],1301,-25,[14.45540831]
[17.03100031],[-1.2634338e-13],1301,-25,[14.45540831]
[17.03100031],[-1.2634338e-13],1301,-25,[14.45540831]
[17.03100031],[-1.2634338e-13],1301,-25,[14.45540831]
[17.03100031],[-1.2634338e-13],1301,-25,[14.45540831]
[17.03100031],[-1.2634338e-13],1301,-25,[14.45540831]
[17.03100031],[-1.2634338e-13],1301,-25,[14.45540831]
[17.03100031],[-1.2634338e-13],1301,-25,[14.45540831]
[17.03100031],[-1.2634338e-13],1301,-25,[14.45540831]
[17.03100031],[-1.2634338e-13],1301,-25,[14.45540831]
[17.03100031],[-1.2634338e-13],1301,-25,[14.45540831]
[17.03100031],[-1.2634338e-13],1301,-25,[14.45540831]
[17.03100031],[-1.2634338e-13],1301,-25,[14.45540831]
[17.03100031],[-1.2634338e-13],1301,-25,[14.45540831]
[17.03100031],[-1.2634338e-13],1301,-25,[14.45540831]
[17.03100031],[-1.2634338e-13],1301,-25,[14.45540831]
[17.03100031],[-1.2634338e-13],1301,-25,[14.45540831]
[17.03100031],[-1.2634338e-13],1301,-25,[14.45540831]
[17.03100031],[-1.2634338e-13],1301,-25,[14.45540831]
[17.03100031],[-1.2634338e-13],1301,-25,[14.45540831]
[17.03100031],[-1.2634338e-13],1301,-25,[14.45540831]
[17.03100031],[-1.2634338e-13],1301,-25,[14.45540831]
[17.03100031],[-1.2634338e-13],1301,-25,[14.45540831]
[17.03100031],[-1.2634338e-13],1301,-25,[14.45540831]
[17.03100031],[-1.2634338e-13],1301,-25,[14.45540831]
[17.03100031],[-1.2634338e-13],1301,-25,[14.45540831]
[17.03100031],[-1.2634338e-13],1301,-25,[14.45540831]
[17.03100031],[-1.2634338e-13],1301,-25,[14.45540831]
[17.03100031],[-1.2634338e-13],1301,-25,[14.45540831]
[17.03100031],[-1.2634338e-13],1301,-25,[14.45540831]
[17.03100031],[-1.2634338e-13],1301,-25,[14.45540831]
[17.03100031],[-1.2634338e-13],1301,-25,[14.45540831]
[17.03100031],[-1.2634338e-13],1301,-25,[14.45540831]
[17.03100031],[-1.2634338e-13],1301,-25,[14.45540831]
[17.03100031],[-1.2634338e-13],1301,-25,[14.45540831]
[17.03100031],[-1.2634338e-13],1301,-25,[14.45540831]
[17.03100031],[-1.2634338e-13],1301,-25,[14.45540831]
[17.03100031],[-1.2634338e-13],1301,-25,[14.45540831]
[17.03100031],[-1.2634338e-13],1301,-25,[14.45540831]
[17.03100031],[-1.2634338e-13],1301,-25,[14.45540831]
[17.03100031],[-1.2634338e-13],1301,-25,[14.45540831]
[17.03100031],[-1.2634338e-13],1301,-25,[14.45540831]
[17.03100031],[-1.2634338e-13],1301,-25,[14.45540831]
[17.03100031],[-1.2634338e-13],1301,-25,[14.45540831]
[17.03100031],[-1.2634338e-13],1301,-25,[14.45540831]
[17.03100031],[-1.2634338e-13],1301,-25,[14.45540831]
[17.03100031],[-1.2634338e-13],1301,-25,[14.45540831]
[17.03100031],[-1.2634338e-13],1301,-25,[14.45540831]
[17.03100031],[-1.2634338e-13],1301,-25,[14.45540831]
[17.03100031],[-1.2634338e-13],1301,-25,[14.45540831]
[17.03100031],[-1.2634338e-13],1301,-25,[14.45540831]
[17.03100031],[-1.2634338e-13],1301,-25,[14.45540831]
[17.03100031],[-1.2634338e-13],1301,-25,[14.45540831]
[17.03100031],[-1.2634338e-13],1301,-25,[14.45540831]
[17.03100031],[-1.2634338e-13],1301,-25,[14.45540831]
[17.03100031],[-1.2634338e-13],1301,-25,[14.45540831]
[17.03100031],[-1.2634338e-13],1301,-25,[14.45540831]
[17.03100031],[-1.2634338e-13],1301,-25,[14.45540831]
[17.03100031],[-1.2634338e-13],1301,-25,[14.45540831]
[17.03100031],[-1.2634338e-13],1301,-25,[14.45540831]
[17.03100031],[-1.2634338e-13],1301,-25,[14.45540831]
[17.03100031],[-1.2634338e-13],1301,-25,[14.45540831]
[17.03100031],[-1.2634338e-13],1301,-25,[14.45540831]
[17.03100031],[-1.2634338e-13],1301,-25,[14.45540831]
[17.03100031],[-1.2634338e-13],1301,-25,[14.45540831]
[17.03100031],[-1.2634338e-13],1301,-25,[14.45540831]
[17.03100031],[-1.2634338e-13],1301,-25,[14.45540831]
[17.03100031],[-1.2634338e-13],1301,-25,[14.45540831]
[17.03100031],[-1.2634338e-13],1301,-25,[14.45540831]
[17.03100031],[-1.2634338e-13],1301,-25,[14.45540831]
[17.03100031],[-1.2634338e-13],1301,-25,[14.45540831]
[17.03100031],[-1.2634338e-13],1301,-25,[14.45540831]
[17.03100031],[-1.2634338e-13],1301,-25,[14.45540831]
[17.03100031],[-1.2634338e-13],1301,-25,[14.45540831]
[17.03100031],[-1.2634338e-13],1301,-25,[14.45540831]
[17.03100031],[-1.2634338e-13],1301,-25,[14.45540831]
[17.03100031],[-1.2634338e-13],1301,-25,[14.45540831]
[17.03100031],[-1.2634338e-13],1301,-25,[14.45540831]
[17.03100031],[-1.2634338e-13],1301,-25,[14.45540831]
[17.03100031],[-1.2634338e-13],1301,-25,[14.45540831]
[17.03100031],[-1.2634338e-13],1301,-25,[14.45540831]
[17.03100031],[-1.2634338e-13],1301,-25,[14.45540831]
[17.03100031],[-1.2634338e-13],1301,-25,[14.45540831]
[17.03100031],[-1.2634338e-13],1301,-25,[14.45540831]
[17.03100031],[-1.2634338e-13],1301,-25,[14.45540831]
[17.03100031],[-1.2634338e-13],1301,-25,[14.45540831]
[17.03100031],[-1.2634338e-13],1301,-25,[14.45540831]
[17.03100031],[-1.2634338e-13],1301,-25,[14.45540831]
[17.03100031],[-1.2634338e-13],1301,-25,[14.45540831]
[17.03100031],[-1.2634338e-13],1301,-25,[14.45540831]
[17.03100031],[-1.2634338e-13],1301,-25,[14.45540831]
[17.03100031],[-1.2634338e-13],1301,-25,[14.45540831]
[17.03100031],[-1.2634338e-13],1301,-25,[14.45540831]
[17.03100031],[-1.2634338e-13],1301,-25,[14.45540831]
[17.03100031],[-1.2634338e-13],1301,-25,[14.45540831]
[17.03100031],[-1.2634338e-13],1301,-25,[14.45540831]
[17.03100031],[-1.2634338e-13],1301,-25,[14.45540831]
[17.03100031],[-1.2634338e-13],1301,-25,[14.45540831]
[17.03100031],[-1.2634338e-13],1301,-25,[14.45540831]
[17.03100031],[-1.2634338e-13],1301,-25,[14.45540831]
[17.03100031],[-1.2634338e-13],1301,-25,[14.45540831]
[17.03100031],[-1.2634338e-13],1301,-25,[14.45540831]
[17.03100031],[-1.2634338e-13],1301,-25,[14.45540831]
[17.03100031],[-1.2634338e-13],1301,-25,[14.45540831]
[17.03100031],[-1.2634338e-13],1301,-25,[14.45540831]
[17.03100031],[-1.2634338e-13],1301,-25,[14.45540831]
[17.03100031],[-1.2634338e-13],1301,-25,[14.45540831]
[17.03100031],[-1.2634338e-13],1301,-25,[14.45540831]
[17.03100031],[-1.2634338e-13],1301,-25,[14.45540831]
[17.03100031],[-1.2634338e-13],1301,-25,[14.45540831]
[17.03100031],[-1.2634338e-13],1301,-25,[14.45540831]
[17.03100031],[-1.2634338e-13],1301,-25,[14.45540831]
[17.03100031],[-1.2634338e-13],1301,-25,[14.45540831]
[17.03100031],[-1.2634338e-13],1301,-25,[14.45540831]
[17.03100031],[-1.2634338e-13],1301,-25,[14.45540831]
[17.03100031],[-1.2634338e-13],1301,-25,[14.45540831]
[17.03100031],[-1.2634338e-13],1301,-25,[14.45540831]
[17.03100031],[-1.2634338e-13],1301,-25,[14.45540831]
[17.03100031],[-1.2634338e-13],1301,-25,[14.45540831]
[17.03100031],[-1.2634338e-13],1301,-25,[14.45540831]
[17.03100031],[-1.2634338e-13],1301,-25,[14.45540831]
[17.03100031],[-1.2634338e-13],1301,-25,[14.45540831]
[17.03100031],[-1.2634338e-13],1301,-25,[14.45540831]
[17.03100031],[-1.2634338e-13],1301,-25,[14.45540831]
[17.03100031],[-1.2634338e-13],1301,-25,[14.45540831]
[17.03100031],[-1.2634338e-13],1301,-25,[14.45540831]
[17.03100031],[-1.2634338e-13],1301,-25,[14.45540831]
[17.03100031],[-1.2634338e-13],1301,-25,[14.45540831]
[17.03100031],[-1.2634338e-13],1301,-25,[14.45540831]
[17.03100031],[-1.2634338e-13],1301,-25,[14.45540831]
[17.03100031],[-1.2634338e-13],1301,-25,[14.45540831]
[17.03100031],[-1.2634338e-13],1301,-25,[14.45540831]
[17.03100031],[-1.2634338e-13],1301,-25,[14.45540831]
[17.03100031],[-1.2634338e-13],1301,-25,[14.45540831]
[17.03100031],[-1.2634338e-13],1301,-25,[14.45540831]
[17.03100031],[-1.2634338e-13],1301,-25,[14.45540831]
[17.03100031],[-1.2634338e-13],1301,-25,[14.45540831]
[17.03100031],[-1.2634338e-13],1301,-25,[14.45540831]
[17.03100031],[-1.2634338e-13],1301,-25,[14.45540831]
[17.03100031],[-1.2634338e-13],1301,-25,[14.45540831]
[17.03100031],[-1.2634338e-13],1301,-25,[14.45540831]
[17.03100031],[-1.2634338e-13],1301,-25,[14.45540831]
[17.03100031],[-1.2634338e-13],1301,-25,[14.45540831]
[17.03100031],[-1.2634338e-13],1301,-25,[14.45540831]
[17.03100031],[-1.2634338e-13],1301,-25,[14.45540831]
[17.03100031],[-1.2634338e-13],1301,-25,[14.45540831]
[17.03100031],[-1.2634338e-13],1301,-25,[14.45540831]
[17.03100031],[-1.2634338e-13],1301,-25,[14.45540831]
[17.03100031],[-1.2634338e-13],1301,-25,[14.45540831]
[17.03100031],[-1.2634338e-13],1301,-25,[14.45540831]
[17.03100031],[-1.2634338e-13],1301,-25,[14.45540831]
[17.03100031],[-1.2634338e-13],1301,-25,[14.45540831]
[17.03100031],[-1.2634338e-13],1301,-25,[14.45540831]
[17.03100031],[-1.2634338e-13],1301,-25,[14.45540831]
[17.03100031],[-1.2634338e-13],1301,-25,[14.45540831]
[17.03100031],[-1.2634338e-13],1301,-25,[14.45540831]
[17.03100031],[-1.2634338e-13],1301,-25,[14.45540831]
[17.03100031],[-1.2634338e-13],1301,-25,[14.45540831]
[17.03100031],[-1.2634338e-13],1301,-25,[14.45540831]
[17.03100031],[-1.2634338e-13],1301,-25,[14.45540831]
[17.03100031],[-1.2634338e-13],1301,-25,[14.45540831]
[17.03100031],[-1.2634338e-13],1301,-25,[14.45540831]
[17.03100031],[-1.2634338e-13],1301,-25,[14.45540831]
[17.03100031],[-1.2634338e-13],1301,-25,[14.45540831]
[17.03100031],[-1.2634338e-13],1301,-25,[14.45540831]
[17.03100031],[-1.2634338e-13],1301,-25,[14.45540831]
[17.03100031],[-1.2634338e-13],1301,-25,[14.45540831]
[17.03100031],[-1.2634338e-13],1301,-25,[14.45540831]
[17.03100031],[-1.2634338e-13],1301,-25,[14.45540831]
[17.03100031],[-1.2634338e-13],1301,-25,[14.45540831]
[17.03100031],[-1.2634338e-13],1301,-25,[14.45540831]
[17.03100031],[-1.2634338e-13],1301,-25,[14.45540831]
[17.03100031],[-1.2634338e-13],1301,-25,[14.45540831]
[17.03100031],[-1.2634338e-13],1301,-25,[14.45540831]
[17.03100031],[-1.2634338e-13],1301,-25,[14.45540831]
[17.03100031],[-1.2634338e-13],1301,-25,[14.45540831]
[17.03100031],[-1.2634338e-13],1301,-25,[14.45540831]
[17.03100031],[-1.2634338e-13],1301,-25,[14.45540831]
[17.03100031],[-1.2634338e-13],1301,-25,[14.45540831]
[17.03100031],[-1.2634338e-13],1301,-25,[14.45540831]
[17.03100031],[-1.2634338e-13],1301,-25,[14.45540831]
[17.03100031],[-1.2634338e-13],1301,-25,[14.45540831]
[17.03100031],[-1.2634338e-13],1301,-25,[14.45540831]
[17.03100031],[-1.2634338e-13],1301,-25,[14.45540831]
[17.03100031],[-1.2634338e-13],1301,-25,[14.45540831]
[17.03100031],[-1.2634338e-13],1301,-25,[14.45540831]
[17.03100031],[-1.2634338e-13],1301,-25,[14.45540831]
[17.03100031],[-1.2634338e-13],1301,-25,[14.45540831]
[17.03100031],[-1.2634338e-13],1301,-25,[14.45540831]
[17.03100031],[-1.2634338e-13],1301,-25,[14.45540831]
[17.03100031],[-1.2634338e-13],1301,-25,[14.45540831]
[17.03100031],[-1.2634338e-13],1301,-25,[14.45540831]
[17.03100031],[-1.2634338e-13],1301,-25,[14.45540831]
[17.03100031],[-1.2634338e-13],1301,-25,[14.45540831]
[17.03100031],[-1.2634338e-13],1301,-25,[14.45540831]
[17.03100031],[-1.2634338e-13],1301,-25,[14.45540831]
[17.03100031],[-1.2634338e-13],1301,-25,[14.45540831]
[17.03100031],[-1.2634338e-13],1301,-25,[14.45540831]
[17.03100031],[-1.2634338e-13],1301,-25,[14.45540831]
[17.03100031],[-1.2634338e-13],1301,-25,[14.45540831]
[17.03100031],[-1.2634338e-13],1301,-25,[14.45540831]
[17.03100031],[-1.2634338e-13],1301,-25,[14.45540831]
[17.03100031],[-1.2634338e-13],1301,-25,[14.45540831]
[17.03100031],[-1.2634338e-13],1301,-25,[14.45540831]
[17.03100031],[-1.2634338e-13],1301,-25,[14.45540831]
[17.03100031],[-1.2634338e-13],1301,-25,[14.45540831]
[17.03100031],[-1.2634338e-13],1301,-25,[14.45540831]
[17.03100031],[-1.2634338e-13],1301,-25,[14.45540831]
[17.03100031],[-1.2634338e-13],1301,-25,[14.45540831]
[17.03100031],[-1.2634338e-13],1301,-25,[14.45540831]
[17.03100031],[-1.2634338e-13],1301,-25,[14.45540831]
[17.03100031],[-1.2634338e-13],1301,-25,[14.45540831]
[17.03100031],[-1.2634338e-13],1301,-25,[14.45540831]
[17.03100031],[-1.2634338e-13],1301,-25,[14.45540831]
[17.03100031],[-1.2634338e-13],1301,-25,[14.45540831]
[17.03100031],[-1.2634338e-13],1301,-25,[14.45540831]
[17.03100031],[-1.2634338e-13],1301,-25,[14.45540831]
[17.03100031],[-1.2634338e-13],1301,-25,[14.45540831]
[17.03100031],[-1.2634338e-13],1301,-25,[14.45540831]
[17.03100031],[-1.2634338e-13],1301,-25,[14.45540831]
[17.03100031],[-1.2634338e-13],1301,-25,[14.45540831]
[17.03100031],[-1.2634338e-13],1301,-25,[14.45540831]
[17.03100031],[-1.2634338e-13],1301,-25,[14.45540831]
[17.03100031],[-1.2634338e-13],1301,-25,[14.45540831]
[17.03100031],[-1.2634338e-13],1301,-25,[14.45540831]
[17.03100031],[-1.2634338e-13],1301,-25,[14.45540831]
[17.03100031],[-1.2634338e-13],1301,-25,[14.45540831]
[17.03100031],[-1.2634338e-13],1301,-25,[14.45540831]
[17.03100031],[-1.2634338e-13],1301,-25,[14.45540831]
[17.03100031],[-1.2634338e-13],1301,-25,[14.45540831]
[17.03100031],[-1.2634338e-13],1301,-25,[14.45540831]
[17.03100031],[-1.2634338e-13],1301,-25,[14.45540831]
[17.03100031],[-1.2634338e-13],1301,-25,[14.45540831]
[17.03100031],[-1.2634338e-13],1301,-25,[14.45540831]
[17.03100031],[-1.2634338e-13],1301,-25,[14.45540831]
[17.03100031],[-1.2634338e-13],1301,-25,[14.45540831]
[17.03100031],[-1.2634338e-13],1301,-25,[14.45540831]
[17.03100031],[-1.2634338e-13],1301,-25,[14.45540831]
[17.03100031],[-1.2634338e-13],1301,-25,[14.45540831]
[17.03100031],[-1.2634338e-13],1301,-25,[14.45540831]
[17.03100031],[-1.2634338e-13],1301,-25,[14.45540831]
[17.03100031],[-1.2634338e-13],1301,-25,[14.45540831]
[17.03100031],[-1.2634338e-13],1301,-25,[14.45540831]
[17.03100031],[-1.2634338e-13],1301,-25,[14.45540831]
[17.03100031],[-1.2634338e-13],1301,-25,[14.45540831]
[17.03100031],[-1.2634338e-13],1301,-25,[14.45540831]
[17.03100031],[-1.2634338e-13],1301,-25,[14.45540831]
[17.03100031],[-1.2634338e-13],1301,-25,[14.45540831]
[17.03100031],[-1.2634338e-13],1301,-25,[14.45540831]
[17.03100031],[-1.2634338e-13],1301,-25,[14.45540831]
[17.03100031],[-1.2634338e-13],1301,-25,[14.45540831]
[17.03100031],[-1.2634338e-13],1301,-25,[14.45540831]
[17.03100031],[-1.2634338e-13],1301,-25,[14.45540831]
[17.03100031],[-1.2634338e-13],1301,-25,[14.45540831]
[17.03100031],[-1.2634338e-13],1301,-25,[14.45540831]
[17.03100031],[-1.2634338e-13],1301,-25,[14.45540831]
[17.03100031],[-1.2634338e-13],1301,-25,[14.45540831]
[17.03100031],[-1.2634338e-13],1301,-25,[14.45540831]
[17.03100031],[-1.2634338e-13],1301,-25,[14.45540831]
[17.03100031],[-1.2634338e-13],1301,-25,[14.45540831]
[17.03100031],[-1.2634338e-13],1301,-25,[14.45540831]
[17.03100031],[-1.2634338e-13],1301,-25,[14.45540831]
[17.03100031],[-1.2634338e-13],1301,-25,[14.45540831]
[17.03100031],[-1.2634338e-13],1301,-25,[14.45540831]
[17.03100031],[-1.2634338e-13],1301,-25,[14.45540831]
[17.03100031],[-1.2634338e-13],1301,-25,[14.45540831]
[17.03100031],[-1.2634338e-13],1301,-25,[14.45540831]
[17.03100031],[-1.2634338e-13],1301,-25,[14.45540831]
[17.03100031],[-1.2634338e-13],1301,-25,[14.45540831]
[17.03100031],[-1.2634338e-13],1301,-25,[14.45540831]
[17.03100031],[-1.2634338e-13],1301,-25,[14.45540831]
[17.03100031],[-1.2634338e-13],1301,-25,[14.45540831]
[17.03100031],[-1.2634338e-13],1301,-25,[14.45540831]
[17.03100031],[-1.2634338e-13],1301,-25,[14.45540831]
[17.03100031],[-1.2634338e-13],1301,-25,[14.45540831]
[17.03100031],[-1.2634338e-13],1301,-25,[14.45540831]
[17.03100031],[-1.2634338e-13],1301,-25,[14.45540831]
[17.03100031],[-1.2634338e-13],1301,-25,[14.45540831]
[17.03100031],[-1.2634338e-13],1301,-25,[14.45540831]
[17.03100031],[-1.2634338e-13],1301,-25,[14.45540831]
[17.03100031],[-1.2634338e-13],1301,-25,[14.45540831]
[17.03100031],[-1.2634338e-13],1301,-25,[14.45540831]
[17.03100031],[-1.2634338e-13],1301,-25,[14.45540831]
[17.03100031],[-1.2634338e-13],1301,-25,[14.45540831]
[17.03100031],[-1.2634338e-13],1301,-25,[14.45540831]
[17.03100031],[-1.2634338e-13],1301,-25,[14.45540831]
[17.03100031],[-1.2634338e-13],1301,-25,[14.45540831]
[17.03100031],[-1.2634338e-13],1301,-25,[14.45540831]
[17.03100031],[-1.2634338e-13],1301,-25,[14.45540831]
[17.03100031],[-1.2634338e-13],1301,-25,[14.45540831]
[17.03100031],[-1.2634338e-13],1301,-25,[14.45540831]
[17.03100031],[-1.2634338e-13],1301,-25,[14.45540831]
[17.03100031],[-1.2634338e-13],1301,-25,[14.45540831]
[17.03100031],[-1.2634338e-13],1301,-25,[14.45540831]
[17.03100031],[-1.2634338e-13],1301,-25,[14.45540831]
[17.03100031],[-1.2634338e-13],1301,-25,[14.45540831]
[17.03100031],[-1.2634338e-13],1301,-25,[14.45540831]
[17.03100031],[-1.2634338e-13],1301,-25,[14.45540831]
[17.03100031],[-1.2634338e-13],1301,-25,[14.45540831]
[17.03100031],[-1.2634338e-13],1301,-25,[14.45540831]
[17.03100031],[-1.2634338e-13],1301,-25,[14.45540831]
[17.03100031],[-1.2634338e-13],1301,-25,[14.45540831]
[17.03100031],[-1.2634338e-13],1301,-25,[14.45540831]
[17.03100031],[-1.2634338e-13],1301,-25,[14.45540831]
[17.03100031],[-1.2634338e-13],1301,-25,[14.45540831]
[17.03100031],[-1.2634338e-13],1301,-25,[14.45540831]
[17.03100031],[-1.2634338e-13],1301,-25,[14.45540831]
[17.03100031],[-1.2634338e-13],1301,-25,[14.45540831]
[17.03100031],[-1.2634338e-13],1301,-25,[14.45540831]
[17.03100031],[-1.2634338e-13],1301,-25,[14.45540831]
[17.03100031],[-1.2634338e-13],1301,-25,[14.45540831]
[17.03100031],[-1.2634338e-13],1301,-25,[14.45540831]
[17.03100031],[-1.2634338e-13],1301,-25,[14.45540831]
[17.03100031],[-1.2634338e-13],1301,-25,[14.45540831]
[17.03100031],[-1.2634338e-13],1301,-25,[14.45540831]
[17.03100031],[-1.2634338e-13],1301,-25,[14.45540831]
[17.03100031],[-1.2634338e-13],1301,-25,[14.45540831]
[17.03100031],[-1.2634338e-13],1301,-25,[14.45540831]
[17.03100031],[-1.2634338e-13],1301,-25,[14.45540831]
[17.03100031],[-1.2634338e-13],1301,-25,[14.45540831]
[17.03100031],[-1.2634338e-13],1301,-25,[14.45540831]
[17.03100031],[-1.2634338e-13],1301,-25,[14.45540831]
[17.03100031],[-1.2634338e-13],1301,-25,[14.45540831]
[17.03100031],[-1.2634338e-13],1301,-25,[14.45540831]
[17.03100031],[-1.2634338e-13],1301,-25,[14.45540831]
[17.03100031],[-1.2634338e-13],1301,-25,[14.45540831]
[17.03100031],[-1.2634338e-13],1301,-25,[14.45540831]
[17.03100031],[-1.2634338e-13],1301,-25,[14.45540831]
[17.03100031],[-1.2634338e-13],1301,-25,[14.45540831]
[17.03100031],[-1.2634338e-13],1301,-25,[14.45540831]
[17.03100031],[-1.2634338e-13],1301,-25,[14.45540831]
[17.03100031],[-1.2634338e-13],1301,-25,[14.45540831]
[17.03100031],[-1.2634338e-13],1301,-25,[14.45540831]
[17.03100031],[-1.2634338e-13],1301,-25,[14.45540831]
[17.03100031],[-1.2634338e-13],1301,-25,[14.45540831]
[17.03100031],[-1.2634338e-13],1301,-25,[14.45540831]
[17.03100031],[-1.2634338e-13],1301,-25,[14.45540831]
[17.03100031],[-1.2634338e-13],1301,-25,[14.45540831]
[17.03100031],[-1.2634338e-13],1301,-25,[14.45540831]
[17.03100031],[-1.2634338e-13],1301,-25,[14.45540831]
[17.03100031],[-1.2634338e-13],1301,-25,[14.45540831]
[17.03100031],[-1.2634338e-13],1301,-25,[14.45540831]
[17.03100031],[-1.2634338e-13],1301,-25,[14.45540831]
[17.03100031],[-1.2634338e-13],1301,-25,[14.45540831]
[17.03100031],[-1.2634338e-13],1301,-25,[14.45540831]
[17.03100031],[-1.2634338e-13],1301,-25,[14.45540831]
[17.03100031],[-1.2634338e-13],1301,-25,[14.45540831]
[17.03100031],[-1.2634338e-13],1301,-25,[14.45540831]
[17.03100031],[-1.2634338e-13],1301,-25,[14.45540831]
[17.03100031],[-1.2634338e-13],1301,-25,[14.45540831]
[17.03100031],[-1.2634338e-13],1301,-25,[14.45540831]
[17.03100031],[-1.2634338e-13],1301,-25,[14.45540831]
[17.03100031],[-1.2634338e-13],1301,-25,[14.45540831]
[17.03100031],[-1.2634338e-13],1301,-25,[14.45540831]
[17.03100031],[-1.2634338e-13],1301,-25,[14.45540831]
[17.03100031],[-1.2634338e-13],1301,-25,[14.45540831]
[17.03100031],[-1.2634338e-13],1301,-25,[14.45540831]
[17.03100031],[-1.2634338e-13],1301,-25,[14.45540831]
[17.03100031],[-1.2634338e-13],1301,-25,[14.45540831]
[17.03100031],[-1.2634338e-13],1301,-25,[14.45540831]
[17.03100031],[-1.2634338e-13],1301,-25,[14.45540831]
[17.03100031],[-1.2634338e-13],1301,-25,[14.45540831]
[17.03100031],[-1.2634338e-13],1301,-25,[14.45540831]
[17.03100031],[-1.2634338e-13],1301,-25,[14.45540831]
[17.03100031],[-1.2634338e-13],1301,-25,[14.45540831]
[17.03100031],[-1.2634338e-13],1301,-25,[14.45540831]
[17.03100031],[-1.2634338e-13],1301,-25,[14.45540831]
[17.03100031],[-1.2634338e-13],1301,-25,[14.45540831]
[17.03100031],[-1.2634338e-13],1301,-25,[14.45540831]
[17.03100031],[-1.2634338e-13],1301,-25,[14.45540831]
[17.03100031],[-1.2634338e-13],1301,-25,[14.45540831]
[17.03100031],[-1.2634338e-13],1301,-25,[14.45540831]
[17.03100031],[-1.2634338e-13],1301,-25,[14.45540831]
[17.03100031],[-1.2634338e-13],1301,-25,[14.45540831]
[17.03100031],[-1.2634338e-13],1301,-25,[14.45540831]
[17.03100031],[-1.2634338e-13],1301,-25,[14.45540831]
[17.03100031],[-1.2634338e-13],1301,-25,[14.45540831]
[17.03100031],[-1.2634338e-13],1301,-25,[14.45540831]
[17.03100031],[-1.2634338e-13],1301,-25,[14.45540831]
[17.03100031],[-1.2634338e-13],1301,-25,[14.45540831]
[17.03100031],[-1.2634338e-13],1301,-25,[14.45540831]
[17.03100031],[-1.2634338e-13],1301,-25,[14.45540831]
[17.03100031],[-1.2634338e-13],1301,-25,[14.45540831]
[17.03100031],[-1.2634338e-13],1301,-25,[14.45540831]
[17.03100031],[-1.2634338e-13],1301,-25,[14.45540831]
[17.03100031],[-1.2634338e-13],1301,-25,[14.45540831]
[17.03100031],[-1.2634338e-13],1301,-25,[14.45540831]
[17.03100031],[-1.2634338e-13],1301,-25,[14.45540831]
[17.03100031],[-1.2634338e-13],1301,-25,[14.45540831]
[17.03100031],[-1.2634338e-13],1301,-25,[14.45540831]
[17.03100031],[-1.2634338e-13],1301,-25,[14.45540831]
[17.03100031],[-1.2634338e-13],1301,-25,[14.45540831]
[17.03100031],[-1.2634338e-13],1301,-25,[14.45540831]
[17.03100031],[-1.2634338e-13],1301,-25,[14.45540831]
[17.03100031],[-1.2634338e-13],1301,-25,[14.45540831]
[17.03100031],[-1.2634338e-13],1301,-25,[14.45540831]
[17.03100031],[-1.2634338e-13],1301,-25,[14.45540831]
[17.03100031],[-1.2634338e-13],1301,-25,[14.45540831]
[17.03100031],[-1.2634338e-13],1301,-25,[14.45540831]
[17.03100031],[-1.2634338e-13],1301,-25,[14.45540831]
[17.03100031],[-1.2634338e-13],1301,-25,[14.45540831]
[17.03100031],[-1.2634338e-13],1301,-25,[14.45540831]
[17.03100031],[-1.2634338e-13],1301,-25,[14.45540831]
[17.03100031],[-1.2634338e-13],1301,-25,[14.45540831]
[17.03100031],[-1.2634338e-13],1301,-25,[14.45540831]
[17.03100031],[-1.2634338e-13],1301,-25,[14.45540831]
[17.03100031],[-1.2634338e-13],1301,-25,[14.45540831]
[17.03100031],[-1.2634338e-13],1301,-25,[14.45540831]
[17.03100031],[-1.2634338e-13],1301,-25,[14.45540831]
[17.03100031],[-1.2634338e-13],1301,-25,[14.45540831]
[17.03100031],[-1.2634338e-13],1301,-25,[14.45540831]
[17.03100031],[-1.2634338e-13],1301,-25,[14.45540831]
[17.03100031],[-1.2634338e-13],1301,-25,[14.45540831]
[17.03100031],[-1.2634338e-13],1301,-25,[14.45540831]
[17.03100031],[-1.2634338e-13],1301,-25,[14.45540831]
[17.03100031],[-1.2634338e-13],1301,-25,[14.45540831]
[17.03100031],[-1.2634338e-13],1301,-25,[14.45540831]
[17.03100031],[-1.2634338e-13],1301,-25,[14.45540831]
[17.03100031],[-1.2634338e-13],1301,-25,[14.45540831]
[17.03100031],[-1.2634338e-13],1301,-25,[14.45540831]
[17.03100031],[-1.2634338e-13],1301,-25,[14.45540831]
[17.03100031],[-1.2634338e-13],1301,-25,[14.45540831]
[17.03100031],[-1.2634338e-13],1301,-25,[14.45540831]
[17.03100031],[-1.2634338e-13],1301,-25,[14.45540831]
[17.03100031],[-1.2634338e-13],1301,-25,[14.45540831]
[17.03100031],[-1.2634338e-13],1301,-25,[14.45540831]
[17.03100031],[-1.2634338e-13],1301,-25,[14.45540831]
[17.03100031],[-1.2634338e-13],1301,-25,[14.45540831]
[17.03100031],[-1.2634338e-13],1301,-25,[14.45540831]
[17.03100031],[-1.2634338e-13],1301,-25,[14.45540831]
[17.03100031],[-1.2634338e-13],1301,-25,[14.45540831]
[17.03100031],[-1.2634338e-13],1301,-25,[14.45540831]
[17.03100031],[-1.2634338e-13],1301,-25,[14.45540831]
[17.03100031],[-1.2634338e-13],1301,-25,[14.45540831]
[17.03100031],[-1.2634338e-13],1301,-25,[14.45540831]
[17.03100031],[-1.2634338e-13],1301,-25,[14.45540831]
[17.03100031],[-1.2634338e-13],1301,-25,[14.45540831]
[17.03100031],[-1.2634338e-13],1301,-25,[14.45540831]
[17.03100031],[-1.2634338e-13],1301,-25,[14.45540831]
[17.03100031],[-1.2634338e-13],1301,-25,[14.45540831]
[17.03100031],[-1.2634338e-13],1301,-25,[14.45540831]
[17.03100031],[-1.2634338e-13],1301,-25,[14.45540831]
[17.03100031],[-1.2634338e-13],1301,-25,[14.45540831]
[17.03100031],[-1.2634338e-13],1301,-25,[14.45540831]
[17.03100031],[-1.2634338e-13],1301,-25,[14.45540831]
[17.03100031],[-1.2634338e-13],1301,-25,[14.45540831]
[17.03100031],[-1.2634338e-13],1301,-25,[14.45540831]
[17.03100031],[-1.2634338e-13],1301,-25,[14.45540831]
[17.03100031],[-1.2634338e-13],1301,-25,[14.45540831]
[17.03100031],[-1.2634338e-13],1301,-25,[14.45540831]
[17.03100031],[-1.2634338e-13],1301,-25,[14.45540831]
[17.03100031],[-1.2634338e-13],1301,-25,[14.45540831]
[17.03100031],[-1.2634338e-13],1301,-25,[14.45540831]
[17.03100031],[-1.2634338e-13],1301,-25,[14.45540831]
[17.03100031],[-1.2634338e-13],1301,-25,[14.45540831]
[17.03100031],[-1.2634338e-13],1301,-25,[14.45540831]
[17.03100031],[-1.2634338e-13],1301,-25,[14.45540831]
[17.03100031],[-1.2634338e-13],1301,-25,[14.45540831]
[17.03100031],[-1.2634338e-13],1301,-25,[14.45540831]
[17.03100031],[-1.2634338e-13],1301,-25,[14.45540831]
[17.03100031],[-1.2634338e-13],1301,-25,[14.45540831]
[17.03100031],[-1.2634338e-13],1301,-25,[14.45540831]
[17.03100031],[-1.2634338e-13],1301,-25,[14.45540831]
[17.03100031],[-1.2634338e-13],1301,-25,[14.45540831]
[17.03100031],[-1.2634338e-13],1301,-25,[14.45540831]
[17.03100031],[-1.2634338e-13],1301,-25,[14.45540831]
[17.03100031],[-1.2634338e-13],1301,-25,[14.45540831]
[17.03100031],[-1.2634338e-13],1301,-25,[14.45540831]
[17.03100031],[-1.2634338e-13],1301,-25,[14.45540831]
[17.03100031],[-1.2634338e-13],1301,-25,[14.45540831]
[17.03100031],[-1.2634338e-13],1301,-25,[14.45540831]
[17.03100031],[-1.2634338e-13],1301,-25,[14.45540831]
[17.03100031],[-1.2634338e-13],1301,-25,[14.45540831]
[17.03100031],[-1.2634338e-13],1301,-25,[14.45540831]
[17.03100031],[-1.2634338e-13],1301,-25,[14.45540831]
[17.03100031],[-1.2634338e-13],1301,-25,[14.45540831]
[17.03100031],[-1.2634338e-13],1301,-25,[14.45540831]
[17.03100031],[-1.2634338e-13],1301,-25,[14.45540831]
[17.03100031],[-1.2634338e-13],1301,-25,[14.45540831]
[17.03100031],[-1.2634338e-13],1301,-25,[14.45540831]
[17.03100031],[-1.2634338e-13],1301,-25,[14.45540831]
[17.03100031],[-1.2634338e-13],1301,-25,[14.45540831]
[17.03100031],[-1.2634338e-13],1301,-25,[14.45540831]
[17.03100031],[-1.2634338e-13],1301,-25,[14.45540831]
[17.03100031],[-1.2634338e-13],1301,-25,[14.45540831]
[17.03100031],[-1.2634338e-13],1301,-25,[14.45540831]
[17.03100031],[-1.2634338e-13],1301,-25,[14.45540831]
[17.03100031],[-1.2634338e-13],1301,-25,[14.45540831]
[17.03100031],[-1.2634338e-13],1301,-25,[14.45540831]
[17.03100031],[-1.2634338e-13],1301,-25,[14.45540831]
[17.03100031],[-1.2634338e-13],1301,-25,[14.45540831]
[17.03100031],[-1.2634338e-13],1301,-25,[14.45540831]
[17.03100031],[-1.2634338e-13],1301,-25,[14.45540831]
[17.03100031],[-1.2634338e-13],1301,-25,[14.45540831]
[17.03100031],[-1.2634338e-13],1301,-25,[14.45540831]
[17.03100031],[-1.2634338e-13],1301,-25,[14.45540831]
[17.03100031],[-1.2634338e-13],1301,-25,[14.45540831]
[17.03100031],[-1.2634338e-13],1301,-25,[14.45540831]
[17.03100031],[-1.2634338e-13],1301,-25,[14.45540831]
[17.03100031],[-1.2634338e-13],1301,-25,[14.45540831]
[17.03100031],[-1.2634338e-13],1301,-25,[14.45540831]
[17.03100031],[-1.2634338e-13],1301,-25,[14.45540831]
[17.03100031],[-1.2634338e-13],1301,-25,[14.45540831]
[17.03100031],[-1.2634338e-13],1301,-25,[14.45540831]
[17.03100031],[-1.2634338e-13],1301,-25,[14.45540831]
[17.03100031],[-1.2634338e-13],1301,-25,[14.45540831]
[17.03100031],[-1.2634338e-13],1301,-25,[14.45540831]
[17.03100031],[-1.2634338e-13],1301,-25,[14.45540831]
[17.03100031],[-1.2634338e-13],1301,-25,[14.45540831]
[17.03100031],[-1.2634338e-13],1301,-25,[14.45540831]
[17.03100031],[-1.2634338e-13],1301,-25,[14.45540831]
[17.03100031],[-1.2634338e-13],1301,-25,[14.45540831]
[17.03100031],[-1.2634338e-13],1301,-25,[14.45540831]
[17.03100031],[-1.2634338e-13],1301,-25,[14.45540831]
[17.03100031],[-1.2634338e-13],1301,-25,[14.45540831]
[17.03100031],[-1.2634338e-13],1301,-25,[14.45540831]
[17.03100031],[-1.2634338e-13],1301,-25,[14.45540831]
[17.03100031],[-1.2634338e-13],1301,-25,[14.45540831]
[17.03100031],[-1.2634338e-13],1301,-25,[14.45540831]
[17.03100031],[-1.2634338e-13],1301,-25,[14.45540831]
[17.03100031],[-1.2634338e-13],1301,-25,[14.45540831]
[17.03100031],[-1.2634338e-13],1301,-25,[14.45540831]
[17.03100031],[-1.2634338e-13],1301,-25,[14.45540831]
[17.03100031],[-1.2634338e-13],1301,-25,[14.45540831]
[17.03100031],[-1.2634338e-13],1301,-25,[14.45540831]
[17.03100031],[-1.2634338e-13],1301,-25,[14.45540831]
[17.03100031],[-1.2634338e-13],1301,-25,[14.45540831]
[17.03100031],[-1.2634338e-13],1301,-25,[14.45540831]
[17.03100031],[-1.2634338e-13],1301,-25,[14.45540831]
[17.03100031],[-1.2634338e-13],1301,-25,[14.45540831]
[17.03100031],[-1.2634338e-13],1301,-25,[14.45540831]
[17.03100031],[-1.2634338e-13],1301,-25,[14.45540831]
[17.03100031],[-1.2634338e-13],1301,-25,[14.45540831]
[17.03100031],[-1.2634338e-13],1301,-25,[14.45540831]
[17.03100031],[-1.2634338e-13],1301,-25,[14.45540831]
[17.03100031],[-1.2634338e-13],1301,-25,[14.45540831]
[17.03100031],[-1.2634338e-13],1301,-25,[14.45540831]
[17.03100031],[-1.2634338e-13],1301,-25,[14.45540831]
[17.03100031],[-1.2634338e-13],1301,-25,[14.45540831]
[17.03100031],[-1.2634338e-13],1301,-25,[14.45540831]
[17.03100031],[-1.2634338e-13],1301,-25,[14.45540831]
[17.03100031],[-1.2634338e-13],1301,-25,[14.45540831]
[17.03100031],[-1.2634338e-13],1301,-25,[14.45540831]
[17.03100031],[-1.2634338e-13],1301,-25,[14.45540831]
[17.03100031],[-1.2634338e-13],1301,-25,[14.45540831]
[17.03100031],[-1.2634338e-13],1301,-25,[14.45540831]
[17.03100031],[-1.2634338e-13],1301,-25,[14.45540831]
[17.03100031],[-1.2634338e-13],1301,-25,[14.45540831]
[17.03100031],[-1.2634338e-13],1301,-25,[14.45540831]
[17.03100031],[-1.2634338e-13],1301,-25,[14.45540831]
[17.03100031],[-1.2634338e-13],1301,-25,[14.45540831]
[17.03100031],[-1.2634338e-13],1301,-25,[14.45540831]
[17.03100031],[-1.2634338e-13],1301,-25,[14.45540831]
[17.03100031],[-1.2634338e-13],1301,-25,[14.45540831]
[17.03100031],[-1.2634338e-13],1301,-25,[14.45540831]
[17.03100031],[-1.2634338e-13],1301,-25,[14.45540831]
[17.03100031],[-1.2634338e-13],1301,-25,[14.45540831]
[17.03100031],[-1.2634338e-13],1301,-25,[14.45540831]
[17.03100031],[-1.2634338e-13],1301,-25,[14.45540831]
[17.03100031],[-1.2634338e-13],1301,-25,[14.45540831]
[17.03100031],[-1.2634338e-13],1301,-25,[14.45540831]
[17.03100031],[-1.2634338e-13],1301,-25,[14.45540831]
[17.03100031],[-1.2634338e-13],1301,-25,[14.45540831]
[17.03100031],[-1.2634338e-13],1301,-25,[14.45540831]
[17.03100031],[-1.2634338e-13],1301,-25,[14.45540831]
[17.03100031],[-1.2634338e-13],1301,-25,[14.45540831]
[17.03100031],[-1.2634338e-13],1301,-25,[14.45540831]
[17.03100031],[-1.2634338e-13],1301,-25,[14.45540831]
[17.03100031],[-1.2634338e-13],1301,-25,[14.45540831]
[17.03100031],[-1.2634338e-13],1301,-25,[14.45540831]
[17.03100031],[-1.2634338e-13],1301,-25,[14.45540831]
[17.03100031],[-1.2634338e-13],1301,-25,[14.45540831]
[17.03100031],[-1.2634338e-13],1301,-25,[14.45540831]
[17.03100031],[-1.2634338e-13],1301,-25,[14.45540831]
[17.03100031],[-1.2634338e-13],1301,-25,[14.45540831]
[17.03100031],[-1.2634338e-13],1301,-25,[14.45540831]
[17.03100031],[-1.2634338e-13],1301,-25,[14.45540831]
[17.03100031],[-1.2634338e-13],1301,-25,[14.45540831]
[17.03100031],[-1.2634338e-13],1301,-25,[14.45540831]
[17.03100031],[-1.2634338e-13],1301,-25,[14.45540831]
[17.03100031],[-1.2634338e-13],1301,-25,[14.45540831]
[17.03100031],[-1.2634338e-13],1301,-25,[14.45540831]
[17.03100031],[-1.2634338e-13],1301,-25,[14.45540831]
[17.03100031],[-1.2634338e-13],1301,-25,[14.45540831]
[17.03100031],[-1.2634338e-13],1301,-25,[14.45540831]
[17.03100031],[-1.2634338e-13],1301,-25,[14.45540831]
[17.03100031],[-1.2634338e-13],1301,-25,[14.45540831]
[17.03100031],[-1.2634338e-13],1301,-25,[14.45540831]
[17.03100031],[-1.2634338e-13],1301,-25,[14.45540831]
[17.03100031],[-1.2634338e-13],1301,-25,[14.45540831]
[17.03100031],[-1.2634338e-13],1301,-25,[14.45540831]
[17.03100031],[-1.2634338e-13],1301,-25,[14.45540831]
[17.03100031],[-1.2634338e-13],1301,-25,[14.45540831]
[17.03100031],[-1.2634338e-13],1301,-25,[14.45540831]
[17.03100031],[-1.2634338e-13],1301,-25,[14.45540831]
[17.03100031],[-1.2634338e-13],1301,-25,[14.45540831]
[17.03100031],[-1.2634338e-13],1301,-25,[14.45540831]
[17.03100031],[-1.2634338e-13],1301,-25,[14.45540831]
[17.03100031],[-1.2634338e-13],1301,-25,[14.45540831]
[17.03100031],[-1.2634338e-13],1301,-25,[14.45540831]
[17.03100031],[-1.2634338e-13],1301,-25,[14.45540831]
[17.03100031],[-1.2634338e-13],1301,-25,[14.45540831]
[17.03100031],[-1.2634338e-13],1301,-25,[14.45540831]
[17.03100031],[-1.2634338e-13],1301,-25,[14.45540831]
[17.03100031],[-1.2634338e-13],1301,-25,[14.45540831]
[17.03100031],[-1.2634338e-13],1301,-25,[14.45540831]
[17.03100031],[-1.2634338e-13],1301,-25,[14.45540831]
[17.03100031],[-1.2634338e-13],1301,-25,[14.45540831]
[17.03100031],[-1.2634338e-13],1301,-25,[14.45540831]
[17.03100031],[-1.2634338e-13],1301,-25,[14.45540831]
[17.03100031],[-1.2634338e-13],1301,-25,[14.45540831]
[17.03100031],[-1.2634338e-13],1301,-25,[14.45540831]
[17.03100031],[-1.2634338e-13],1301,-25,[14.45540831]
[17.03100031],[-1.2634338e-13],1301,-25,[14.45540831]
[17.03100031],[-1.2634338e-13],1301,-25,[14.45540831]
[17.03100031],[-1.2634338e-13],1301,-25,[14.45540831]
[17.03100031],[-1.2634338e-13],1301,-25,[14.45540831]
[17.03100031],[-1.2634338e-13],1301,-25,[14.45540831]
[17.03100031],[-1.2634338e-13],1301,-25,[14.45540831]
[17.03100031],[-1.2634338e-13],1301,-25,[14.45540831]
[17.03100031],[-1.2634338e-13],1301,-25,[14.45540831]
[17.03100031],[-1.2634338e-13],1301,-25,[14.45540831]
[17.03100031],[-1.2634338e-13],1301,-25,[14.45540831]
[17.03100031],[-1.2634338e-13],1301,-25,[14.45540831]
[17.03100031],[-1.2634338e-13],1301,-25,[14.45540831]
[17.03100031],[-1.2634338e-13],1301,-25,[14.45540831]
[17.03100031],[-1.2634338e-13],1301,-25,[14.45540831]
[17.03100031],[-1.2634338e-13],1301,-25,[14.45540831]
[17.03100031],[-1.2634338e-13],1301,-25,[14.45540831]
[17.03100031],[-1.2634338e-13],1301,-25,[14.45540831]
[17.03100031],[-1.2634338e-13],1301,-25,[14.45540831]
[17.03100031],[-1.2634338e-13],1301,-25,[14.45540831]
[17.03100031],[-1.2634338e-13],1301,-25,[14.45540831]
[17.03100031],[-1.2634338e-13],1301,-25,[14.45540831]
[17.03100031],[-1.2634338e-13],1301,-25,[14.45540831]
[17.03100031],[-1.2634338e-13],1301,-25,[14.45540831]
[17.03100031],[-1.2634338e-13],1301,-25,[14.45540831]
[17.03100031],[-1.2634338e-13],1301,-25,[14.45540831]
[17.03100031],[-1.2634338e-13],1301,-25,[14.45540831]
[17.03100031],[-1.2634338e-13],1301,-25,[14.45540831]
[17.03100031],[-1.2634338e-13],1301,-25,[14.45540831]
[17.03100031],[-1.2634338e-13],1301,-25,[14.45540831]
[17.03100031],[-1.2634338e-13],1301,-25,[14.45540831]
[17.03100031],[-1.2634338e-13],1301,-25,[14.45540831]
[17.03100031],[-1.2634338e-13],1301,-25,[14.45540831]
[17.03100031],[-1.2634338e-13],1301,-25,[14.45540831]
[17.03100031],[-1.2634338e-13],1301,-25,[14.45540831]
[17.03100031],[-1.2634338e-13],1301,-25,[14.45540831]
[17.03100031],[-1.2634338e-13],1301,-25,[14.45540831]
[17.03100031],[-1.2634338e-13],1301,-25,[14.45540831]
[17.03100031],[-1.2634338e-13],1301,-25,[14.45540831]
[17.03100031],[-1.2634338e-13],1301,-25,[14.45540831]
[17.03100031],[-1.2634338e-13],1301,-25,[14.45540831]
[17.03100031],[-1.2634338e-13],1301,-25,[14.45540831]
[17.03100031],[-1.2634338e-13],1301,-25,[14.45540831]
[17.03100031],[-1.2634338e-13],1301,-25,[14.45540831]
[17.03100031],[-1.2634338e-13],1301,-25,[14.45540831]
[17.03100031],[-1.2634338e-13],1301,-25,[14.45540831]
[17.03100031],[-1.2634338e-13],1301,-25,[14.45540831]
[17.03100031],[-1.2634338e-13],1301,-25,[14.45540831]
[17.03100031],[-1.2634338e-13],1301,-25,[14.45540831]
[17.03100031],[-1.2634338e-13],1301,-25,[14.45540831]
[17.03100031],[-1.2634338e-13],1301,-25,[14.45540831]
[17.03100031],[-1.2634338e-13],1301,-25,[14.45540831]
[17.03100031],[-1.2634338e-13],1301,-25,[14.45540831]
[17.03100031],[-1.2634338e-13],1301,-25,[14.45540831]
[17.03100031],[-1.2634338e-13],1301,-25,[14.45540831]
[17.03100031],[-1.2634338e-13],1301,-25,[14.45540831]
[17.03100031],[-1.2634338e-13],1301,-25,[14.45540831]
[17.03100031],[-1.2634338e-13],1301,-25,[14.45540831]
[17.03100031],[-1.2634338e-13],1301,-25,[14.45540831]
[17.03100031],[-1.2634338e-13],1301,-25,[14.45540831]
[17.03100031],[-1.2634338e-13],1301,-25,[14.45540831]
[17.03100031],[-1.2634338e-13],1301,-25,[14.45540831]
[17.03100031],[-1.2634338e-13],1301,-25,[14.45540831]
[17.03100031],[-1.2634338e-13],1301,-25,[14.45540831]
[17.03100031],[-1.2634338e-13],1301,-25,[14.45540831]
[17.03100031],[-1.2634338e-13],1301,-25,[14.45540831]
[17.03100031],[-1.2634338e-13],1301,-25,[14.45540831]
[17.03100031],[-1.2634338e-13],1301,-25,[14.45540831]
[17.03100031],[-1.2634338e-13],1301,-25,[14.45540831]
[17.03100031],[-1.2634338e-13],1301,-25,[14.45540831]
[17.03100031],[-1.2634338e-13],1301,-25,[14.45540831]
[17.03100031],[-1.2634338e-13],1301,-25,[14.45540831]
[17.03100031],[-1.2634338e-13],1301,-25,[14.45540831]
[17.03100031],[-1.2634338e-13],1301,-25,[14.45540831]
[17.03100031],[-1.2634338e-13],1301,-25,[14.45540831]
[17.03100031],[-1.2634338e-13],1301,-25,[14.45540831]
[17.03100031],[-1.2634338e-13],1301,-25,[14.45540831]
[17.03100031],[-1.2634338e-13],1301,-25,[14.45540831]
[17.03100031],[-1.2634338e-13],1301,-25,[14.45540831]
[17.03100031],[-1.2634338e-13],1301,-25,[14.45540831]
[17.03100031],[-1.2634338e-13],1301,-25,[14.45540831]
[17.03100031],[-1.2634338e-13],1301,-25,[14.45540831]
[17.03100031],[-1.2634338e-13],1301,-25,[14.45540831]
[17.03100031],[-1.2634338e-13],1301,-25,[14.45540831]
[17.03100031],[-1.2634338e-13],1301,-25,[14.45540831]
[17.03100031],[-1.2634338e-13],1301,-25,[14.45540831]
[17.03100031],[-1.2634338e-13],1301,-25,[14.45540831]
[17.03100031],[-1.2634338e-13],1301,-25,[14.45540831]
[17.03100031],[-1.2634338e-13],1301,-25,[14.45540831]
[17.03100031],[-1.2634338e-13],1301,-25,[14.45540831]
[17.03100031],[-1.2634338e-13],1301,-25,[14.45540831]
[17.03100031],[-1.2634338e-13],1301,-25,[14.45540831]
[17.03100031],[-1.2634338e-13],1301,-25,[14.45540831]
[17.03100031],[-1.2634338e-13],1301,-25,[14.45540831]
[17.03100031],[-1.2634338e-13],1301,-25,[14.45540831]
[17.03100031],[-1.2634338e-13],1301,-25,[14.45540831]
[17.03100031],[-1.2634338e-13],1301,-25,[14.45540831]
[17.03100031],[-1.2634338e-13],1301,-25,[14.45540831]
[17.03100031],[-1.2634338e-13],1301,-25,[14.45540831]
[17.03100031],[-1.2634338e-13],1301,-25,[14.45540831]
[17.03100031],[-1.2634338e-13],1301,-25,[14.45540831]
[17.03100031],[-1.2634338e-13],1301,-25,[14.45540831]
[17.03100031],[-1.2634338e-13],1301,-25,[14.45540831]
[17.03100031],[-1.2634338e-13],1301,-25,[14.45540831]
[17.03100031],[-1.2634338e-13],1301,-25,[14.45540831]
[17.03100031],[-1.2634338e-13],1301,-25,[14.45540831]
[17.03100031],[-1.2634338e-13],1301,-25,[14.45540831]
[17.03100031],[-1.2634338e-13],1301,-25,[14.45540831]
[17.03100031],[-1.2634338e-13],1301,-25,[14.45540831]
[17.03100031],[-1.2634338e-13],1301,-25,[14.45540831]
[17.03100031],[-1.2634338e-13],1301,-25,[14.45540831]
[17.03100031],[-1.2634338e-13],1301,-25,[14.45540831]
[17.03100031],[-1.2634338e-13],1301,-25,[14.45540831]
[17.03100031],[-1.2634338e-13],1301,-25,[14.45540831]
[17.03100031],[-1.2634338e-13],1301,-25,[14.45540831]
[17.03100031],[-1.2634338e-13],1301,-25,[14.45540831]
[17.03100031],[-1.2634338e-13],1301,-25,[14.45540831]
[17.03100031],[-1.2634338e-13],1301,-25,[14.45540831]
[17.03100031],[-1.2634338e-13],1301,-25,[14.45540831]
[17.03100031],[-1.2634338e-13],1301,-25,[14.45540831]
[17.03100031],[-1.2634338e-13],1301,-25,[14.45540831]
[17.03100031],[-1.2634338e-13],1301,-25,[14.45540831]
[17.03100031],[-1.2634338e-13],1301,-25,[14.45540831]
[17.03100031],[-1.2634338e-13],1301,-25,[14.45540831]
[17.03100031],[-1.2634338e-13],1301,-25,[14.45540831]
[17.03100031],[-1.2634338e-13],1301,-25,[14.45540831]
[17.03100031],[-1.2634338e-13],1301,-25,[14.45540831]
[17.03100031],[-1.2634338e-13],1301,-25,[14.45540831]
[17.03100031],[-1.2634338e-13],1301,-25,[14.45540831]
[17.03100031],[-1.2634338e-13],1301,-25,[14.45540831]
[17.03100031],[-1.2634338e-13],1301,-25,[14.45540831]
[17.03100031],[-1.2634338e-13],1301,-25,[14.45540831]
[17.03100031],[-1.2634338e-13],1301,-25,[14.45540831]
[17.03100031],[-1.2634338e-13],1301,-25,[14.45540831]
[17.03100031],[-1.2634338e-13],1301,-25,[14.45540831]
[17.03100031],[-1.2634338e-13],1301,-25,[14.45540831]
[17.03100031],[-1.2634338e-13],1301,-25,[14.45540831]
[17.03100031],[-1.2634338e-13],1301,-25,[14.45540831]
[17.03100031],[-1.2634338e-13],1301,-25,[14.45540831]
[17.03100031],[-1.2634338e-13],1301,-25,[14.45540831]
[17.03100031],[-1.2634338e-13],1301,-25,[14.45540831]
[17.03100031],[-1.2634338e-13],1301,-25,[14.45540831]
[17.03100031],[-1.2634338e-13],1301,-25,[14.45540831]
[17.03100031],[-1.2634338e-13],1301,-25,[14.45540831]
[17.03100031],[-1.2634338e-13],1301,-25,[14.45540831]
[17.03100031],[-1.2634338e-13],1301,-25,[14.45540831]
[17.03100031],[-1.2634338e-13],1301,-25,[14.45540831]
[17.03100031],[-1.2634338e-13],1301,-25,[14.45540831]
[17.03100031],[-1.2634338e-13],1301,-25,[14.45540831]
[17.03100031],[-1.2634338e-13],1301,-25,[14.45540831]
[17.03100031],[-1.2634338e-13],1301,-25,[14.45540831]
[17.03100031],[-1.2634338e-13],1301,-25,[14.45540831]
[17.03100031],[-1.2634338e-13],1301,-25,[14.45540831]
[17.03100031],[-1.2634338e-13],1301,-25,[14.45540831]
[17.03100031],[-1.2634338e-13],1301,-25,[14.45540831]
[17.03100031],[-1.2634338e-13],1301,-25,[14.45540831]
[17.03100031],[-1.2634338e-13],1301,-25,[14.45540831]
[17.03100031],[-1.2634338e-13],1301,-25,[14.45540831]
[17.03100031],[-1.2634338e-13],1301,-25,[14.45540831]
[17.03100031],[-1.2634338e-13],1301,-25,[14.45540831]
[17.03100031],[-1.2634338e-13],1301,-25,[14.45540831]
[17.03100031],[-1.2634338e-13],1301,-25,[14.45540831]
[17.03100031],[-1.2634338e-13],1301,-25,[14.45540831]
[17.03100031],[-1.2634338e-13],1301,-25,[14.45540831]
[17.03100031],[-1.2634338e-13],1301,-25,[14.45540831]
[17.03100031],[-1.2634338e-13],1301,-25,[14.45540831]
[17.03100031],[-1.2634338e-13],1301,-25,[14.45540831]
[17.03100031],[-1.2634338e-13],1301,-25,[14.45540831]
[17.03100031],[-1.2634338e-13],1301,-25,[14.45540831]
[17.03100031],[-1.2634338e-13],1301,-25,[14.45540831]
[17.03100031],[-1.2634338e-13],1301,-25,[14.45540831]
[17.03100031],[-1.2634338e-13],1301,-25,[14.45540831]
[17.03100031],[-1.2634338e-13],1301,-25,[14.45540831]
[17.03100031],[-1.2634338e-13],1301,-25,[14.45540831]
[17.03100031],[-1.2634338e-13],1301,-25,[14.45540831]
[17.03100031],[-1.2634338e-13],1301,-25,[14.45540831]
[17.03100031],[-1.2634338e-13],1301,-25,[14.45540831]
[17.03100031],[-1.2634338e-13],1301,-25,[14.45540831]
[17.03100031],[-1.2634338e-13],1301,-25,[14.45540831]
[17.03100031],[-1.2634338e-13],1301,-25,[14.45540831]
[17.03100031],[-1.2634338e-13],1301,-25,[14.45540831]
[17.03100031],[-1.2634338e-13],1301,-25,[14.45540831]
[17.03100031],[-1.2634338e-13],1301,-25,[14.45540831]
[17.03100031],[-1.2634338e-13],1301,-25,[14.45540831]
[17.03100031],[-1.2634338e-13],1301,-25,[14.45540831]
[17.03100031],[-1.2634338e-13],1301,-25,[14.45540831]
[17.03100031],[-1.2634338e-13],1301,-25,[14.45540831]
[17.03100031],[-1.2634338e-13],1301,-25,[14.45540831]
[17.03100031],[-1.2634338e-13],1301,-25,[14.45540831]
[17.03100031],[-1.2634338e-13],1301,-25,[14.45540831]
[17.03100031],[-1.2634338e-13],1301,-25,[14.45540831]
[17.03100031],[-1.2634338e-13],1301,-25,[14.45540831]
[17.03100031],[-1.2634338e-13],1301,-25,[14.45540831]
[17.03100031],[-1.2634338e-13],1301,-25,[14.45540831]
[17.03100031],[-1.2634338e-13],1301,-25,[14.45540831]
[17.03100031],[-1.2634338e-13],1301,-25,[14.45540831]
[17.03100031],[-1.2634338e-13],1301,-25,[14.45540831]
[17.03100031],[-1.2634338e-13],1301,-25,[14.45540831]
[17.03100031],[-1.2634338e-13],1301,-25,[14.45540831]
[17.03100031],[-1.2634338e-13],1301,-25,[14.45540831]
[17.03100031],[-1.2634338e-13],1301,-25,[14.45540831]
[17.03100031],[-1.2634338e-13],1301,-25,[14.45540831]
[17.03100031],[-1.2634338e-13],1301,-25,[14.45540831]
[17.03100031],[-1.2634338e-13],1301,-25,[14.45540831]
[17.03100031],[-1.2634338e-13],1301,-25,[14.45540831]
[17.03100031],[-1.2634338e-13],1301,-25,[14.45540831]
[17.03100031],[-1.2634338e-13],1301,-25,[14.45540831]
[17.03100031],[-1.2634338e-13],1301,-25,[14.45540831]
[17.03100031],[-1.2634338e-13],1301,-25,[14.45540831]
[17.03100031],[-1.2634338e-13],1301,-25,[14.45540831]
[17.03100031],[-1.2634338e-13],1301,-25,[14.45540831]
[17.03100031],[-1.2634338e-13],1301,-25,[14.45540831]
[17.03100031],[-1.2634338e-13],1301,-25,[14.45540831]
[17.03100031],[-1.2634338e-13],1301,-25,[14.45540831]
[17.03100031],[-1.2634338e-13],1301,-25,[14.45540831]
[17.03100031],[-1.2634338e-13],1301,-25,[14.45540831]
[17.03100031],[-1.2634338e-13],1301,-25,[14.45540831]
[17.03100031],[-1.2634338e-13],1301,-25,[14.45540831]
[17.03100031],[-1.2634338e-13],1301,-25,[14.45540831]
[17.03100031],[-1.2634338e-13],1301,-25,[14.45540831]
[17.03100031],[-1.2634338e-13],1301,-25,[14.45540831]
[17.03100031],[-1.2634338e-13],1301,-25,[14.45540831]
[17.03100031],[-1.2634338e-13],1301,-25,[14.45540831]
[17.03100031],[-1.2634338e-13],1301,-25,[14.45540831]
[17.03100031],[-1.2634338e-13],1301,-25,[14.45540831]
[17.03100031],[-1.2634338e-13],1301,-25,[14.45540831]
[17.03100031],[-1.2634338e-13],1301,-25,[14.45540831]
[17.03100031],[-1.2634338e-13],1301,-25,[14.45540831]
[17.03100031],[-1.2634338e-13],1301,-25,[14.45540831]
[17.03100031],[-1.2634338e-13],1301,-25,[14.45540831]
[17.03100031],[-1.2634338e-13],1301,-25,[14.45540831]
[17.03100031],[-1.2634338e-13],1301,-25,[14.45540831]
[17.03100031],[-1.2634338e-13],1301,-25,[14.45540831]
[17.03100031],[-1.2634338e-13],1301,-25,[14.45540831]
[17.03100031],[-1.2634338e-13],1301,-25,[14.45540831]
[17.03100031],[-1.2634338e-13],1301,-25,[14.45540831]
[17.03100031],[-1.2634338e-13],1301,-25,[14.45540831]
[17.03100031],[-1.2634338e-13],1301,-25,[14.45540831]
[17.03100031],[-1.2634338e-13],1301,-25,[14.45540831]
[17.03100031],[-1.2634338e-13],1301,-25,[14.45540831]
[17.03100031],[-1.2634338e-13],1301,-25,[14.45540831]
[17.03100031],[-1.2634338e-13],1301,-25,[14.45540831]
[17.03100031],[-1.2634338e-13],1301,-25,[14.45540831]
[17.03100031],[-1.2634338e-13],1301,-25,[14.45540831]
[17.03100031],[-1.2634338e-13],1301,-25,[14.45540831]
[17.03100031],[-1.2634338e-13],1301,-25,[14.45540831]
[17.03100031],[-1.2634338e-13],1301,-25,[14.45540831]
[17.03100031],[-1.2634338e-13],1301,-25,[14.45540831]
[17.03100031],[-1.2634338e-13],1301,-25,[14.45540831]
[17.03100031],[-1.2634338e-13],1301,-25,[14.45540831]
[17.03100031],[-1.2634338e-13],1301,-25,[14.45540831]
[17.03100031],[-1.2634338e-13],1301,-25,[14.45540831]
[17.03100031],[-1.2634338e-13],1301,-25,[14.45540831]
[17.03100031],[-1.2634338e-13],1301,-25,[14.45540831]
[17.03100031],[-1.2634338e-13],1301,-25,[14.45540831]
[17.03100031],[-1.2634338e-13],1301,-25,[14.45540831]
[17.03100031],[-1.2634338e-13],1301,-25,[14.45540831]
[17.03100031],[-1.2634338e-13],1301,-25,[14.45540831]
[17.03100031],[-1.2634338e-13],1301,-25,[14.45540831]
[17.03100031],[-1.2634338e-13],1301,-25,[14.45540831]
[17.03100031],[-1.2634338e-13],1301,-25,[14.45540831]
[17.03100031],[-1.2634338e-13],1301,-25,[14.45540831]
[17.03100031],[-1.2634338e-13],1301,-25,[14.45540831]
[17.03100031],[-1.2634338e-13],1301,-25,[14.45540831]
[17.03100031],[-1.2634338e-13],1301,-25,[14.45540831]
[17.03100031],[-1.2634338e-13],1301,-25,[14.45540831]
[17.03100031],[-1.2634338e-13],1301,-25,[14.45540831]
[17.03100031],[-1.2634338e-13],1301,-25,[14.45540831]
[17.03100031],[-1.2634338e-13],1301,-25,[14.45540831]
[17.03100031],[-1.2634338e-13],1301,-25,[14.45540831]
[17.03100031],[-1.2634338e-13],1301,-25,[14.45540831]
[17.03100031],[-1.2634338e-13],1301,-25,[14.45540831]
[17.03100031],[-1.2634338e-13],1301,-25,[14.45540831]
[17.03100031],[-1.2634338e-13],1301,-25,[14.45540831]
[17.03100031],[-1.2634338e-13],1301,-25,[14.45540831]
[17.03100031],[-1.2634338e-13],1301,-25,[14.45540831]
[17.03100031],[-1.2634338e-13],1301,-25,[14.45540831]
[17.03100031],[-1.2634338e-13],1301,-25,[14.45540831]
[17.03100031],[-1.2634338e-13],1301,-25,[14.45540831]
[17.03100031],[-1.2634338e-13],1301,-25,[14.45540831]
[17.03100031],[-1.2634338e-13],1301,-25,[14.45540831]
[17.03100031],[-1.2634338e-13],1301,-25,[14.45540831]
[17.03100031],[-1.2634338e-13],1301,-25,[14.45540831]
[17.03100031],[-1.2634338e-13],1301,-25,[14.45540831]
[17.03100031],[-1.2634338e-13],1301,-25,[14.45540831]
[17.03100031],[-1.2634338e-13],1301,-25,[14.45540831]
[17.03100031],[-1.2634338e-13],1301,-25,[14.45540831]
[17.03100031],[-1.2634338e-13],1301,-25,[14.45540831]
[17.03100031],[-1.2634338e-13],1301,-25,[14.45540831]
[17.03100031],[-1.2634338e-13],1301,-25,[14.45540831]
[17.03100031],[-1.2634338e-13],1301,-25,[14.45540831]
[17.03100031],[-1.2634338e-13],1301,-25,[14.45540831]
[17.03100031],[-1.2634338e-13],1301,-25,[14.45540831]
[17.03100031],[-1.2634338e-13],1301,-25,[14.45540831]
[17.03100031],[-1.2634338e-13],1301,-25,[14.45540831]
[17.03100031],[-1.2634338e-13],1301,-25,[14.45540831]
[17.03100031],[-1.2634338e-13],1301,-25,[14.45540831]
[17.03100031],[-1.2634338e-13],1301,-25,[14.45540831]
[17.03100031],[-1.2634338e-13],1301,-25,[14.45540831]
[17.03100031],[-1.2634338e-13],1301,-25,[14.45540831]
[17.03100031],[-1.2634338e-13],1301,-25,[14.45540831]
[17.03100031],[-1.2634338e-13],1301,-25,[14.45540831]
[17.03100031],[-1.2634338e-13],1301,-25,[14.45540831]
[17.03100031],[-1.2634338e-13],1301,-25,[14.45540831]
[17.03100031],[-1.2634338e-13],1301,-25,[14.45540831]
[17.03100031],[-1.2634338e-13],1301,-25,[14.45540831]
[17.03100031],[-1.2634338e-13],1301,-25,[14.45540831]
[17.03100031],[-1.2634338e-13],1301,-25,[14.45540831]
[17.03100031],[-1.2634338e-13],1301,-25,[14.45540831]
[17.03100031],[-1.2634338e-13],1301,-25,[14.45540831]
[17.03100031],[-1.2634338e-13],1301,-25,[14.45540831]
[17.03100031],[-1.2634338e-13],1301,-25,[14.45540831]
[17.03100031],[-1.2634338e-13],1301,-25,[14.45540831]
[17.03100031],[-1.2634338e-13],1301,-25,[14.45540831]
[17.03100031],[-1.2634338e-13],1301,-25,[14.45540831]
[17.03100031],[-1.2634338e-13],1301,-25,[14.45540831]
[17.03100031],[-1.2634338e-13],1301,-25,[14.45540831]
[17.03100031],[-1.2634338e-13],1301,-25,[14.45540831]
[17.03100031],[-1.2634338e-13],1301,-25,[14.45540831]
[17.03100031],[-1.2634338e-13],1301,-25,[14.45540831]
[17.03100031],[-1.2634338e-13],1301,-25,[14.45540831]
[17.03100031],[-1.2634338e-13],1301,-25,[14.45540831]
[17.03100031],[-1.2634338e-13],1301,-25,[14.45540831]
[17.03100031],[-1.2634338e-13],1301,-25,[14.45540831]
[17.03100031],[-1.2634338e-13],1301,-25,[14.45540831]
[17.03100031],[-1.2634338e-13],1301,-25,[14.45540831]
[17.03100031],[-1.2634338e-13],1301,-25,[14.45540831]
[17.03100031],[-1.2634338e-13],1301,-25,[14.45540831]
[17.03100031],[-1.2634338e-13],1301,-25,[14.45540831]
[17.03100031],[-1.2634338e-13],1301,-25,[14.45540831]
[17.03100031],[-1.2634338e-13],1301,-25,[14.45540831]
[17.03100031],[-1.2634338e-13],1301,-25,[14.45540831]
[17.03100031],[-1.2634338e-13],1301,-25,[14.45540831]
[17.03100031],[-1.2634338e-13],1301,-25,[14.45540831]
[17.03100031],[-1.2634338e-13],1301,-25,[14.45540831]
[17.03100031],[-1.2634338e-13],1301,-25,[14.45540831]
[17.03100031],[-1.2634338e-13],1301,-25,[14.45540831]
[17.03100031],[-1.2634338e-13],1301,-25,[14.45540831]
[17.03100031],[-1.2634338e-13],1301,-25,[14.45540831]
[17.03100031],[-1.2634338e-13],1301,-25,[14.45540831]
[17.03100031],[-1.2634338e-13],1301,-25,[14.45540831]
[17.03100031],[-1.2634338e-13],1301,-25,[14.45540831]
[17.03100031],[-1.2634338e-13],1301,-25,[14.45540831]
[17.03100031],[-1.2634338e-13],1301,-25,[14.45540831]
[17.03100031],[-1.2634338e-13],1301,-25,[14.45540831]
[17.03100031],[-1.2634338e-13],1301,-25,[14.45540831]
[17.03100031],[-1.2634338e-13],1301,-25,[14.45540831]
[17.03100031],[-1.2634338e-13],1301,-25,[14.45540831]
[17.03100031],[-1.2634338e-13],1301,-25,[14.45540831]
[17.03100031],[-1.2634338e-13],1301,-25,[14.45540831]
[17.03100031],[-1.2634338e-13],1301,-25,[14.45540831]
[17.03100031],[-1.2634338e-13],1301,-25,[14.45540831]
[17.03100031],[-1.2634338e-13],1301,-25,[14.45540831]
[17.03100031],[-1.2634338e-13],1301,-25,[14.45540831]
[17.03100031],[-1.2634338e-13],1301,-25,[14.45540831]
[17.03100031],[-1.2634338e-13],1301,-25,[14.45540831]
[17.03100031],[-1.2634338e-13],1301,-25,[14.45540831]
[17.03100031],[-1.2634338e-13],1301,-25,[14.45540831]
[17.03100031],[-1.2634338e-13],1301,-25,[14.45540831]
[17.03100031],[-1.2634338e-13],1301,-25,[14.45540831]
[17.03100031],[-1.2634338e-13],1301,-25,[14.45540831]
[17.03100031],[-1.2634338e-13],1301,-25,[14.45540831]
[17.03100031],[-1.2634338e-13],1301,-25,[14.45540831]
[17.03100031],[-1.2634338e-13],1301,-25,[14.45540831]
[17.03100031],[-1.2634338e-13],1301,-25,[14.45540831]
[17.03100031],[-1.2634338e-13],1301,-25,[14.45540831]
[17.03100031],[-1.2634338e-13],1301,-25,[14.45540831]
[17.03100031],[-1.2634338e-13],1301,-25,[14.45540831]
[17.03100031],[-1.2634338e-13],1301,-25,[14.45540831]
[17.03100031],[-1.2634338e-13],1301,-25,[14.45540831]
[17.03100031],[-1.2634338e-13],1301,-25,[14.45540831]
[17.03100031],[-1.2634338e-13],1301,-25,[14.45540831]
[17.03100031],[-1.2634338e-13],1301,-25,[14.45540831]
[17.03100031],[-1.2634338e-13],1301,-25,[14.45540831]
[17.03100031],[-1.2634338e-13],1301,-25,[14.45540831]
[17.03100031],[-1.2634338e-13],1301,-25,[14.45540831]
[17.03100031],[-1.2634338e-13],1301,-25,[14.45540831]
[17.03100031],[-1.2634338e-13],1301,-25,[14.45540831]
[17.03100031],[-1.2634338e-13],1301,-25,[14.45540831]
[17.03100031],[-1.2634338e-13],1301,-25,[14.45540831]
[17.03100031],[-1.2634338e-13],1301,-25,[14.45540831]
[17.03100031],[-1.2634338e-13],1301,-25,[14.45540831]
[17.03100031],[-1.2634338e-13],1301,-25,[14.45540831]
[17.03100031],[-1.2634338e-13],1301,-25,[14.45540831]
[17.03100031],[-1.2634338e-13],1301,-25,[14.45540831]
[17.03100031],[-1.2634338e-13],1301,-25,[14.45540831]
[17.03100031],[-1.2634338e-13],1301,-25,[14.45540831]
[17.03100031],[-1.2634338e-13],1301,-25,[14.45540831]
[17.03100031],[-1.2634338e-13],1301,-25,[14.45540831]
[17.03100031],[-1.2634338e-13],1301,-25,[14.45540831]
[17.03100031],[-1.2634338e-13],1301,-25,[14.45540831]
[17.03100031],[-1.2634338e-13],1301,-25,[14.45540831]
[17.03100031],[-1.2634338e-13],1301,-25,[14.45540831]
[17.03100031],[-1.2634338e-13],1301,-25,[14.45540831]
[17.03100031],[-1.2634338e-13],1301,-25,[14.45540831]
[17.03100031],[-1.2634338e-13],1301,-25,[14.45540831]
[17.03100031],[-1.2634338e-13],1301,-25,[14.45540831]
[17.03100031],[-1.2634338e-13],1301,-25,[14.45540831]
[17.03100031],[-1.2634338e-13],1301,-25,[14.45540831]
[17.03100031],[-1.2634338e-13],1301,-25,[14.45540831]
[17.03100031],[-1.2634338e-13],1301,-25,[14.45540831]
[17.03100031],[-1.2634338e-13],1301,-25,[14.45540831]
[17.03100031],[-1.2634338e-13],1301,-25,[14.45540831]
[17.03100031],[-1.2634338e-13],1301,-25,[14.45540831]
[17.03100031],[-1.2634338e-13],1301,-25,[14.45540831]
[17.03100031],[-1.2634338e-13],1301,-25,[14.45540831]
[17.03100031],[-1.2634338e-13],1301,-25,[14.45540831]
[17.03100031],[-1.2634338e-13],1301,-25,[14.45540831]
[17.03100031],[-1.2634338e-13],1301,-25,[14.45540831]
[17.03100031],[-1.2634338e-13],1301,-25,[14.45540831]
[17.03100031],[-1.2634338e-13],1301,-25,[14.45540831]
[17.03100031],[-1.2634338e-13],1301,-25,[14.45540831]
[17.03100031],[-1.2634338e-13],1301,-25,[14.45540831]
[17.03100031],[-1.2634338e-13],1301,-25,[14.45540831]
[17.03100031],[-1.2634338e-13],1301,-25,[14.45540831]
[17.03100031],[-1.2634338e-13],1301,-25,[14.45540831]
[17.03100031],[-1.2634338e-13],1301,-25,[14.45540831]
[17.03100031],[-1.2634338e-13],1301,-25,[14.45540831]
[17.03100031],[-1.2634338e-13],1301,-25,[14.45540831]
[17.03100031],[-1.2634338e-13],1301,-25,[14.45540831]
[17.03100031],[-1.2634338e-13],1301,-25,[14.45540831]
[17.03100031],[-1.2634338e-13],1301,-25,[14.45540831]
[17.03100031],[-1.2634338e-13],1301,-25,[14.45540831]
[17.03100031],[-1.2634338e-13],1301,-25,[14.45540831]
[17.03100031],[-1.2634338e-13],1301,-25,[14.45540831]
[17.03100031],[-1.2634338e-13],1301,-25,[14.45540831]
[17.03100031],[-1.2634338e-13],1301,-25,[14.45540831]
[17.03100031],[-1.2634338e-13],1301,-25,[14.45540831]
[17.03100031],[-1.2634338e-13],1301,-25,[14.45540831]
[17.03100031],[-1.2634338e-13],1301,-25,[14.45540831]
[17.03100031],[-1.2634338e-13],1301,-25,[14.45540831]
[17.03100031],[-1.2634338e-13],1301,-25,[14.45540831]
[17.03100031],[-1.2634338e-13],1301,-25,[14.45540831]
[17.03100031],[-1.2634338e-13],1301,-25,[14.45540831]
[17.03100031],[-1.2634338e-13],1301,-25,[14.45540831]
[17.03100031],[-1.2634338e-13],1301,-25,[14.45540831]
[17.03100031],[-1.2634338e-13],1301,-25,[14.45540831]
[17.03100031],[-1.2634338e-13],1301,-25,[14.45540831]
[17.03100031],[-1.2634338e-13],1301,-25,[14.45540831]
[17.03100031],[-1.2634338e-13],1301,-25,[14.45540831]
[17.03100031],[-1.2634338e-13],1301,-25,[14.45540831]
[17.03100031],[-1.2634338e-13],1301,-25,[14.45540831]
[17.03100031],[-1.2634338e-13],1301,-25,[14.45540831]
[17.03100031],[-1.2634338e-13],1301,-25,[14.45540831]
[17.03100031],[-1.2634338e-13],1301,-25,[14.45540831]
[17.03100031],[-1.2634338e-13],1301,-25,[14.45540831]
[17.03100031],[-1.2634338e-13],1301,-25,[14.45540831]
[17.03100031],[-1.2634338e-13],1301,-25,[14.45540831]
[17.03100031],[-1.2634338e-13],1301,-25,[14.45540831]
[17.03100031],[-1.2634338e-13],1301,-25,[14.45540831]
[17.03100031],[-1.2634338e-13],1301,-25,[14.45540831]
[17.03100031],[-1.2634338e-13],1301,-25,[14.45540831]
[17.03100031],[-1.2634338e-13],1301,-25,[14.45540831]
[17.03100031],[-1.2634338e-13],1301,-25,[14.45540831]
[17.03100031],[-1.2634338e-13],1301,-25,[14.45540831]
[17.03100031],[-1.2634338e-13],1301,-25,[14.45540831]
[17.03100031],[-1.2634338e-13],1301,-25,[14.45540831]
[17.03100031],[-1.2634338e-13],1301,-25,[14.45540831]
[17.03100031],[-1.2634338e-13],1301,-25,[14.45540831]
[17.03100031],[-1.2634338e-13],1301,-25,[14.45540831]
[17.03100031],[-1.2634338e-13],1301,-25,[14.45540831]
[17.03100031],[-1.2634338e-13],1301,-25,[14.45540831]
[17.03100031],[-1.2634338e-13],1301,-25,[14.45540831]
[17.03100031],[-1.2634338e-13],1301,-25,[14.45540831]
[17.03100031],[-1.2634338e-13],1301,-25,[14.45540831]
[17.03100031],[-1.2634338e-13],1301,-25,[14.45540831]
[17.03100031],[-1.2634338e-13],1301,-25,[14.45540831]
[17.03100031],[-1.2634338e-13],1301,-25,[14.45540831]
[17.03100031],[-1.2634338e-13],1301,-25,[14.45540831]
[17.03100031],[-1.2634338e-13],1301,-25,[14.45540831]
[17.03100031],[-1.2634338e-13],1301,-25,[14.45540831]
[17.03100031],[-1.2634338e-13],1301,-25,[14.45540831]
[17.03100031],[-1.2634338e-13],1301,-25,[14.45540831]
[17.03100031],[-1.2634338e-13],1301,-25,[14.45540831]
[17.03100031],[-1.2634338e-13],1301,-25,[14.45540831]
[17.03100031],[-1.2634338e-13],1301,-25,[14.45540831]
[17.03100031],[-1.2634338e-13],1301,-25,[14.45540831]
[17.03100031],[-1.2634338e-13],1301,-25,[14.45540831]
[17.03100031],[-1.2634338e-13],1301,-25,[14.45540831]
[17.03100031],[-1.2634338e-13],1301,-25,[14.45540831]
[17.03100031],[-1.2634338e-13],1301,-25,[14.45540831]
[17.03100031],[-1.2634338e-13],1301,-25,[14.45540831]
[17.03100031],[-1.2634338e-13],1301,-25,[14.45540831]
[17.03100031],[-1.2634338e-13],1301,-25,[14.45540831]
[17.03100031],[-1.2634338e-13],1301,-25,[14.45540831]
[17.03100031],[-1.2634338e-13],1301,-25,[14.45540831]
[17.03100031],[-1.2634338e-13],1301,-25,[14.45540831]
[17.03100031],[-1.2634338e-13],1301,-25,[14.45540831]
[17.03100031],[-1.2634338e-13],1301,-25,[14.45540831]
[17.03100031],[-1.2634338e-13],1301,-25,[14.45540831]
[17.03100031],[-1.2634338e-13],1301,-25,[14.45540831]
[17.03100031],[-1.2634338e-13],1301,-25,[14.45540831]
[17.03100031],[-1.2634338e-13],1301,-25,[14.45540831]
[17.03100031],[-1.2634338e-13],1301,-25,[14.45540831]
[17.03100031],[-1.2634338e-13],1301,-25,[14.45540831]
[17.03100031],[-1.2634338e-13],1301,-25,[14.45540831]
[17.03100031],[-1.2634338e-13],1301,-25,[14.45540831]
[17.03100031],[-1.2634338e-13],1301,-25,[14.45540831]
[17.03100031],[-1.2634338e-13],1301,-25,[14.45540831]
[17.03100031],[-1.2634338e-13],1301,-25,[14.45540831]
[17.03100031],[-1.2634338e-13],1301,-25,[14.45540831]
[17.03100031],[-1.2634338e-13],1301,-25,[14.45540831]
[17.03100031],[-1.2634338e-13],1301,-25,[14.45540831]
[17.03100031],[-1.2634338e-13],1301,-25,[14.45540831]
[17.03100031],[-1.2634338e-13],1301,-25,[14.45540831]
[17.03100031],[-1.2634338e-13],1301,-25,[14.45540831]
[17.03100031],[-1.2634338e-13],1301,-25,[14.45540831]
[17.03100031],[-1.2634338e-13],1301,-25,[14.45540831]
[17.03100031],[-1.2634338e-13],1301,-25,[14.45540831]
[17.03100031],[-1.2634338e-13],1301,-25,[14.45540831]
[17.03100031],[-1.2634338e-13],1301,-25,[14.45540831]
[17.03100031],[-1.2634338e-13],1301,-25,[14.45540831]
[17.03100031],[-1.2634338e-13],1301,-25,[14.45540831]
[17.03100031],[-1.2634338e-13],1301,-25,[14.45540831]
[17.03100031],[-1.2634338e-13],1301,-25,[14.45540831]
[17.03100031],[-1.2634338e-13],1301,-25,[14.45540831]
[17.03100031],[-1.2634338e-13],1301,-25,[14.45540831]
[17.03100031],[-1.2634338e-13],1301,-25,[14.45540831]
[17.03100031],[-1.2634338e-13],1301,-25,[14.45540831]
[17.03100031],[-1.2634338e-13],1301,-25,[14.45540831]
[17.03100031],[-1.2634338e-13],1301,-25,[14.45540831]
[17.03100031],[-1.2634338e-13],1301,-25,[14.45540831]
[17.03100031],[-1.2634338e-13],1301,-25,[14.45540831]
[17.03100031],[-1.2634338e-13],1301,-25,[14.45540831]
[17.03100031],[-1.2634338e-13],1301,-25,[14.45540831]
[17.03100031],[-1.2634338e-13],1301,-25,[14.45540831]
[17.03100031],[-1.2634338e-13],1301,-25,[14.45540831]
[17.03100031],[-1.2634338e-13],1301,-25,[14.45540831]
[17.03100031],[-1.2634338e-13],1301,-25,[14.45540831]
[17.03100031],[-1.2634338e-13],1301,-25,[14.45540831]
[17.03100031],[-1.2634338e-13],1301,-25,[14.45540831]
[17.03100031],[-1.2634338e-13],1301,-25,[14.45540831]
[17.03100031],[-1.2634338e-13],1301,-25,[14.45540831]
[17.03100031],[-1.2634338e-13],1301,-25,[14.45540831]
[17.03100031],[-1.2634338e-13],1301,-25,[14.45540831]
[17.03100031],[-1.2634338e-13],1301,-25,[14.45540831]
[17.03100031],[-1.2634338e-13],1301,-25,[14.45540831]
[17.03100031],[-1.2634338e-13],1301,-25,[14.45540831]
[17.03100031],[-1.2634338e-13],1301,-25,[14.45540831]
[17.03100031],[-1.2634338e-13],1301,-25,[14.45540831]
[17.03100031],[-1.2634338e-13],1301,-25,[14.45540831]
[17.03100031],[-1.2634338e-13],1301,-25,[14.45540831]
[17.03100031],[-1.2634338e-13],1301,-25,[14.45540831]
[17.03100031],[-1.2634338e-13],1301,-25,[14.45540831]
[17.03100031],[-1.2634338e-13],1301,-25,[14.45540831]
[17.03100031],[-1.2634338e-13],1301,-25,[14.45540831]
[17.03100031],[-1.2634338e-13],1301,-25,[14.45540831]
[17.03100031],[-1.2634338e-13],1301,-25,[14.45540831]
[17.03100031],[-1.2634338e-13],1301,-25,[14.45540831]
[17.03100031],[-1.2634338e-13],1301,-25,[14.45540831]
[17.03100031],[-1.2634338e-13],1301,-25,[14.45540831]
[17.03100031],[-1.2634338e-13],1301,-25,[14.45540831]
[17.03100031],[-1.2634338e-13],1301,-25,[14.45540831]
[17.03100031],[-1.2634338e-13],1301,-25,[14.45540831]
[17.03100031],[-1.2634338e-13],1301,-25,[14.45540831]
[17.03100031],[-1.2634338e-13],1301,-25,[14.45540831]
[17.03100031],[-1.2634338e-13],1301,-25,[14.45540831]
[17.03100031],[-1.2634338e-13],1301,-25,[14.45540831]
[17.03100031],[-1.2634338e-13],1301,-25,[14.45540831]
[17.03100031],[-1.2634338e-13],1301,-25,[14.45540831]
[17.03100031],[-1.2634338e-13],1301,-25,[14.45540831]
[17.03100031],[-1.2634338e-13],1301,-25,[14.45540831]
[17.03100031],[-1.2634338e-13],1301,-25,[14.45540831]
[17.03100031],[-1.2634338e-13],1301,-25,[14.45540831]
[17.03100031],[-1.2634338e-13],1301,-25,[14.45540831]
[17.03100031],[-1.2634338e-13],1301,-25,[14.45540831]
[17.03100031],[-1.2634338e-13],1301,-25,[14.45540831]
[17.03100031],[-1.2634338e-13],1301,-25,[14.45540831]
[17.03100031],[-1.2634338e-13],1301,-25,[14.45540831]
[17.03100031],[-1.2634338e-13],1301,-25,[14.45540831]
[17.03100031],[-1.2634338e-13],1301,-25,[14.45540831]
[17.03100031],[-1.2634338e-13],1301,-25,[14.45540831]
[17.03100031],[-1.2634338e-13],1301,-25,[14.45540831]
[17.03100031],[-1.2634338e-13],1301,-25,[14.45540831]
[17.03100031],[-1.2634338e-13],1301,-25,[14.45540831]
[17.03100031],[-1.2634338e-13],1301,-25,[14.45540831]
[17.03100031],[-1.2634338e-13],1301,-25,[14.45540831]
[17.03100031],[-1.2634338e-13],1301,-25,[14.45540831]
[17.03100031],[-1.2634338e-13],1301,-25,[14.45540831]
[17.03100031],[-1.2634338e-13],1301,-25,[14.45540831]
[17.03100031],[-1.2634338e-13],1301,-25,[14.45540831]
[17.03100031],[-1.2634338e-13],1301,-25,[14.45540831]
[17.03100031],[-1.2634338e-13],1301,-25,[14.45540831]
[17.03100031],[-1.2634338e-13],1301,-25,[14.45540831]
[17.03100031],[-1.2634338e-13],1301,-25,[14.45540831]
[17.03100031],[-1.2634338e-13],1301,-25,[14.45540831]
[17.03100031],[-1.2634338e-13],1301,-25,[14.45540831]
[17.03100031],[-1.2634338e-13],1301,-25,[14.45540831]
[17.03100031],[-1.2634338e-13],1301,-25,[14.45540831]
[17.03100031],[-1.2634338e-13],1301,-25,[14.45540831]
[17.03100031],[-1.2634338e-13],1301,-25,[14.45540831]
[17.03100031],[-1.2634338e-13],1301,-25,[14.45540831]
[17.03100031],[-1.2634338e-13],1301,-25,[14.45540831]
[17.03100031],[-1.2634338e-13],1301,-25,[14.45540831]
[17.03100031],[-1.2634338e-13],1301,-25,[14.45540831]
[17.03100031],[-1.2634338e-13],1301,-25,[14.45540831]
[17.03100031],[-1.2634338e-13],1301,-25,[14.45540831]
[17.03100031],[-1.2634338e-13],1301,-25,[14.45540831]
[17.03100031],[-1.2634338e-13],1301,-25,[14.45540831]
[17.03100031],[-1.2634338e-13],1301,-25,[14.45540831]
[17.03100031],[-1.2634338e-13],1301,-25,[14.45540831]
[17.03100031],[-1.2634338e-13],1301,-25,[14.45540831]
[17.03100031],[-1.2634338e-13],1301,-25,[14.45540831]
[17.03100031],[-1.2634338e-13],1301,-25,[14.45540831]
[17.03100031],[-1.2634338e-13],1301,-25,[14.45540831]
[17.03100031],[-1.2634338e-13],1301,-25,[14.45540831]
[17.03100031],[-1.2634338e-13],1301,-25,[14.45540831]
[17.03100031],[-1.2634338e-13],1301,-25,[14.45540831]
[17.03100031],[-1.2634338e-13],1301,-25,[14.45540831]
[17.03100031],[-1.2634338e-13],1301,-25,[14.45540831]
[17.03100031],[-1.2634338e-13],1301,-25,[14.45540831]
[17.03100031],[-1.2634338e-13],1301,-25,[14.45540831]
[17.03100031],[-1.2634338e-13],1301,-25,[14.45540831]
[17.03100031],[-1.2634338e-13],1301,-25,[14.45540831]
[17.03100031],[-1.2634338e-13],1301,-25,[14.45540831]
[17.03100031],[-1.2634338e-13],1301,-25,[14.45540831]
[17.03100031],[-1.2634338e-13],1301,-25,[14.45540831]
[17.03100031],[-1.2634338e-13],1301,-25,[14.45540831]
[17.03100031],[-1.2634338e-13],1301,-25,[14.45540831]
[17.03100031],[-1.2634338e-13],1301,-25,[14.45540831]
[17.03100031],[-1.2634338e-13],1301,-25,[14.45540831]
[17.03100031],[-1.2634338e-13],1301,-25,[14.45540831]
[17.03100031],[-1.2634338e-13],1301,-25,[14.45540831]
[17.03100031],[-1.2634338e-13],1301,-25,[14.45540831]
[17.03100031],[-1.2634338e-13],1301,-25,[14.45540831]
[17.03100031],[-1.2634338e-13],1301,-25,[14.45540831]
[17.03100031],[-1.2634338e-13],1301,-25,[14.45540831]
[17.03100031],[-1.2634338e-13],1301,-25,[14.45540831]
[17.03100031],[-1.2634338e-13],1301,-25,[14.45540831]
[17.03100031],[-1.2634338e-13],1301,-25,[14.45540831]
[17.03100031],[-1.2634338e-13],1301,-25,[14.45540831]
[17.03100031],[-1.2634338e-13],1301,-25,[14.45540831]
[17.03100031],[-1.2634338e-13],1301,-25,[14.45540831]
[17.03100031],[-1.2634338e-13],1301,-25,[14.45540831]
[17.03100031],[-1.2634338e-13],1301,-25,[14.45540831]
[17.03100031],[-1.2634338e-13],1301,-25,[14.45540831]
[17.03100031],[-1.2634338e-13],1301,-25,[14.45540831]
[17.03100031],[-1.2634338e-13],1301,-25,[14.45540831]
[17.03100031],[-1.2634338e-13],1301,-25,[14.45540831]
[17.03100031],[-1.2634338e-13],1301,-25,[14.45540831]
[17.03100031],[-1.2634338e-13],1301,-25,[14.45540831]
[17.03100031],[-1.2634338e-13],1301,-25,[14.45540831]
[17.03100031],[-1.2634338e-13],1301,-25,[14.45540831]
[17.03100031],[-1.2634338e-13],1301,-25,[14.45540831]
[17.03100031],[-1.2634338e-13],1301,-25,[14.45540831]
[17.03100031],[-1.2634338e-13],1301,-25,[14.45540831]
[17.03100031],[-1.2634338e-13],1301,-25,[14.45540831]
[17.03100031],[-1.2634338e-13],1301,-25,[14.45540831]
[17.03100031],[-1.2634338e-13],1301,-25,[14.45540831]
[17.03100031],[-1.2634338e-13],1301,-25,[14.45540831]
[17.03100031],[-1.2634338e-13],1301,-25,[14.45540831]
[17.03100031],[-1.2634338e-13],1301,-25,[14.45540831]
[17.03100031],[-1.2634338e-13],1301,-25,[14.45540831]
[17.03100031],[-1.2634338e-13],1301,-25,[14.45540831]
[17.03100031],[-1.2634338e-13],1301,-25,[14.45540831]
[17.03100031],[-1.2634338e-13],1301,-25,[14.45540831]
[17.03100031],[-1.2634338e-13],1301,-25,[14.45540831]
[17.03100031],[-1.2634338e-13],1301,-25,[14.45540831]
[17.03100031],[-1.2634338e-13],1301,-25,[14.45540831]
[17.03100031],[-1.2634338e-13],1301,-25,[14.45540831]
[17.03100031],[-1.2634338e-13],1301,-25,[14.45540831]
[17.03100031],[-1.2634338e-13],1301,-25,[14.45540831]
[17.03100031],[-1.2634338e-13],1301,-25,[14.45540831]
[17.03100031],[-1.2634338e-13],1301,-25,[14.45540831]
[17.03100031],[-1.2634338e-13],1301,-25,[14.45540831]
[17.03100031],[-1.2634338e-13],1301,-25,[14.45540831]
[17.03100031],[-1.2634338e-13],1301,-25,[14.45540831]
[17.03100031],[-1.2634338e-13],1301,-25,[14.45540831]
[17.03100031],[-1.2634338e-13],1301,-25,[14.45540831]
[17.03100031],[-1.2634338e-13],1301,-25,[14.45540831]
[17.03100031],[-1.2634338e-13],1301,-25,[14.45540831]
[17.03100031],[-1.2634338e-13],1301,-25,[14.45540831]
[17.03100031],[-1.2634338e-13],1301,-25,[14.45540831]
[17.03100031],[-1.2634338e-13],1301,-25,[14.45540831]
[17.03100031],[-1.2634338e-13],1301,-25,[14.45540831]
[17.03100031],[-1.2634338e-13],1301,-25,[14.45540831]
[17.03100031],[-1.2634338e-13],1301,-25,[14.45540831]
[17.03100031],[-1.2634338e-13],1301,-25,[14.45540831]
[17.03100031],[-1.2634338e-13],1301,-25,[14.45540831]
[17.03100031],[-1.2634338e-13],1301,-25,[14.45540831]
[17.03100031],[-1.2634338e-13],1301,-25,[14.45540831]
[17.03100031],[-1.2634338e-13],1301,-25,[14.45540831]
[17.03100031],[-1.2634338e-13],1301,-25,[14.45540831]
[17.03100031],[-1.2634338e-13],1301,-25,[14.45540831]
[17.03100031],[-1.2634338e-13],1301,-25,[14.45540831]
[17.03100031],[-1.2634338e-13],1301,-25,[14.45540831]
[17.03100031],[-1.2634338e-13],1301,-25,[14.45540831]
[17.03100031],[-1.2634338e-13],1301,-25,[14.45540831]
[17.03100031],[-1.2634338e-13],1301,-25,[14.45540831]
[17.03100031],[-1.2634338e-13],1301,-25,[14.45540831]
[17.03100031],[-1.2634338e-13],1301,-25,[14.45540831]
[17.03100031],[-1.2634338e-13],1301,-25,[14.45540831]
[17.03100031],[-1.2634338e-13],1301,-25,[14.45540831]
[17.03100031],[-1.2634338e-13],1301,-25,[14.45540831]
[17.03100031],[-1.2634338e-13],1301,-25,[14.45540831]
[17.03100031],[-1.2634338e-13],1301,-25,[14.45540831]
[17.03100031],[-1.2634338e-13],1301,-25,[14.45540831]
[17.03100031],[-1.2634338e-13],1301,-25,[14.45540831]
[17.03100031],[-1.2634338e-13],1301,-25,[14.45540831]
[17.03100031],[-1.2634338e-13],1301,-25,[14.45540831]
[17.03100031],[-1.2634338e-13],1301,-25,[14.45540831]
[17.03100031],[-1.2634338e-13],1301,-25,[14.45540831]
[17.03100031],[-1.2634338e-13],1301,-25,[14.45540831]
[17.03100031],[-1.2634338e-13],1301,-25,[14.45540831]
[17.03100031],[-1.2634338e-13],1301,-25,[14.45540831]
[17.03100031],[-1.2634338e-13],1301,-25,[14.45540831]
[17.03100031],[-1.2634338e-13],1301,-25,[14.45540831]
[17.03100031],[-1.2634338e-13],1301,-25,[14.45540831]
[17.03100031],[-1.2634338e-13],1301,-25,[14.45540831]
[17.03100031],[-1.2634338e-13],1301,-25,[14.45540831]
[17.03100031],[-1.2634338e-13],1301,-25,[14.45540831]
[17.03100031],[-1.2634338e-13],1301,-25,[14.45540831]
[17.03100031],[-1.2634338e-13],1301,-25,[14.45540831]
[17.03100031],[-1.2634338e-13],1301,-25,[14.45540831]
[17.03100031],[-1.2634338e-13],1301,-25,[14.45540831]
[17.03100031],[-1.2634338e-13],1301,-25,[14.45540831]
[17.03100031],[-1.2634338e-13],1301,-25,[14.45540831]
[17.03100031],[-1.2634338e-13],1301,-25,[14.45540831]
[17.03100031],[-1.2634338e-13],1301,-25,[14.45540831]
[17.03100031],[-1.2634338e-13],1301,-25,[14.45540831]
[17.03100031],[-1.2634338e-13],1301,-25,[14.45540831]
[17.03100031],[-1.2634338e-13],1301,-25,[14.45540831]
[17.03100031],[-1.2634338e-13],1301,-25,[14.45540831]
[17.03100031],[-1.2634338e-13],1301,-25,[14.45540831]
[17.03100031],[-1.2634338e-13],1301,-25,[14.45540831]
[17.03100031],[-1.2634338e-13],1301,-25,[14.45540831]
[17.03100031],[-1.2634338e-13],1301,-25,[14.45540831]
[17.03100031],[-1.2634338e-13],1301,-25,[14.45540831]
[17.03100031],[-1.2634338e-13],1301,-25,[14.45540831]
[17.03100031],[-1.2634338e-13],1301,-25,[14.45540831]
[17.03100031],[-1.2634338e-13],1301,-25,[14.45540831]
[17.03100031],[-1.2634338e-13],1301,-25,[14.45540831]
[17.03100031],[-1.2634338e-13],1301,-25,[14.45540831]
[17.03100031],[-1.2634338e-13],1301,-25,[14.45540831]
[17.03100031],[-1.2634338e-13],1301,-25,[14.45540831]
[17.03100031],[-1.2634338e-13],1301,-25,[14.45540831]
[17.03100031],[-1.2634338e-13],1301,-25,[14.45540831]
[17.03100031],[-1.2634338e-13],1301,-25,[14.45540831]
[17.03100031],[-1.2634338e-13],1301,-25,[14.45540831]
[17.03100031],[-1.2634338e-13],1301,-25,[14.45540831]
[17.03100031],[-1.2634338e-13],1301,-25,[14.45540831]
[17.03100031],[-1.2634338e-13],1301,-25,[14.45540831]
[17.03100031],[-1.2634338e-13],1301,-25,[14.45540831]
[17.03100031],[-1.2634338e-13],1301,-25,[14.45540831]
[17.03100031],[-1.2634338e-13],1301,-25,[14.45540831]
[17.03100031],[-1.2634338e-13],1301,-25,[14.45540831]
[17.03100031],[-1.2634338e-13],1301,-25,[14.45540831]
[17.03100031],[-1.2634338e-13],1301,-25,[14.45540831]
[17.03100031],[-1.2634338e-13],1301,-25,[14.45540831]
[17.03100031],[-1.2634338e-13],1301,-25,[14.45540831]
[17.03100031],[-1.2634338e-13],1301,-25,[14.45540831]
[17.03100031],[-1.2634338e-13],1301,-25,[14.45540831]
[17.03100031],[-1.2634338e-13],1301,-25,[14.45540831]
[17.03100031],[-1.2634338e-13],1301,-25,[14.45540831]
[17.03100031],[-1.2634338e-13],1301,-25,[14.45540831]
[17.03100031],[-1.2634338e-13],1301,-25,[14.45540831]
[17.03100031],[-1.2634338e-13],1301,-25,[14.45540831]
[17.03100031],[-1.2634338e-13],1301,-25,[14.45540831]
[17.03100031],[-1.2634338e-13],1301,-25,[14.45540831]
[17.03100031],[-1.2634338e-13],1301,-25,[14.45540831]
[17.03100031],[-1.2634338e-13],1301,-25,[14.45540831]
[17.03100031],[-1.2634338e-13],1301,-25,[14.45540831]
[17.03100031],[-1.2634338e-13],1301,-25,[14.45540831]
[17.03100031],[-1.2634338e-13],1301,-25,[14.45540831]
[17.03100031],[-1.2634338e-13],1301,-25,[14.45540831]
[17.03100031],[-1.2634338e-13],1301,-25,[14.45540831]
[17.03100031],[-1.2634338e-13],1301,-25,[14.45540831]
[17.03100031],[-1.2634338e-13],1301,-25,[14.45540831]
[17.03100031],[-1.2634338e-13],1301,-25,[14.45540831]
[17.03100031],[-1.2634338e-13],1301,-25,[14.45540831]
[17.03100031],[-1.2634338e-13],1301,-25,[14.45540831]
[17.03100031],[-1.2634338e-13],1301,-25,[14.45540831]
[17.03100031],[-1.2634338e-13],1301,-25,[14.45540831]
[17.03100031],[-1.2634338e-13],1301,-25,[14.45540831]
[17.03100031],[-1.2634338e-13],1301,-25,[14.45540831]
[17.03100031],[-1.2634338e-13],1301,-25,[14.45540831]
[17.03100031],[-1.2634338e-13],1301,-25,[14.45540831]
[17.03100031],[-1.2634338e-13],1301,-25,[14.45540831]
[17.03100031],[-1.2634338e-13],1301,-25,[14.45540831]
[17.03100031],[-1.2634338e-13],1301,-25,[14.45540831]
[17.03100031],[-1.2634338e-13],1301,-25,[14.45540831]
[17.03100031],[-1.2634338e-13],1301,-25,[14.45540831]
[17.03100031],[-1.2634338e-13],1301,-25,[14.45540831]
[17.03100031],[-1.2634338e-13],1301,-25,[14.45540831]
[17.03100031],[-1.2634338e-13],1301,-25,[14.45540831]
[17.03100031],[-1.2634338e-13],1301,-25,[14.45540831]
[17.03100031],[-1.2634338e-13],1301,-25,[14.45540831]
[17.03100031],[-1.2634338e-13],1301,-25,[14.45540831]
[17.03100031],[-1.2634338e-13],1301,-25,[14.45540831]
[17.03100031],[-1.2634338e-13],1301,-25,[14.45540831]
[17.03100031],[-1.2634338e-13],1301,-25,[14.45540831]
[17.03100031],[-1.2634338e-13],1301,-25,[14.45540831]
[17.03100031],[-1.2634338e-13],1301,-25,[14.45540831]
[17.03100031],[-1.2634338e-13],1301,-25,[14.45540831]
[17.03100031],[-1.2634338e-13],1301,-25,[14.45540831]
[17.03100031],[-1.2634338e-13],1301,-25,[14.45540831]
[17.03100031],[-1.2634338e-13],1301,-25,[14.45540831]
[17.03100031],[-1.2634338e-13],1301,-25,[14.45540831]
[17.03100031],[-1.2634338e-13],1301,-25,[14.45540831]
[17.03100031],[-1.2634338e-13],1301,-25,[14.45540831]
[17.03100031],[-1.2634338e-13],1301,-25,[14.45540831]
[17.03100031],[-1.2634338e-13],1301,-25,[14.45540831]
[17.03100031],[-1.2634338e-13],1301,-25,[14.45540831]
[17.03100031],[-1.2634338e-13],1301,-25,[14.45540831]
[17.03100031],[-1.2634338e-13],1301,-25,[14.45540831]
[17.03100031],[-1.2634338e-13],1301,-25,[14.45540831]
[17.03100031],[-1.2634338e-13],1301,-25,[14.45540831]
[17.03100031],[-1.2634338e-13],1301,-25,[14.45540831]
[17.03100031],[-1.2634338e-13],1301,-25,[14.45540831]
[17.03100031],[-1.2634338e-13],1301,-25,[14.45540831]
[17.03100031],[-1.2634338e-13],1301,-25,[14.45540831]
[17.03100031],[-1.2634338e-13],1301,-25,[14.45540831]
[17.03100031],[-1.2634338e-13],1301,-25,[14.45540831]
[17.03100031],[-1.2634338e-13],1301,-25,[14.45540831]
[17.03100031],[-1.2634338e-13],1301,-25,[14.45540831]
[17.03100031],[-1.2634338e-13],1301,-25,[14.45540831]
[17.03100031],[-1.2634338e-13],1301,-25,[14.45540831]
[17.03100031],[-1.2634338e-13],1301,-25,[14.45540831]
[17.03100031],[-1.2634338e-13],1301,-25,[14.45540831]
[17.03100031],[-1.2634338e-13],1301,-25,[14.45540831]
[17.03100031],[-1.2634338e-13],1301,-25,[14.45540831]
[17.03100031],[-1.2634338e-13],1301,-25,[14.45540831]
[17.03100031],[-1.2634338e-13],1301,-25,[14.45540831]
[17.03100031],[-1.2634338e-13],1301,-25,[14.45540831]
[17.03100031],[-1.2634338e-13],1301,-25,[14.45540831]
[17.03100031],[-1.2634338e-13],1301,-25,[14.45540831]
[17.03100031],[-1.2634338e-13],1301,-25,[14.45540831]
[17.03100031],[-1.2634338e-13],1301,-25,[14.45540831]
[17.03100031],[-1.2634338e-13],1301,-25,[14.45540831]
[17.03100031],[-1.2634338e-13],1301,-25,[14.45540831]
[17.03100031],[-1.2634338e-13],1301,-25,[14.45540831]
[17.03100031],[-1.2634338e-13],1301,-25,[14.45540831]
[17.03100031],[-1.2634338e-13],1301,-25,[14.45540831]
[17.03100031],[-1.2634338e-13],1301,-25,[14.45540831]
[17.03100031],[-1.2634338e-13],1301,-25,[14.45540831]
[17.03100031],[-1.2634338e-13],1301,-25,[14.45540831]
[17.03100031],[-1.2634338e-13],1301,-25,[14.45540831]
[17.03100031],[-1.2634338e-13],1301,-25,[14.45540831]
[17.03100031],[-1.2634338e-13],1301,-25,[14.45540831]
[17.03100031],[-1.2634338e-13],1301,-25,[14.45540831]
[17.03100031],[-1.2634338e-13],1301,-25,[14.45540831]
[17.03100031],[-1.2634338e-13],1301,-25,[14.45540831]
[17.03100031],[-1.2634338e-13],1301,-25,[14.45540831]
[17.03100031],[-1.2634338e-13],1301,-25,[14.45540831]
[17.03100031],[-1.2634338e-13],1301,-25,[14.45540831]
[17.03100031],[-1.2634338e-13],1301,-25,[14.45540831]
[17.03100031],[-1.2634338e-13],1301,-25,[14.45540831]
[17.03100031],[-1.2634338e-13],1301,-25,[14.45540831]
[17.03100031],[-1.2634338e-13],1301,-25,[14.45540831]
[17.03100031],[-1.2634338e-13],1301,-25,[14.45540831]
[17.03100031],[-1.2634338e-13],1301,-25,[14.45540831]
[17.03100031],[-1.2634338e-13],1301,-25,[14.45540831]
[17.03100031],[-1.2634338e-13],1301,-25,[14.45540831]
[17.03100031],[-1.2634338e-13],1301,-25,[14.45540831]
[17.03100031],[-1.2634338e-13],1301,-25,[14.45540831]
[17.03100031],[-1.2634338e-13],1301,-25,[14.45540831]
[17.03100031],[-1.2634338e-13],1301,-25,[14.45540831]
[17.03100031],[-1.2634338e-13],1301,-25,[14.45540831]
[17.03100031],[-1.2634338e-13],1301,-25,[14.45540831]
[17.03100031],[-1.2634338e-13],1301,-25,[14.45540831]
[17.03100031],[-1.2634338e-13],1301,-25,[14.45540831]
[17.03100031],[-1.2634338e-13],1301,-25,[14.45540831]
[17.03100031],[-1.2634338e-13],1301,-25,[14.45540831]
[17.03100031],[-1.2634338e-13],1301,-25,[14.45540831]
[17.03100031],[-1.2634338e-13],1301,-25,[14.45540831]
[17.03100031],[-1.2634338e-13],1301,-25,[14.45540831]
[17.03100031],[-1.2634338e-13],1301,-25,[14.45540831]
[17.03100031],[-1.2634338e-13],1301,-25,[14.45540831]
[17.03100031],[-1.2634338e-13],1301,-25,[14.45540831]
[17.03100031],[-1.2634338e-13],1301,-25,[14.45540831]
[17.03100031],[-1.2634338e-13],1301,-25,[14.45540831]
[17.03100031],[-1.2634338e-13],1301,-25,[14.45540831]
[17.03100031],[-1.2634338e-13],1301,-25,[14.45540831]
[17.03100031],[-1.2634338e-13],1301,-25,[14.45540831]
[17.03100031],[-1.2634338e-13],1301,-25,[14.45540831]
[17.03100031],[-1.2634338e-13],1301,-25,[14.45540831]
[17.03100031],[-1.2634338e-13],1301,-25,[14.45540831]
[17.03100031],[-1.2634338e-13],1301,-25,[14.45540831]
[17.03100031],[-1.2634338e-13],1301,-25,[14.45540831]
[17.03100031],[-1.2634338e-13],1301,-25,[14.45540831]
[17.03100031],[-1.2634338e-13],1301,-25,[14.45540831]
[17.03100031],[-1.2634338e-13],1301,-25,[14.45540831]
[17.03100031],[-1.2634338e-13],1301,-25,[14.45540831]
[17.03100031],[-1.2634338e-13],1301,-25,[14.45540831]
[17.03100031],[-1.2634338e-13],1301,-25,[14.45540831]
[17.03100031],[-1.2634338e-13],1301,-25,[14.45540831]
[17.03100031],[-1.2634338e-13],1301,-25,[14.45540831]
[17.03100031],[-1.2634338e-13],1301,-25,[14.45540831]
[17.03100031],[-1.2634338e-13],1301,-25,[14.45540831]
[17.03100031],[-1.2634338e-13],1301,-25,[14.45540831]
[17.03100031],[-1.2634338e-13],1301,-25,[14.45540831]
[17.03100031],[-1.2634338e-13],1301,-25,[14.45540831]
[17.03100031],[-1.2634338e-13],1301,-25,[14.45540831]
[17.03100031],[-1.2634338e-13],1301,-25,[14.45540831]
[17.03100031],[-1.2634338e-13],1301,-25,[14.45540831]
[17.03100031],[-1.2634338e-13],1301,-25,[14.45540831]
[17.03100031],[-1.2634338e-13],1301,-25,[14.45540831]
[17.03100031],[-1.2634338e-13],1301,-25,[14.45540831]
[17.03100031],[-1.2634338e-13],1301,-25,[14.45540831]
[17.03100031],[-1.2634338e-13],1301,-25,[14.45540831]
[17.03100031],[-1.2634338e-13],1301,-25,[14.45540831]
[17.03100031],[-1.2634338e-13],1301,-25,[14.45540831]
[17.03100031],[-1.2634338e-13],1301,-25,[14.45540831]
[17.03100031],[-1.2634338e-13],1301,-25,[14.45540831]
[17.03100031],[-1.2634338e-13],1301,-25,[14.45540831]
[17.03100031],[-1.2634338e-13],1301,-25,[14.45540831]
[17.03100031],[-1.2634338e-13],1301,-25,[14.45540831]
[17.03100031],[-1.2634338e-13],1301,-25,[14.45540831]
[17.03100031],[-1.2634338e-13],1301,-25,[14.45540831]
[17.03100031],[-1.2634338e-13],1301,-25,[14.45540831]
[17.03100031],[-1.2634338e-13],1301,-25,[14.45540831]
[17.03100031],[-1.2634338e-13],1301,-25,[14.45540831]
[17.03100031],[-1.2634338e-13],1301,-25,[14.45540831]
[17.03100031],[-1.2634338e-13],1301,-25,[14.45540831]
[17.03100031],[-1.2634338e-13],1301,-25,[14.45540831]
[17.03100031],[-1.2634338e-13],1301,-25,[14.45540831]
[17.03100031],[-1.2634338e-13],1301,-25,[14.45540831]
[17.03100031],[-1.2634338e-13],1301,-25,[14.45540831]
[17.03100031],[-1.2634338e-13],1301,-25,[14.45540831]
[17.03100031],[-1.2634338e-13],1301,-25,[14.45540831]
[17.03100031],[-1.2634338e-13],1301,-25,[14.45540831]
[17.03100031],[-1.2634338e-13],1301,-25,[14.45540831]
[17.03100031],[-1.2634338e-13],1301,-25,[14.45540831]
[17.03100031],[-1.2634338e-13],1301,-25,[14.45540831]
[17.03100031],[-1.2634338e-13],1301,-25,[14.45540831]
[17.03100031],[-1.2634338e-13],1301,-25,[14.45540831]
[17.03100031],[-1.2634338e-13],1301,-25,[14.45540831]
[17.03100031],[-1.2634338e-13],1301,-25,[14.45540831]
[17.03100031],[-1.2634338e-13],1301,-25,[14.45540831]
[17.03100031],[-1.2634338e-13],1301,-25,[14.45540831]
[17.03100031],[-1.2634338e-13],1301,-25,[14.45540831]
[17.03100031],[-1.2634338e-13],1301,-25,[14.45540831]
[17.03100031],[-1.2634338e-13],1301,-25,[14.45540831]
[17.03100031],[-1.2634338e-13],1301,-25,[14.45540831]
[17.03100031],[-1.2634338e-13],1301,-25,[14.45540831]
[17.03100031],[-1.2634338e-13],1301,-25,[14.45540831]
[17.03100031],[-1.2634338e-13],1301,-25,[14.45540831]
[17.03100031],[-1.2634338e-13],1301,-25,[14.45540831]
[17.03100031],[-1.2634338e-13],1301,-25,[14.45540831]
[17.03100031],[-1.2634338e-13],1301,-25,[14.45540831]
[17.03100031],[-1.2634338e-13],1301,-25,[14.45540831]
[17.03100031],[-1.2634338e-13],1301,-25,[14.45540831]
[17.03100031],[-1.2634338e-13],1301,-25,[14.45540831]
[17.03100031],[-1.2634338e-13],1301,-25,[14.45540831]
[17.03100031],[-1.2634338e-13],1301,-25,[14.45540831]
[17.03100031],[-1.2634338e-13],1301,-25,[14.45540831]
[17.03100031],[-1.2634338e-13],1301,-25,[14.45540831]
[17.03100031],[-1.2634338e-13],1301,-25,[14.45540831]
[17.03100031],[-1.2634338e-13],1301,-25,[14.45540831]
[17.03100031],[-1.2634338e-13],1301,-25,[14.45540831]
[17.03100031],[-1.2634338e-13],1301,-25,[14.45540831]
[17.03100031],[-1.2634338e-13],1301,-25,[14.45540831]
[17.03100031],[-1.2634338e-13],1301,-25,[14.45540831]
[17.03100031],[-1.2634338e-13],1301,-25,[14.45540831]
[17.03100031],[-1.2634338e-13],1301,-25,[14.45540831]
[17.03100031],[-1.2634338e-13],1301,-25,[14.45540831]
[17.03100031],[-1.2634338e-13],1301,-25,[14.45540831]
[17.03100031],[-1.2634338e-13],1301,-25,[14.45540831]
[17.03100031],[-1.2634338e-13],1301,-25,[14.45540831]
[17.03100031],[-1.2634338e-13],1301,-25,[14.45540831]
[17.03100031],[-1.2634338e-13],1301,-25,[14.45540831]
[17.03100031],[-1.2634338e-13],1301,-25,[14.45540831]
[17.03100031],[-1.2634338e-13],1301,-25,[14.45540831]
[17.03100031],[-1.2634338e-13],1301,-25,[14.45540831]
[17.03100031],[-1.2634338e-13],1301,-25,[14.45540831]
[17.03100031],[-1.2634338e-13],1301,-25,[14.45540831]
[17.03100031],[-1.2634338e-13],1301,-25,[14.45540831]
[17.03100031],[-1.2634338e-13],1301,-25,[14.45540831]
[17.03100031],[-1.2634338e-13],1301,-25,[14.45540831]
[17.03100031],[-1.2634338e-13],1301,-25,[14.45540831]
[17.03100031],[-1.2634338e-13],1301,-25,[14.45540831]
[17.03100031],[-1.2634338e-13],1301,-25,[14.45540831]
[17.03100031],[-1.2634338e-13],1301,-25,[14.45540831]
[17.03100031],[-1.2634338e-13],1301,-25,[14.45540831]
[17.03100031],[-1.2634338e-13],1301,-25,[14.45540831]
[17.03100031],[-1.2634338e-13],1301,-25,[14.45540831]
[17.03100031],[-1.2634338e-13],1301,-25,[14.45540831]
[17.03100031],[-1.2634338e-13],1301,-25,[14.45540831]
[17.03100031],[-1.2634338e-13],1301,-25,[14.45540831]
[17.03100031],[-1.2634338e-13],1301,-25,[14.45540831]
[17.03100031],[-1.2634338e-13],1301,-25,[14.45540831]
[17.03100031],[-1.2634338e-13],1301,-25,[14.45540831]
[17.03100031],[-1.2634338e-13],1301,-25,[14.45540831]
[17.03100031],[-1.2634338e-13],1301,-25,[14.45540831]
[17.03100031],[-1.2634338e-13],1301,-25,[14.45540831]
[17.03100031],[-1.2634338e-13],1301,-25,[14.45540831]
[17.03100031],[-1.2634338e-13],1301,-25,[14.45540831]
[17.03100031],[-1.2634338e-13],1301,-25,[14.45540831]
[17.03100031],[-1.2634338e-13],1301,-25,[14.45540831]
[17.03100031],[-1.2634338e-13],1301,-25,[14.45540831]
[17.03100031],[-1.2634338e-13],1301,-25,[14.45540831]
[17.03100031],[-1.2634338e-13],1301,-25,[14.45540831]
[17.03100031],[-1.2634338e-13],1301,-25,[14.45540831]
[17.03100031],[-1.2634338e-13],1301,-25,[14.45540831]
[17.03100031],[-1.2634338e-13],1301,-25,[14.45540831]
[17.03100031],[-1.2634338e-13],1301,-25,[14.45540831]
[17.03100031],[-1.2634338e-13],1301,-25,[14.45540831]
[17.03100031],[-1.2634338e-13],1301,-25,[14.45540831]
[17.03100031],[-1.2634338e-13],1301,-25,[14.45540831]
[17.03100031],[-1.2634338e-13],1301,-25,[14.45540831]
[17.03100031],[-1.2634338e-13],1301,-25,[14.45540831]
[17.03100031],[-1.2634338e-13],1301,-25,[14.45540831]
[17.03100031],[-1.2634338e-13],1301,-25,[14.45540831]
[17.03100031],[-1.2634338e-13],1301,-25,[14.45540831]
[17.03100031],[-1.2634338e-13],1301,-25,[14.45540831]
[17.03100031],[-1.2634338e-13],1301,-25,[14.45540831]
[17.03100031],[-1.2634338e-13],1301,-25,[14.45540831]
[17.03100031],[-1.2634338e-13],1301,-25,[14.45540831]
[17.03100031],[-1.2634338e-13],1301,-25,[14.45540831]
[17.03100031],[-1.2634338e-13],1301,-25,[14.45540831]
[17.03100031],[-1.2634338e-13],1301,-25,[14.45540831]
[17.03100031],[-1.2634338e-13],1301,-25,[14.45540831]
[17.03100031],[-1.2634338e-13],1301,-25,[14.45540831]
[17.03100031],[-1.2634338e-13],1301,-25,[14.45540831]
[17.03100031],[-1.2634338e-13],1301,-25,[14.45540831]
[17.03100031],[-1.2634338e-13],1301,-25,[14.45540831]
[17.03100031],[-1.2634338e-13],1301,-25,[14.45540831]
[17.03100031],[-1.2634338e-13],1301,-25,[14.45540831]
[17.03100031],[-1.2634338e-13],1301,-25,[14.45540831]
[17.03100031],[-1.2634338e-13],1301,-25,[14.45540831]
[17.03100031],[-1.2634338e-13],1301,-25,[14.45540831]
[17.03100031],[-1.2634338e-13],1301,-25,[14.45540831]
[17.03100031],[-1.2634338e-13],1301,-25,[14.45540831]
[17.03100031],[-1.2634338e-13],1301,-25,[14.45540831]
[17.03100031],[-1.2634338e-13],1301,-25,[14.45540831]
[17.03100031],[-1.2634338e-13],1301,-25,[14.45540831]
[17.03100031],[-1.2634338e-13],1301,-25,[14.45540831]
[17.03100031],[-1.2634338e-13],1301,-25,[14.45540831]
[17.03100031],[-1.2634338e-13],1301,-25,[14.45540831]
[17.03100031],[-1.2634338e-13],1301,-25,[14.45540831]
[17.03100031],[-1.2634338e-13],1301,-25,[14.45540831]
[17.03100031],[-1.2634338e-13],1301,-25,[14.45540831]
[17.03100031],[-1.2634338e-13],1301,-25,[14.45540831]
[17.03100031],[-1.2634338e-13],1301,-25,[14.45540831]
[17.03100031],[-1.2634338e-13],1301,-25,[14.45540831]
[17.03100031],[-1.2634338e-13],1301,-25,[14.45540831]
[17.03100031],[-1.2634338e-13],1301,-25,[14.45540831]
[17.03100031],[-1.2634338e-13],1301,-25,[14.45540831]
[17.03100031],[-1.2634338e-13],1301,-25,[14.45540831]
[17.03100031],[-1.2634338e-13],1301,-25,[14.45540831]
[17.03100031],[-1.2634338e-13],1301,-25,[14.45540831]
[17.03100031],[-1.2634338e-13],1301,-25,[14.45540831]
[17.03100031],[-1.2634338e-13],1301,-25,[14.45540831]
[17.03100031],[-1.2634338e-13],1301,-25,[14.45540831]
[17.03100031],[-1.2634338e-13],1301,-25,[14.45540831]
[17.03100031],[-1.2634338e-13],1301,-25,[14.45540831]
[17.03100031],[-1.2634338e-13],1301,-25,[14.45540831]
[17.03100031],[-1.2634338e-13],1301,-25,[14.45540831]
[17.03100031],[-1.2634338e-13],1301,-25,[14.45540831]
[17.03100031],[-1.2634338e-13],1301,-25,[14.45540831]
[17.03100031],[-1.2634338e-13],1301,-25,[14.45540831]
[17.03100031],[-1.2634338e-13],1301,-25,[14.45540831]
[17.03100031],[-1.2634338e-13],1301,-25,[14.45540831]
[17.03100031],[-1.2634338e-13],1301,-25,[14.45540831]
[17.03100031],[-1.2634338e-13],1301,-25,[14.45540831]
[17.03100031],[-1.2634338e-13],1301,-25,[14.45540831]
[17.03100031],[-1.2634338e-13],1301,-25,[14.45540831]
[17.03100031],[-1.2634338e-13],1301,-25,[14.45540831]
[17.03100031],[-1.2634338e-13],1301,-25,[14.45540831]
[17.03100031],[-1.2634338e-13],1301,-25,[14.45540831]
[17.03100031],[-1.2634338e-13],1301,-25,[14.45540831]
[17.03100031],[-1.2634338e-13],1301,-25,[14.45540831]
[17.03100031],[-1.2634338e-13],1301,-25,[14.45540831]
[17.03100031],[-1.2634338e-13],1301,-25,[14.45540831]
[17.03100031],[-1.2634338e-13],1301,-25,[14.45540831]
[17.03100031],[-1.2634338e-13],1301,-25,[14.45540831]
[17.03100031],[-1.2634338e-13],1301,-25,[14.45540831]
[17.03100031],[-1.2634338e-13],1301,-25,[14.45540831]
[17.03100031],[-1.2634338e-13],1301,-25,[14.45540831]
[17.03100031],[-1.2634338e-13],1301,-25,[14.45540831]
[17.03100031],[-1.2634338e-13],1301,-25,[14.45540831]
[17.03100031],[-1.2634338e-13],1301,-25,[14.45540831]
[17.03100031],[-1.2634338e-13],1301,-25,[14.45540831]
[17.03100031],[-1.2634338e-13],1301,-25,[14.45540831]
[17.03100031],[-1.2634338e-13],1301,-25,[14.45540831]
[17.03100031],[-1.2634338e-13],1301,-25,[14.45540831]
[17.03100031],[-1.2634338e-13],1301,-25,[14.45540831]
[17.03100031],[-1.2634338e-13],1301,-25,[14.45540831]
[17.03100031],[-1.2634338e-13],1301,-25,[14.45540831]
[17.03100031],[-1.2634338e-13],1301,-25,[14.45540831]
[17.03100031],[-1.2634338e-13],1301,-25,[14.45540831]
[17.03100031],[-1.2634338e-13],1301,-25,[14.45540831]
[17.03100031],[-1.2634338e-13],1301,-25,[14.45540831]
[17.03100031],[-1.2634338e-13],1301,-25,[14.45540831]
[17.03100031],[-1.2634338e-13],1301,-25,[14.45540831]
[17.03100031],[-1.2634338e-13],1301,-25,[14.45540831]
[17.03100031],[-1.2634338e-13],1301,-25,[14.45540831]
[17.03100031],[-1.2634338e-13],1301,-25,[14.45540831]
[17.03100031],[-1.2634338e-13],1301,-25,[14.45540831]
[17.03100031],[-1.2634338e-13],1301,-25,[14.45540831]
[17.03100031],[-1.2634338e-13],1301,-25,[14.45540831]
[17.03100031],[-1.2634338e-13],1301,-25,[14.45540831]
[17.03100031],[-1.2634338e-13],1301,-25,[14.45540831]
[17.03100031],[-1.2634338e-13],1301,-25,[14.45540831]
[17.03100031],[-1.2634338e-13],1301,-25,[14.45540831]
[17.03100031],[-1.2634338e-13],1301,-25,[14.45540831]
[17.03100031],[-1.2634338e-13],1301,-25,[14.45540831]
[17.03100031],[-1.2634338e-13],1301,-25,[14.45540831]
[17.03100031],[-1.2634338e-13],1301,-25,[14.45540831]
[17.03100031],[-1.2634338e-13],1301,-25,[14.45540831]
[17.03100031],[-1.2634338e-13],1301,-25,[14.45540831]
[17.03100031],[-1.2634338e-13],1301,-25,[14.45540831]
[17.03100031],[-1.2634338e-13],1301,-25,[14.45540831]
[17.03100031],[-1.2634338e-13],1301,-25,[14.45540831]
[17.03100031],[-1.2634338e-13],1301,-25,[14.45540831]
[17.03100031],[-1.2634338e-13],1301,-25,[14.45540831]
[17.03100031],[-1.2634338e-13],1301,-25,[14.45540831]
[17.03100031],[-1.2634338e-13],1301,-25,[14.45540831]
[17.03100031],[-1.2634338e-13],1301,-25,[14.45540831]
[17.03100031],[-1.2634338e-13],1301,-25,[14.45540831]
[17.03100031],[-1.2634338e-13],1301,-25,[14.45540831]
[17.03100031],[-1.2634338e-13],1301,-25,[14.45540831]
[17.03100031],[-1.2634338e-13],1301,-25,[14.45540831]
[17.03100031],[-1.2634338e-13],1301,-25,[14.45540831]
[17.03100031],[-1.2634338e-13],1301,-25,[14.45540831]
[17.03100031],[-1.2634338e-13],1301,-25,[14.45540831]
[17.03100031],[-1.2634338e-13],1301,-25,[14.45540831]
[17.03100031],[-1.2634338e-13],1301,-25,[14.45540831]
[17.03100031],[-1.2634338e-13],1301,-25,[14.45540831]
[17.03100031],[-1.2634338e-13],1301,-25,[14.45540831]
[17.03100031],[-1.2634338e-13],1301,-25,[14.45540831]
[17.03100031],[-1.2634338e-13],1301,-25,[14.45540831]
[17.03100031],[-1.2634338e-13],1301,-25,[14.45540831]
[17.03100031],[-1.2634338e-13],1301,-25,[14.45540831]
[17.03100031],[-1.2634338e-13],1301,-25,[14.45540831]
[17.03100031],[-1.2634338e-13],1301,-25,[14.45540831]
[17.03100031],[-1.2634338e-13],1301,-25,[14.45540831]
[17.03100031],[-1.2634338e-13],1301,-25,[14.45540831]
[17.03100031],[-1.2634338e-13],1301,-25,[14.45540831]
[17.03100031],[-1.2634338e-13],1301,-25,[14.45540831]
[17.03100031],[-1.2634338e-13],1301,-25,[14.45540831]
[17.03100031],[-1.2634338e-13],1301,-25,[14.45540831]
[17.03100031],[-1.2634338e-13],1301,-25,[14.45540831]
[17.03100031],[-1.2634338e-13],1301,-25,[14.45540831]
[17.03100031],[-1.2634338e-13],1301,-25,[14.45540831]
[17.03100031],[-1.2634338e-13],1301,-25,[14.45540831]
[17.03100031],[-1.2634338e-13],1301,-25,[14.45540831]
[17.03100031],[-1.2634338e-13],1301,-25,[14.45540831]
[17.03100031],[-1.2634338e-13],1301,-25,[14.45540831]
[17.03100031],[-1.2634338e-13],1301,-25,[14.45540831]
[17.03100031],[-1.2634338e-13],1301,-25,[14.45540831]
[17.03100031],[-1.2634338e-13],1301,-25,[14.45540831]
[17.03100031],[-1.2634338e-13],1301,-25,[14.45540831]
[17.03100031],[-1.2634338e-13],1301,-25,[14.45540831]
[17.03100031],[-1.2634338e-13],1301,-25,[14.45540831]
[17.03100031],[-1.2634338e-13],1301,-25,[14.45540831]
[17.03100031],[-1.2634338e-13],1301,-25,[14.45540831]
[17.03100031],[-1.2634338e-13],1301,-25,[14.45540831]
[17.03100031],[-1.2634338e-13],1301,-25,[14.45540831]
[17.03100031],[-1.2634338e-13],1301,-25,[14.45540831]
[17.03100031],[-1.2634338e-13],1301,-25,[14.45540831]
[17.03100031],[-1.2634338e-13],1301,-25,[14.45540831]
[17.03100031],[-1.2634338e-13],1301,-25,[14.45540831]
[17.03100031],[-1.2634338e-13],1301,-25,[14.45540831]
[17.03100031],[-1.2634338e-13],1301,-25,[14.45540831]
[17.03100031],[-1.2634338e-13],1301,-25,[14.45540831]
[17.03100031],[-1.2634338e-13],1301,-25,[14.45540831]
[17.03100031],[-1.2634338e-13],1301,-25,[14.45540831]
[17.03100031],[-1.2634338e-13],1301,-25,[14.45540831]
[17.03100031],[-1.2634338e-13],1301,-25,[14.45540831]
[17.03100031],[-1.2634338e-13],1301,-25,[14.45540831]
[17.03100031],[-1.2634338e-13],1301,-25,[14.45540831]
[17.03100031],[-1.2634338e-13],1301,-25,[14.45540831]
[17.03100031],[-1.2634338e-13],1301,-25,[14.45540831]
[17.03100031],[-1.2634338e-13],1301,-25,[14.45540831]
[17.03100031],[-1.2634338e-13],1301,-25,[14.45540831]
[17.03100031],[-1.2634338e-13],1301,-25,[14.45540831]
[17.03100031],[-1.2634338e-13],1301,-25,[14.45540831]
[17.03100031],[-1.2634338e-13],1301,-25,[14.45540831]
[17.03100031],[-1.2634338e-13],1301,-25,[14.45540831]
[17.03100031],[-1.2634338e-13],1301,-25,[14.45540831]
[17.03100031],[-1.2634338e-13],1301,-25,[14.45540831]
[17.03100031],[-1.2634338e-13],1301,-25,[14.45540831]
[17.03100031],[-1.2634338e-13],1301,-25,[14.45540831]
[17.03100031],[-1.2634338e-13],1301,-25,[14.45540831]
[17.03100031],[-1.2634338e-13],1301,-25,[14.45540831]
[17.03100031],[-1.2634338e-13],1301,-25,[14.45540831]
[17.03100031],[-1.2634338e-13],1301,-25,[14.45540831]
[17.03100031],[-1.2634338e-13],1301,-25,[14.45540831]
[17.03100031],[-1.2634338e-13],1301,-25,[14.45540831]
[17.03100031],[-1.2634338e-13],1301,-25,[14.45540831]
[17.03100031],[-1.2634338e-13],1301,-25,[14.45540831]
[17.03100031],[-1.2634338e-13],1301,-25,[14.45540831]
[17.03100031],[-1.2634338e-13],1301,-25,[14.45540831]
[17.03100031],[-1.2634338e-13],1301,-25,[14.45540831]
[17.03100031],[-1.2634338e-13],1301,-25,[14.45540831]
[17.03100031],[-1.2634338e-13],1301,-25,[14.45540831]
[17.03100031],[-1.2634338e-13],1301,-25,[14.45540831]
[17.03100031],[-1.2634338e-13],1301,-25,[14.45540831]
[17.03100031],[-1.2634338e-13],1301,-25,[14.45540831]
[17.03100031],[-1.2634338e-13],1301,-25,[14.45540831]
[17.03100031],[-1.2634338e-13],1301,-25,[14.45540831]
[17.03100031],[-1.2634338e-13],1301,-25,[14.45540831]
[17.03100031],[-1.2634338e-13],1301,-25,[14.45540831]
[17.03100031],[-1.2634338e-13],1301,-25,[14.45540831]
[17.03100031],[-1.2634338e-13],1301,-25,[14.45540831]
[17.03100031],[-1.2634338e-13],1301,-25,[14.45540831]
[17.03100031],[-1.2634338e-13],1301,-25,[14.45540831]
[17.03100031],[-1.2634338e-13],1301,-25,[14.45540831]
[17.03100031],[-1.2634338e-13],1301,-25,[14.45540831]
[17.03100031],[-1.2634338e-13],1301,-25,[14.45540831]
[17.03100031],[-1.2634338e-13],1301,-25,[14.45540831]
[17.03100031],[-1.2634338e-13],1301,-25,[14.45540831]
[17.03100031],[-1.2634338e-13],1301,-25,[14.45540831]
[17.03100031],[-1.2634338e-13],1301,-25,[14.45540831]
[17.03100031],[-1.2634338e-13],1301,-25,[14.45540831]
[17.03100031],[-1.2634338e-13],1301,-25,[14.45540831]
[17.03100031],[-1.2634338e-13],1301,-25,[14.45540831]
[17.03100031],[-1.2634338e-13],1301,-25,[14.45540831]
[17.03100031],[-1.2634338e-13],1301,-25,[14.45540831]
[17.03100031],[-1.2634338e-13],1301,-25,[14.45540831]
[17.03100031],[-1.2634338e-13],1301,-25,[14.45540831]
[17.03100031],[-1.2634338e-13],1301,-25,[14.45540831]
[17.03100031],[-1.2634338e-13],1301,-25,[14.45540831]
[17.03100031],[-1.2634338e-13],1301,-25,[14.45540831]
[17.03100031],[-1.2634338e-13],1301,-25,[14.45540831]
[17.03100031],[-1.2634338e-13],1301,-25,[14.45540831]
[17.03100031],[-1.2634338e-13],1301,-25,[14.45540831]
[17.03100031],[-1.2634338e-13],1301,-25,[14.45540831]
[17.03100031],[-1.2634338e-13],1301,-25,[14.45540831]
[17.03100031],[-1.2634338e-13],1301,-25,[14.45540831]
[17.03100031],[-1.2634338e-13],1301,-25,[14.45540831]
[17.03100031],[-1.2634338e-13],1301,-25,[14.45540831]
[17.03100031],[-1.2634338e-13],1301,-25,[14.45540831]
[17.03100031],[-1.2634338e-13],1301,-25,[14.45540831]
[17.03100031],[-1.2634338e-13],1301,-25,[14.45540831]
[17.03100031],[-1.2634338e-13],1301,-25,[14.45540831]
[17.03100031],[-1.2634338e-13],1301,-25,[14.45540831]
[17.03100031],[-1.2634338e-13],1301,-25,[14.45540831]
[17.03100031],[-1.2634338e-13],1301,-25,[14.45540831]
[17.03100031],[-1.2634338e-13],1301,-25,[14.45540831]
[17.03100031],[-1.2634338e-13],1301,-25,[14.45540831]
[17.03100031],[-1.2634338e-13],1301,-25,[14.45540831]
[17.03100031],[-1.2634338e-13],1301,-25,[14.45540831]
[17.03100031],[-1.2634338e-13],1301,-25,[14.45540831]
[17.03100031],[-1.2634338e-13],1301,-25,[14.45540831]
[17.03100031],[-1.2634338e-13],1301,-25,[14.45540831]
[17.03100031],[-1.2634338e-13],1301,-25,[14.45540831]
[17.03100031],[-1.2634338e-13],1301,-25,[14.45540831]
[17.03100031],[-1.2634338e-13],1301,-25,[14.45540831]
[17.03100031],[-1.2634338e-13],1301,-25,[14.45540831]
[17.03100031],[-1.2634338e-13],1301,-25,[14.45540831]
[17.03100031],[-1.2634338e-13],1301,-25,[14.45540831]
[17.03100031],[-1.2634338e-13],1301,-25,[14.45540831]
[17.03100031],[-1.2634338e-13],1301,-25,[14.45540831]
[17.03100031],[-1.2634338e-13],1301,-25,[14.45540831]
[17.03100031],[-1.2634338e-13],1301,-25,[14.45540831]
[17.03100031],[-1.2634338e-13],1301,-25,[14.45540831]
[17.03100031],[-1.2634338e-13],1301,-25,[14.45540831]
[17.03100031],[-1.2634338e-13],1301,-25,[14.45540831]
[17.03100031],[-1.2634338e-13],1301,-25,[14.45540831]
[17.03100031],[-1.2634338e-13],1301,-25,[14.45540831]
[17.03100031],[-1.2634338e-13],1301,-25,[14.45540831]
[17.03100031],[-1.2634338e-13],1301,-25,[14.45540831]
[17.03100031],[-1.2634338e-13],1301,-25,[14.45540831]
[17.03100031],[-1.2634338e-13],1301,-25,[14.45540831]
[17.03100031],[-1.2634338e-13],1301,-25,[14.45540831]
[17.03100031],[-1.2634338e-13],1301,-25,[14.45540831]
[17.03100031],[-1.2634338e-13],1301,-25,[14.45540831]
[17.03100031],[-1.2634338e-13],1301,-25,[14.45540831]
[17.03100031],[-1.2634338e-13],1301,-25,[14.45540831]
[17.03100031],[-1.2634338e-13],1301,-25,[14.45540831]
[17.03100031],[-1.2634338e-13],1301,-25,[14.45540831]
[17.03100031],[-1.2634338e-13],1301,-25,[14.45540831]
[17.03100031],[-1.2634338e-13],1301,-25,[14.45540831]
[17.03100031],[-1.2634338e-13],1301,-25,[14.45540831]
[17.03100031],[-1.2634338e-13],1301,-25,[14.45540831]
[17.03100031],[-1.2634338e-13],1301,-25,[14.45540831]
[17.03100031],[-1.2634338e-13],1301,-25,[14.45540831]
[17.03100031],[-1.2634338e-13],1301,-25,[14.45540831]
[17.03100031],[-1.2634338e-13],1301,-25,[14.45540831]
[17.03100031],[-1.2634338e-13],1301,-25,[14.45540831]
[17.03100031],[-1.2634338e-13],1301,-25,[14.45540831]
[17.03100031],[-1.2634338e-13],1301,-25,[14.45540831]
[17.03100031],[-1.2634338e-13],1301,-25,[14.45540831]
[17.03100031],[-1.2634338e-13],1301,-25,[14.45540831]
[17.03100031],[-1.2634338e-13],1301,-25,[14.45540831]
[17.03100031],[-1.2634338e-13],1301,-25,[14.45540831]
[17.03100031],[-1.2634338e-13],1301,-25,[14.45540831]
[17.03100031],[-1.2634338e-13],1301,-25,[14.45540831]
[17.03100031],[-1.2634338e-13],1301,-25,[14.45540831]
[17.03100031],[-1.2634338e-13],1301,-25,[14.45540831]
[17.03100031],[-1.2634338e-13],1301,-25,[14.45540831]
[17.03100031],[-1.2634338e-13],1301,-25,[14.45540831]
[17.03100031],[-1.2634338e-13],1301,-25,[14.45540831]
[17.03100031],[-1.2634338e-13],1301,-25,[14.45540831]
[17.03100031],[-1.2634338e-13],1301,-25,[14.45540831]
[17.03100031],[-1.2634338e-13],1301,-25,[14.45540831]
[17.03100031],[-1.2634338e-13],1301,-25,[14.45540831]
[17.03100031],[-1.2634338e-13],1301,-25,[14.45540831]
[17.03100031],[-1.2634338e-13],1301,-25,[14.45540831]
[17.03100031],[-1.2634338e-13],1301,-25,[14.45540831]
[17.03100031],[-1.2634338e-13],1301,-25,[14.45540831]
[17.03100031],[-1.2634338e-13],1301,-25,[14.45540831]
[17.03100031],[-1.2634338e-13],1301,-25,[14.45540831]
[17.03100031],[-1.2634338e-13],1301,-25,[14.45540831]
[17.03100031],[-1.2634338e-13],1301,-25,[14.45540831]
[17.03100031],[-1.2634338e-13],1301,-25,[14.45540831]
[17.03100031],[-1.2634338e-13],1301,-25,[14.45540831]
[17.03100031],[-1.2634338e-13],1301,-25,[14.45540831]
[17.03100031],[-1.2634338e-13],1301,-25,[14.45540831]
[17.03100031],[-1.2634338e-13],1301,-25,[14.45540831]
[17.03100031],[-1.2634338e-13],1301,-25,[14.45540831]
[17.03100031],[-1.2634338e-13],1301,-25,[14.45540831]
[17.03100031],[-1.2634338e-13],1301,-25,[14.45540831]
[17.03100031],[-1.2634338e-13],1301,-25,[14.45540831]
[17.03100031],[-1.2634338e-13],1301,-25,[14.45540831]
[17.03100031],[-1.2634338e-13],1301,-25,[14.45540831]
[17.03100031],[-1.2634338e-13],1301,-25,[14.45540831]
[17.03100031],[-1.2634338e-13],1301,-25,[14.45540831]
[17.03100031],[-1.2634338e-13],1301,-25,[14.45540831]
[17.03100031],[-1.2634338e-13],1301,-25,[14.45540831]
[17.03100031],[-1.2634338e-13],1301,-25,[14.45540831]
[17.03100031],[-1.2634338e-13],1301,-25,[14.45540831]
[17.03100031],[-1.2634338e-13],1301,-25,[14.45540831]
[17.03100031],[-1.2634338e-13],1301,-25,[14.45540831]
[17.03100031],[-1.2634338e-13],1301,-25,[14.45540831]
[17.03100031],[-1.2634338e-13],1301,-25,[14.45540831]
[17.03100031],[-1.2634338e-13],1301,-25,[14.45540831]
[17.03100031],[-1.2634338e-13],1301,-25,[14.45540831]
[17.03100031],[-1.2634338e-13],1301,-25,[14.45540831]
[17.03100031],[-1.2634338e-13],1301,-25,[14.45540831]
[17.03100031],[-1.2634338e-13],1301,-25,[14.45540831]
[17.03100031],[-1.2634338e-13],1301,-25,[14.45540831]
[17.03100031],[-1.2634338e-13],1301,-25,[14.45540831]
[17.03100031],[-1.2634338e-13],1301,-25,[14.45540831]
[17.03100031],[-1.2634338e-13],1301,-25,[14.45540831]
[17.03100031],[-1.2634338e-13],1301,-25,[14.45540831]
[17.03100031],[-1.2634338e-13],1301,-25,[14.45540831]
[17.03100031],[-1.2634338e-13],1301,-25,[14.45540831]
[17.03100031],[-1.2634338e-13],1301,-25,[14.45540831]
[17.03100031],[-1.2634338e-13],1301,-25,[14.45540831]
[17.03100031],[-1.2634338e-13],1301,-25,[14.45540831]
[17.03100031],[-1.2634338e-13],1301,-25,[14.45540831]
[17.03100031],[-1.2634338e-13],1301,-25,[14.45540831]
[17.03100031],[-1.2634338e-13],1301,-25,[14.45540831]
[17.03100031],[-1.2634338e-13],1301,-25,[14.45540831]
[17.03100031],[-1.2634338e-13],1301,-25,[14.45540831]
[17.03100031],[-1.2634338e-13],1301,-25,[14.45540831]
[17.03100031],[-1.2634338e-13],1301,-25,[14.45540831]
[17.03100031],[-1.2634338e-13],1301,-25,[14.45540831]
[17.03100031],[-1.2634338e-13],1301,-25,[14.45540831]
[17.03100031],[-1.2634338e-13],1301,-25,[14.45540831]
[17.03100031],[-1.2634338e-13],1301,-25,[14.45540831]
[17.03100031],[-1.2634338e-13],1301,-25,[14.45540831]
[17.03100031],[-1.2634338e-13],1301,-25,[14.45540831]
[17.03100031],[-1.2634338e-13],1301,-25,[14.45540831]
[17.03100031],[-1.2634338e-13],1301,-25,[14.45540831]
[17.03100031],[-1.2634338e-13],1301,-25,[14.45540831]
[17.03100031],[-1.2634338e-13],1301,-25,[14.45540831]
[17.03100031],[-1.2634338e-13],1301,-25,[14.45540831]
[17.03100031],[-1.2634338e-13],1301,-25,[14.45540831]
[17.03100031],[-1.2634338e-13],1301,-25,[14.45540831]
[17.03100031],[-1.2634338e-13],1301,-25,[14.45540831]
[17.03100031],[-1.2634338e-13],1301,-25,[14.45540831]
[17.03100031],[-1.2634338e-13],1301,-25,[14.45540831]
[17.03100031],[-1.2634338e-13],1301,-25,[14.45540831]
[17.03100031],[-1.2634338e-13],1301,-25,[14.45540831]
[17.03100031],[-1.2634338e-13],1301,-25,[14.45540831]
[17.03100031],[-1.2634338e-13],1301,-25,[14.45540831]
[17.03100031],[-1.2634338e-13],1301,-25,[14.45540831]
[17.03100031],[-1.2634338e-13],1301,-25,[14.45540831]
[17.03100031],[-1.2634338e-13],1301,-25,[14.45540831]
[17.03100031],[-1.2634338e-13],1301,-25,[14.45540831]
[17.03100031],[-1.2634338e-13],1301,-25,[14.45540831]
[17.03100031],[-1.2634338e-13],1301,-25,[14.45540831]
[17.03100031],[-1.2634338e-13],1301,-25,[14.45540831]
[17.03100031],[-1.2634338e-13],1301,-25,[14.45540831]
[17.03100031],[-1.2634338e-13],1301,-25,[14.45540831]
[17.03100031],[-1.2634338e-13],1301,-25,[14.45540831]
[17.03100031],[-1.2634338e-13],1301,-25,[14.45540831]
[17.03100031],[-1.2634338e-13],1301,-25,[14.45540831]
[17.03100031],[-1.2634338e-13],1301,-25,[14.45540831]
[17.03100031],[-1.2634338e-13],1301,-25,[14.45540831]
[17.03100031],[-1.2634338e-13],1301,-25,[14.45540831]
[17.03100031],[-1.2634338e-13],1301,-25,[14.45540831]
[17.03100031],[-1.2634338e-13],1301,-25,[14.45540831]
[17.03100031],[-1.2634338e-13],1301,-25,[14.45540831]
[17.03100031],[-1.2634338e-13],1301,-25,[14.45540831]
[17.03100031],[-1.2634338e-13],1301,-25,[14.45540831]
[17.03100031],[-1.2634338e-13],1301,-25,[14.45540831]
[17.03100031],[-1.2634338e-13],1301,-25,[14.45540831]
[17.03100031],[-1.2634338e-13],1301,-25,[14.45540831]
[17.03100031],[-1.2634338e-13],1301,-25,[14.45540831]
[17.03100031],[-1.2634338e-13],1301,-25,[14.45540831]
[17.03100031],[-1.2634338e-13],1301,-25,[14.45540831]
[17.03100031],[-1.2634338e-13],1301,-25,[14.45540831]
[17.03100031],[-1.2634338e-13],1301,-25,[14.45540831]
[17.03100031],[-1.2634338e-13],1301,-25,[14.45540831]
[17.03100031],[-1.2634338e-13],1301,-25,[14.45540831]
[17.03100031],[-1.2634338e-13],1301,-25,[14.45540831]
[17.03100031],[-1.2634338e-13],1301,-25,[14.45540831]
[17.03100031],[-1.2634338e-13],1301,-25,[14.45540831]
[17.03100031],[-1.2634338e-13],1301,-25,[14.45540831]
[17.03100031],[-1.2634338e-13],1301,-25,[14.45540831]
[17.03100031],[-1.2634338e-13],1301,-25,[14.45540831]
[17.03100031],[-1.2634338e-13],1301,-25,[14.45540831]
[17.03100031],[-1.2634338e-13],1301,-25,[14.45540831]
[17.03100031],[-1.2634338e-13],1301,-25,[14.45540831]
[17.03100031],[-1.2634338e-13],1301,-25,[14.45540831]
[17.03100031],[-1.2634338e-13],1301,-25,[14.45540831]
[17.03100031],[-1.2634338e-13],1301,-25,[14.45540831]
[17.03100031],[-1.2634338e-13],1301,-25,[14.45540831]
[17.03100031],[-1.2634338e-13],1301,-25,[14.45540831]
[17.03100031],[-1.2634338e-13],1301,-25,[14.45540831]
[17.03100031],[-1.2634338e-13],1301,-25,[14.45540831]
[17.03100031],[-1.2634338e-13],1301,-25,[14.45540831]
[17.03100031],[-1.2634338e-13],1301,-25,[14.45540831]
[17.03100031],[-1.2634338e-13],1301,-25,[14.45540831]
[17.03100031],[-1.2634338e-13],1301,-25,[14.45540831]
[17.03100031],[-1.2634338e-13],1301,-25,[14.45540831]
[17.03100031],[-1.2634338e-13],1301,-25,[14.45540831]
[17.03100031],[-1.2634338e-13],1301,-25,[14.45540831]
[17.03100031],[-1.2634338e-13],1301,-25,[14.45540831]
[17.03100031],[-1.2634338e-13],1301,-25,[14.45540831]
[17.03100031],[-1.2634338e-13],1301,-25,[14.45540831]
[17.03100031],[-1.2634338e-13],1301,-25,[14.45540831]
[17.03100031],[-1.2634338e-13],1301,-25,[14.45540831]
[17.03100031],[-1.2634338e-13],1301,-25,[14.45540831]
[17.03100031],[-1.2634338e-13],1301,-25,[14.45540831]
[17.03100031],[-1.2634338e-13],1301,-25,[14.45540831]
[17.03100031],[-1.2634338e-13],1301,-25,[14.45540831]
[17.03100031],[-1.2634338e-13],1301,-25,[14.45540831]
[17.03100031],[-1.2634338e-13],1301,-25,[14.45540831]
[17.03100031],[-1.2634338e-13],1301,-25,[14.45540831]
[17.03100031],[-1.2634338e-13],1301,-25,[14.45540831]
[17.03100031],[-1.2634338e-13],1301,-25,[14.45540831]
[17.03100031],[-1.2634338e-13],1301,-25,[14.45540831]
[17.03100031],[-1.2634338e-13],1301,-25,[14.45540831]
[17.03100031],[-1.2634338e-13],1301,-25,[14.45540831]
[17.03100031],[-1.2634338e-13],1301,-25,[14.45540831]
[17.03100031],[-1.2634338e-13],1301,-25,[14.45540831]
[17.03100031],[-1.2634338e-13],1301,-25,[14.45540831]
[17.03100031],[-1.2634338e-13],1301,-25,[14.45540831]
[17.03100031],[-1.2634338e-13],1301,-25,[14.45540831]
[17.03100031],[-1.2634338e-13],1301,-25,[14.45540831]
[17.03100031],[-1.2634338e-13],1301,-25,[14.45540831]
[17.03100031],[-1.2634338e-13],1301,-25,[14.45540831]
[17.03100031],[-1.2634338e-13],1301,-25,[14.45540831]
[17.03100031],[-1.2634338e-13],1301,-25,[14.45540831]
[17.03100031],[-1.2634338e-13],1301,-25,[14.45540831]
[17.03100031],[-1.2634338e-13],1301,-25,[14.45540831]
[17.03100031],[-1.2634338e-13],1301,-25,[14.45540831]
[17.03100031],[-1.2634338e-13],1301,-25,[14.45540831]
[17.03100031],[-1.2634338e-13],1301,-25,[14.45540831]
[17.03100031],[-1.2634338e-13],1301,-25,[14.45540831]
[17.03100031],[-1.2634338e-13],1301,-25,[14.45540831]
[17.03100031],[-1.2634338e-13],1301,-25,[14.45540831]
[17.03100031],[-1.2634338e-13],1301,-25,[14.45540831]
[17.03100031],[-1.2634338e-13],1301,-25,[14.45540831]
[17.03100031],[-1.2634338e-13],1301,-25,[14.45540831]
[17.03100031],[-1.2634338e-13],1301,-25,[14.45540831]
[17.03100031],[-1.2634338e-13],1301,-25,[14.45540831]
[17.03100031],[-1.2634338e-13],1301,-25,[14.45540831]
[17.03100031],[-1.2634338e-13],1301,-25,[14.45540831]
[17.03100031],[-1.2634338e-13],1301,-25,[14.45540831]
[17.03100031],[-1.2634338e-13],1301,-25,[14.45540831]
[17.03100031],[-1.2634338e-13],1301,-25,[14.45540831]
[17.03100031],[-1.2634338e-13],1301,-25,[14.45540831]
[17.03100031],[-1.2634338e-13],1301,-25,[14.45540831]
[17.03100031],[-1.2634338e-13],1301,-25,[14.45540831]
[17.03100031],[-1.2634338e-13],1301,-25,[14.45540831]
[17.03100031],[-1.2634338e-13],1301,-25,[14.45540831]
[17.03100031],[-1.2634338e-13],1301,-25,[14.45540831]
[17.03100031],[-1.2634338e-13],1301,-25,[14.45540831]
[17.03100031],[-1.2634338e-13],1301,-25,[14.45540831]
[17.03100031],[-1.2634338e-13],1301,-25,[14.45540831]
[17.03100031],[-1.2634338e-13],1301,-25,[14.45540831]
[17.03100031],[-1.2634338e-13],1301,-25,[14.45540831]
[17.03100031],[-1.2634338e-13],1301,-25,[14.45540831]
[17.03100031],[-1.2634338e-13],1301,-25,[14.45540831]
[17.03100031],[-1.2634338e-13],1301,-25,[14.45540831]
[17.03100031],[-1.2634338e-13],1301,-25,[14.45540831]
[17.03100031],[-1.2634338e-13],1301,-25,[14.45540831]
[17.03100031],[-1.2634338e-13],1301,-25,[14.45540831]
[17.03100031],[-1.2634338e-13],1301,-25,[14.45540831]
[17.03100031],[-1.2634338e-13],1301,-25,[14.45540831]
[17.03100031],[-1.2634338e-13],1301,-25,[14.45540831]
[17.03100031],[-1.2634338e-13],1301,-25,[14.45540831]
[17.03100031],[-1.2634338e-13],1301,-25,[14.45540831]
[17.03100031],[-1.2634338e-13],1301,-25,[14.45540831]
[17.03100031],[-1.2634338e-13],1301,-25,[14.45540831]
[17.03100031],[-1.2634338e-13],1301,-25,[14.45540831]
[17.03100031],[-1.2634338e-13],1301,-25,[14.45540831]
[17.03100031],[-1.2634338e-13],1301,-25,[14.45540831]
[17.03100031],[-1.2634338e-13],1301,-25,[14.45540831]
[17.03100031],[-1.2634338e-13],1301,-25,[14.45540831]
[17.03100031],[-1.2634338e-13],1301,-25,[14.45540831]
[17.03100031],[-1.2634338e-13],1301,-25,[14.45540831]
[17.03100031],[-1.2634338e-13],1301,-25,[14.45540831]
[17.03100031],[-1.2634338e-13],1301,-25,[14.45540831]
[17.03100031],[-1.2634338e-13],1301,-25,[14.45540831]
[17.03100031],[-1.2634338e-13],1301,-25,[14.45540831]
[17.03100031],[-1.2634338e-13],1301,-25,[14.45540831]
[17.03100031],[-1.2634338e-13],1301,-25,[14.45540831]
[17.03100031],[-1.2634338e-13],1301,-25,[14.45540831]
[17.03100031],[-1.2634338e-13],1301,-25,[14.45540831]
[17.03100031],[-1.2634338e-13],1301,-25,[14.45540831]
[17.03100031],[-1.2634338e-13],1301,-25,[14.45540831]
[17.03100031],[-1.2634338e-13],1301,-25,[14.45540831]
[17.03100031],[-1.2634338e-13],1301,-25,[14.45540831]
[17.03100031],[-1.2634338e-13],1301,-25,[14.45540831]
[17.03100031],[-1.2634338e-13],1301,-25,[14.45540831]
[17.03100031],[-1.2634338e-13],1301,-25,[14.45540831]
[17.03100031],[-1.2634338e-13],1301,-25,[14.45540831]
[17.03100031],[-1.2634338e-13],1301,-25,[14.45540831]
[17.03100031],[-1.2634338e-13],1301,-25,[14.45540831]
[17.03100031],[-1.2634338e-13],1301,-25,[14.45540831]
[17.03100031],[-1.2634338e-13],1301,-25,[14.45540831]
[17.03100031],[-1.2634338e-13],1301,-25,[14.45540831]
[17.03100031],[-1.2634338e-13],1301,-25,[14.45540831]
[17.03100031],[-1.2634338e-13],1301,-25,[14.45540831]
[17.03100031],[-1.2634338e-13],1301,-25,[14.45540831]
[17.03100031],[-1.2634338e-13],1301,-25,[14.45540831]
[17.03100031],[-1.2634338e-13],1301,-25,[14.45540831]
[17.03100031],[-1.2634338e-13],1301,-25,[14.45540831]
[17.03100031],[-1.2634338e-13],1301,-25,[14.45540831]
[17.03100031],[-1.2634338e-13],1301,-25,[14.45540831]
[17.03100031],[-1.2634338e-13],1301,-25,[14.45540831]
[17.03100031],[-1.2634338e-13],1301,-25,[14.45540831]
[17.03100031],[-1.2634338e-13],1301,-25,[14.45540831]
[17.03100031],[-1.2634338e-13],1301,-25,[14.45540831]
[17.03100031],[-1.2634338e-13],1301,-25,[14.45540831]
[17.03100031],[-1.2634338e-13],1301,-25,[14.45540831]
[17.03100031],[-1.2634338e-13],1301,-25,[14.45540831]
[17.03100031],[-1.2634338e-13],1301,-25,[14.45540831]
[17.03100031],[-1.2634338e-13],1301,-25,[14.45540831]
[17.03100031],[-1.2634338e-13],1301,-25,[14.45540831]
[17.03100031],[-1.2634338e-13],1301,-25,[14.45540831]
[17.03100031],[-1.2634338e-13],1301,-25,[14.45540831]
[17.03100031],[-1.2634338e-13],1301,-25,[14.45540831]
[17.03100031],[-1.2634338e-13],1301,-25,[14.45540831]
[17.03100031],[-1.2634338e-13],1301,-25,[14.45540831]
[17.03100031],[-1.2634338e-13],1301,-25,[14.45540831]
[17.03100031],[-1.2634338e-13],1301,-25,[14.45540831]
[17.03100031],[-1.2634338e-13],1301,-25,[14.45540831]
[17.03100031],[-1.2634338e-13],1301,-25,[14.45540831]
[17.03100031],[-1.2634338e-13],1301,-25,[14.45540831]
[17.03100031],[-1.2634338e-13],1301,-25,[14.45540831]
[17.03100031],[-1.2634338e-13],1301,-25,[14.45540831]
[17.03100031],[-1.2634338e-13],1301,-25,[14.45540831]
[17.03100031],[-1.2634338e-13],1301,-25,[14.45540831]
[17.03100031],[-1.2634338e-13],1301,-25,[14.45540831]
[17.03100031],[-1.2634338e-13],1301,-25,[14.45540831]
[17.03100031],[-1.2634338e-13],1301,-25,[14.45540831]
[17.03100031],[-1.2634338e-13],1301,-25,[14.45540831]
[17.03100031],[-1.2634338e-13],1301,-25,[14.45540831]
[17.03100031],[-1.2634338e-13],1301,-25,[14.45540831]
[17.03100031],[-1.2634338e-13],1301,-25,[14.45540831]
[17.03100031],[-1.2634338e-13],1301,-25,[14.45540831]
[17.03100031],[-1.2634338e-13],1301,-25,[14.45540831]
[17.03100031],[-1.2634338e-13],1301,-25,[14.45540831]
[17.03100031],[-1.2634338e-13],1301,-25,[14.45540831]
[17.03100031],[-1.2634338e-13],1301,-25,[14.45540831]
[17.03100031],[-1.2634338e-13],1301,-25,[14.45540831]
[17.03100031],[-1.2634338e-13],1301,-25,[14.45540831]
[17.03100031],[-1.2634338e-13],1301,-25,[14.45540831]
[17.03100031],[-1.2634338e-13],1301,-25,[14.45540831]
[17.03100031],[-1.2634338e-13],1301,-25,[14.45540831]
[17.03100031],[-1.2634338e-13],1301,-25,[14.45540831]
[17.03100031],[-1.2634338e-13],1301,-25,[14.45540831]
[17.03100031],[-1.2634338e-13],1301,-25,[14.45540831]
[17.03100031],[-1.2634338e-13],1301,-25,[14.45540831]
[17.03100031],[-1.2634338e-13],1301,-25,[14.45540831]
[17.03100031],[-1.2634338e-13],1301,-25,[14.45540831]
[17.03100031],[-1.2634338e-13],1301,-25,[14.45540831]
[17.03100031],[-1.2634338e-13],1301,-25,[14.45540831]
[17.03100031],[-1.2634338e-13],1301,-25,[14.45540831]
[17.03100031],[-1.2634338e-13],1301,-25,[14.45540831]
[17.03100031],[-1.2634338e-13],1301,-25,[14.45540831]
[17.03100031],[-1.2634338e-13],1301,-25,[14.45540831]
[17.03100031],[-1.2634338e-13],1301,-25,[14.45540831]
[17.03100031],[-1.2634338e-13],1301,-25,[14.45540831]
[17.03100031],[-1.2634338e-13],1301,-25,[14.45540831]
[17.03100031],[-1.2634338e-13],1301,-25,[14.45540831]
[17.03100031],[-1.2634338e-13],1301,-25,[14.45540831]
[17.03100031],[-1.2634338e-13],1301,-25,[14.45540831]
[17.03100031],[-1.2634338e-13],1301,-25,[14.45540831]
[17.03100031],[-1.2634338e-13],1301,-25,[14.45540831]
[17.03100031],[-1.2634338e-13],1301,-25,[14.45540831]
[17.03100031],[-1.2634338e-13],1301,-25,[14.45540831]
[17.03100031],[-1.2634338e-13],1301,-25,[14.45540831]
[17.03100031],[-1.2634338e-13],1301,-25,[14.45540831]
[17.03100031],[-1.2634338e-13],1301,-25,[14.45540831]
[17.03100031],[-1.2634338e-13],1301,-25,[14.45540831]
[17.03100031],[-1.2634338e-13],1301,-25,[14.45540831]
[17.03100031],[-1.2634338e-13],1301,-25,[14.45540831]
[17.03100031],[-1.2634338e-13],1301,-25,[14.45540831]
[17.03100031],[-1.2634338e-13],1301,-25,[14.45540831]
[17.03100031],[-1.2634338e-13],1301,-25,[14.45540831]
[17.03100031],[-1.2634338e-13],1301,-25,[14.45540831]
[17.03100031],[-1.2634338e-13],1301,-25,[14.45540831]
[17.03100031],[-1.2634338e-13],1301,-25,[14.45540831]
[17.03100031],[-1.2634338e-13],1301,-25,[14.45540831]
[17.03100031],[-1.2634338e-13],1301,-25,[14.45540831]
[17.03100031],[-1.2634338e-13],1301,-25,[14.45540831]
[17.03100031],[-1.2634338e-13],1301,-25,[14.45540831]
[17.03100031],[-1.2634338e-13],1301,-25,[14.45540831]
[17.03100031],[-1.2634338e-13],1301,-25,[14.45540831]
[17.03100031],[-1.2634338e-13],1301,-25,[14.45540831]
[17.03100031],[-1.2634338e-13],1301,-25,[14.45540831]
[17.03100031],[-1.2634338e-13],1301,-25,[14.45540831]
[17.03100031],[-1.2634338e-13],1301,-25,[14.45540831]
[17.03100031],[-1.2634338e-13],1301,-25,[14.45540831]
[17.03100031],[-1.2634338e-13],1301,-25,[14.45540831]
[17.03100031],[-1.2634338e-13],1301,-25,[14.45540831]
[17.03100031],[-1.2634338e-13],1301,-25,[14.45540831]
[17.03100031],[-1.2634338e-13],1301,-25,[14.45540831]
[17.03100031],[-1.2634338e-13],1301,-25,[14.45540831]
[17.03100031],[-1.2634338e-13],1301,-25,[14.45540831]
[17.03100031],[-1.2634338e-13],1301,-25,[14.45540831]
[17.03100031],[-1.2634338e-13],1301,-25,[14.45540831]
[17.03100031],[-1.2634338e-13],1301,-25,[14.45540831]
[17.03100031],[-1.2634338e-13],1301,-25,[14.45540831]
[17.03100031],[-1.2634338e-13],1301,-25,[14.45540831]
[17.03100031],[-1.2634338e-13],1301,-25,[14.45540831]
[17.03100031],[-1.2634338e-13],1301,-25,[14.45540831]
[17.03100031],[-1.2634338e-13],1301,-25,[14.45540831]
[17.03100031],[-1.2634338e-13],1301,-25,[14.45540831]
[17.03100031],[-1.2634338e-13],1301,-25,[14.45540831]
[17.03100031],[-1.2634338e-13],1301,-25,[14.45540831]
[17.03100031],[-1.2634338e-13],1301,-25,[14.45540831]
[17.03100031],[-1.2634338e-13],1301,-25,[14.45540831]
[17.03100031],[-1.2634338e-13],1301,-25,[14.45540831]
[17.03100031],[-1.2634338e-13],1301,-25,[14.45540831]
[17.03100031],[-1.2634338e-13],1301,-25,[14.45540831]
[17.03100031],[-1.2634338e-13],1301,-25,[14.45540831]
[17.03100031],[-1.2634338e-13],1301,-25,[14.45540831]
[17.03100031],[-1.2634338e-13],1301,-25,[14.45540831]
[17.03100031],[-1.2634338e-13],1301,-25,[14.45540831]
[17.03100031],[-1.2634338e-13],1301,-25,[14.45540831]
[17.03100031],[-1.2634338e-13],1301,-25,[14.45540831]
[17.03100031],[-1.2634338e-13],1301,-25,[14.45540831]
[17.03100031],[-1.2634338e-13],1301,-25,[14.45540831]
[17.03100031],[-1.2634338e-13],1301,-25,[14.45540831]
[17.03100031],[-1.2634338e-13],1301,-25,[14.45540831]
[17.03100031],[-1.2634338e-13],1301,-25,[14.45540831]
[17.03100031],[-1.2634338e-13],1301,-25,[14.45540831]
[17.03100031],[-1.2634338e-13],1301,-25,[14.45540831]
[17.03100031],[-1.2634338e-13],1301,-25,[14.45540831]
[17.03100031],[-1.2634338e-13],1301,-25,[14.45540831]
[17.03100031],[-1.2634338e-13],1301,-25,[14.45540831]
[17.03100031],[-1.2634338e-13],1301,-25,[14.45540831]
[17.03100031],[-1.2634338e-13],1301,-25,[14.45540831]
[17.03100031],[-1.2634338e-13],1301,-25,[14.45540831]
[17.03100031],[-1.2634338e-13],1301,-25,[14.45540831]
[17.03100031],[-1.2634338e-13],1301,-25,[14.45540831]
[17.03100031],[-1.2634338e-13],1301,-25,[14.45540831]
[17.03100031],[-1.2634338e-13],1301,-25,[14.45540831]
[17.03100031],[-1.2634338e-13],1301,-25,[14.45540831]
[17.03100031],[-1.2634338e-13],1301,-25,[14.45540831]
[17.03100031],[-1.2634338e-13],1301,-25,[14.45540831]
[17.03100031],[-1.2634338e-13],1301,-25,[14.45540831]
[17.03100031],[-1.2634338e-13],1301,-25,[14.45540831]
[17.03100031],[-1.2634338e-13],1301,-25,[14.45540831]
[17.03100031],[-1.2634338e-13],1301,-25,[14.45540831]
[17.03100031],[-1.2634338e-13],1301,-25,[14.45540831]
[17.03100031],[-1.2634338e-13],1301,-25,[14.45540831]
[17.03100031],[-1.2634338e-13],1301,-25,[14.45540831]
[17.03100031],[-1.2634338e-13],1301,-25,[14.45540831]
[17.03100031],[-1.2634338e-13],1301,-25,[14.45540831]
[17.03100031],[-1.2634338e-13],1301,-25,[14.45540831]
[17.03100031],[-1.2634338e-13],1301,-25,[14.45540831]
[17.03100031],[-1.2634338e-13],1301,-25,[14.45540831]
[17.03100031],[-1.2634338e-13],1301,-25,[14.45540831]
[17.03100031],[-1.2634338e-13],1301,-25,[14.45540831]
[17.03100031],[-1.2634338e-13],1301,-25,[14.45540831]
[17.03100031],[-1.2634338e-13],1301,-25,[14.45540831]
[17.03100031],[-1.2634338e-13],1301,-25,[14.45540831]
[17.03100031],[-1.2634338e-13],1301,-25,[14.45540831]
[17.03100031],[-1.2634338e-13],1301,-25,[14.45540831]
[17.03100031],[-1.2634338e-13],1301,-25,[14.45540831]
[17.03100031],[-1.2634338e-13],1301,-25,[14.45540831]
[17.03100031],[-1.2634338e-13],1301,-25,[14.45540831]
[17.03100031],[-1.2634338e-13],1301,-25,[14.45540831]
[17.03100031],[-1.2634338e-13],1301,-25,[14.45540831]
[17.03100031],[-1.2634338e-13],1301,-25,[14.45540831]
[17.03100031],[-1.2634338e-13],1301,-25,[14.45540831]
[17.03100031],[-1.2634338e-13],1301,-25,[14.45540831]
[17.03100031],[-1.2634338e-13],1301,-25,[14.45540831]
[17.03100031],[-1.2634338e-13],1301,-25,[14.45540831]
[17.03100031],[-1.2634338e-13],1301,-25,[14.45540831]
[17.03100031],[-1.2634338e-13],1301,-25,[14.45540831]
[17.03100031],[-1.2634338e-13],1301,-25,[14.45540831]
[17.03100031],[-1.2634338e-13],1301,-25,[14.45540831]
[17.03100031],[-1.2634338e-13],1301,-25,[14.45540831]
[17.03100031],[-1.2634338e-13],1301,-25,[14.45540831]
[17.03100031],[-1.2634338e-13],1301,-25,[14.45540831]
[17.03100031],[-1.2634338e-13],1301,-25,[14.45540831]
[17.03100031],[-1.2634338e-13],1301,-25,[14.45540831]
[17.03100031],[-1.2634338e-13],1301,-25,[14.45540831]
[17.03100031],[-1.2634338e-13],1301,-25,[14.45540831]
[17.03100031],[-1.2634338e-13],1301,-25,[14.45540831]
[17.03100031],[-1.2634338e-13],1301,-25,[14.45540831]
[17.03100031],[-1.2634338e-13],1301,-25,[14.45540831]
[17.03100031],[-1.2634338e-13],1301,-25,[14.45540831]
[17.03100031],[-1.2634338e-13],1301,-25,[14.45540831]
[17.03100031],[-1.2634338e-13],1301,-25,[14.45540831]
[17.03100031],[-1.2634338e-13],1301,-25,[14.45540831]
[17.03100031],[-1.2634338e-13],1301,-25,[14.45540831]
[17.03100031],[-1.2634338e-13],1301,-25,[14.45540831]
[17.03100031],[-1.2634338e-13],1301,-25,[14.45540831]
[17.03100031],[-1.2634338e-13],1301,-25,[14.45540831]
[17.03100031],[-1.2634338e-13],1301,-25,[14.45540831]
[17.03100031],[-1.2634338e-13],1301,-25,[14.45540831]
[17.03100031],[-1.2634338e-13],1301,-25,[14.45540831]
[17.03100031],[-1.2634338e-13],1301,-25,[14.45540831]
[17.03100031],[-1.2634338e-13],1301,-25,[14.45540831]
[17.03100031],[-1.2634338e-13],1301,-25,[14.45540831]
[17.03100031],[-1.2634338e-13],1301,-25,[14.45540831]
[17.03100031],[-1.2634338e-13],1301,-25,[14.45540831]
[17.03100031],[-1.2634338e-13],1301,-25,[14.45540831]
[17.03100031],[-1.2634338e-13],1301,-25,[14.45540831]
[17.03100031],[-1.2634338e-13],1301,-25,[14.45540831]
[17.03100031],[-1.2634338e-13],1301,-25,[14.45540831]
[17.03100031],[-1.2634338e-13],1301,-25,[14.45540831]
[17.03100031],[-1.2634338e-13],1301,-25,[14.45540831]
[17.03100031],[-1.2634338e-13],1301,-25,[14.45540831]
[17.03100031],[-1.2634338e-13],1301,-25,[14.45540831]
[17.03100031],[-1.2634338e-13],1301,-25,[14.45540831]
[17.03100031],[-1.2634338e-13],1301,-25,[14.45540831]
[17.03100031],[-1.2634338e-13],1301,-25,[14.45540831]
[17.03100031],[-1.2634338e-13],1301,-25,[14.45540831]
[17.03100031],[-1.2634338e-13],1301,-25,[14.45540831]
[17.03100031],[-1.2634338e-13],1301,-25,[14.45540831]
[17.03100031],[-1.2634338e-13],1301,-25,[14.45540831]
[17.03100031],[-1.2634338e-13],1301,-25,[14.45540831]
[17.03100031],[-1.2634338e-13],1301,-25,[14.45540831]
[17.03100031],[-1.2634338e-13],1301,-25,[14.45540831]
[17.03100031],[-1.2634338e-13],1301,-25,[14.45540831]
[17.03100031],[-1.2634338e-13],1301,-25,[14.45540831]
[17.03100031],[-1.2634338e-13],1301,-25,[14.45540831]
[17.03100031],[-1.2634338e-13],1301,-25,[14.45540831]
[17.03100031],[-1.2634338e-13],1301,-25,[14.45540831]
[17.03100031],[-1.2634338e-13],1301,-25,[14.45540831]
[17.03100031],[-1.2634338e-13],1301,-25,[14.45540831]
[17.03100031],[-1.2634338e-13],1301,-25,[14.45540831]
[17.03100031],[-1.2634338e-13],1301,-25,[14.45540831]
[17.03100031],[-1.2634338e-13],1301,-25,[14.45540831]
[17.03100031],[-1.2634338e-13],1301,-25,[14.45540831]
[17.03100031],[-1.2634338e-13],1301,-25,[14.45540831]
[17.03100031],[-1.2634338e-13],1301,-25,[14.45540831]
[17.03100031],[-1.2634338e-13],1301,-25,[14.45540831]
[17.03100031],[-1.2634338e-13],1301,-25,[14.45540831]
[17.03100031],[-1.2634338e-13],1301,-25,[14.45540831]
[17.03100031],[-1.2634338e-13],1301,-25,[14.45540831]
[17.03100031],[-1.2634338e-13],1301,-25,[14.45540831]
[17.03100031],[-1.2634338e-13],1301,-25,[14.45540831]
[17.03100031],[-1.2634338e-13],1301,-25,[14.45540831]
[17.03100031],[-1.2634338e-13],1301,-25,[14.45540831]
[17.03100031],[-1.2634338e-13],1301,-25,[14.45540831]
[17.03100031],[-1.2634338e-13],1301,-25,[14.45540831]
[17.03100031],[-1.2634338e-13],1301,-25,[14.45540831]
[17.03100031],[-1.2634338e-13],1301,-25,[14.45540831]
[17.03100031],[-1.2634338e-13],1301,-25,[14.45540831]
[17.03100031],[-1.2634338e-13],1301,-25,[14.45540831]
[17.03100031],[-1.2634338e-13],1301,-25,[14.45540831]
[17.03100031],[-1.2634338e-13],1301,-25,[14.45540831]
[17.03100031],[-1.2634338e-13],1301,-25,[14.45540831]
[17.03100031],[-1.2634338e-13],1301,-25,[14.45540831]
[17.03100031],[-1.2634338e-13],1301,-25,[14.45540831]
[17.03100031],[-1.2634338e-13],1301,-25,[14.45540831]
[17.03100031],[-1.2634338e-13],1301,-25,[14.45540831]
[17.03100031],[-1.2634338e-13],1301,-25,[14.45540831]
[17.03100031],[-1.2634338e-13],1301,-25,[14.45540831]
[17.03100031],[-1.2634338e-13],1301,-25,[14.45540831]
[17.03100031],[-1.2634338e-13],1301,-25,[14.45540831]
[17.03100031],[-1.2634338e-13],1301,-25,[14.45540831]
[17.03100031],[-1.2634338e-13],1301,-25,[14.45540831]
[17.03100031],[-1.2634338e-13],1301,-25,[14.45540831]
[17.03100031],[-1.2634338e-13],1301,-25,[14.45540831]
[17.03100031],[-1.2634338e-13],1301,-25,[14.45540831]
[17.03100031],[-1.2634338e-13],1301,-25,[14.45540831]
[17.03100031],[-1.2634338e-13],1301,-25,[14.45540831]
[17.03100031],[-1.2634338e-13],1301,-25,[14.45540831]
[17.03100031],[-1.2634338e-13],1301,-25,[14.45540831]
[17.03100031],[-1.2634338e-13],1301,-25,[14.45540831]
[17.03100031],[-1.2634338e-13],1301,-25,[14.45540831]
[17.03100031],[-1.2634338e-13],1301,-25,[14.45540831]
[17.03100031],[-1.2634338e-13],1301,-25,[14.45540831]
[17.03100031],[-1.2634338e-13],1301,-25,[14.45540831]
[17.03100031],[-1.2634338e-13],1301,-25,[14.45540831]
[17.03100031],[-1.2634338e-13],1301,-25,[14.45540831]
[17.03100031],[-1.2634338e-13],1301,-25,[14.45540831]
[17.03100031],[-1.2634338e-13],1301,-25,[14.45540831]
[17.03100031],[-1.2634338e-13],1301,-25,[14.45540831]
[17.03100031],[-1.2634338e-13],1301,-25,[14.45540831]
[17.03100031],[-1.2634338e-13],1301,-25,[14.45540831]
[17.03100031],[-1.2634338e-13],1301,-25,[14.45540831]
[17.03100031],[-1.2634338e-13],1301,-25,[14.45540831]
[17.03100031],[-1.2634338e-13],1301,-25,[14.45540831]
[17.03100031],[-1.2634338e-13],1301,-25,[14.45540831]
[17.03100031],[-1.2634338e-13],1301,-25,[14.45540831]
[17.03100031],[-1.2634338e-13],1301,-25,[14.45540831]
[17.03100031],[-1.2634338e-13],1301,-25,[14.45540831]
[17.03100031],[-1.2634338e-13],1301,-25,[14.45540831]
[17.03100031],[-1.2634338e-13],1301,-25,[14.45540831]
[17.03100031],[-1.2634338e-13],1301,-25,[14.45540831]
[17.03100031],[-1.2634338e-13],1301,-25,[14.45540831]
[17.03100031],[-1.2634338e-13],1301,-25,[14.45540831]
[17.03100031],[-1.2634338e-13],1301,-25,[14.45540831]
[17.03100031],[-1.2634338e-13],1301,-25,[14.45540831]
[17.03100031],[-1.2634338e-13],1301,-25,[14.45540831]
[17.03100031],[-1.2634338e-13],1301,-25,[14.45540831]
[17.03100031],[-1.2634338e-13],1301,-25,[14.45540831]
[17.03100031],[-1.2634338e-13],1301,-25,[14.45540831]
[17.03100031],[-1.2634338e-13],1301,-25,[14.45540831]
[17.03100031],[-1.2634338e-13],1301,-25,[14.45540831]
[17.03100031],[-1.2634338e-13],1301,-25,[14.45540831]
[17.03100031],[-1.2634338e-13],1301,-25,[14.45540831]
[17.03100031],[-1.2634338e-13],1301,-25,[14.45540831]
[17.03100031],[-1.2634338e-13],1301,-25,[14.45540831]
[17.03100031],[-1.2634338e-13],1301,-25,[14.45540831]
[17.03100031],[-1.2634338e-13],1301,-25,[14.45540831]
[17.03100031],[-1.2634338e-13],1301,-25,[14.45540831]
[17.03100031],[-1.2634338e-13],1301,-25,[14.45540831]
[17.03100031],[-1.2634338e-13],1301,-25,[14.45540831]
[17.03100031],[-1.2634338e-13],1301,-25,[14.45540831]
[17.03100031],[-1.2634338e-13],1301,-25,[14.45540831]
[17.03100031],[-1.2634338e-13],1301,-25,[14.45540831]
[17.03100031],[-1.2634338e-13],1301,-25,[14.45540831]
[17.03100031],[-1.2634338e-13],1301,-25,[14.45540831]
[17.03100031],[-1.2634338e-13],1301,-25,[14.45540831]
[17.03100031],[-1.2634338e-13],1301,-25,[14.45540831]
[17.03100031],[-1.2634338e-13],1301,-25,[14.45540831]
[17.03100031],[-1.2634338e-13],1301,-25,[14.45540831]
[17.03100031],[-1.2634338e-13],1301,-25,[14.45540831]
[17.03100031],[-1.2634338e-13],1301,-25,[14.45540831]
[17.03100031],[-1.2634338e-13],1301,-25,[14.45540831]
[17.03100031],[-1.2634338e-13],1301,-25,[14.45540831]
[17.03100031],[-1.2634338e-13],1301,-25,[14.45540831]
[17.03100031],[-1.2634338e-13],1301,-25,[14.45540831]
[17.03100031],[-1.2634338e-13],1301,-25,[14.45540831]
[17.03100031],[-1.2634338e-13],1301,-25,[14.45540831]
[17.03100031],[-1.2634338e-13],1301,-25,[14.45540831]
[17.03100031],[-1.2634338e-13],1301,-25,[14.45540831]
[17.03100031],[-1.2634338e-13],1301,-25,[14.45540831]
[17.03100031],[-1.2634338e-13],1301,-25,[14.45540831]
[17.03100031],[-1.2634338e-13],1301,-25,[14.45540831]
[17.03100031],[-1.2634338e-13],1301,-25,[14.45540831]
[17.03100031],[-1.2634338e-13],1301,-25,[14.45540831]
[17.03100031],[-1.2634338e-13],1301,-25,[14.45540831]
[17.03100031],[-1.2634338e-13],1301,-25,[14.45540831]
[17.03100031],[-1.2634338e-13],1301,-25,[14.45540831]
[17.03100031],[-1.2634338e-13],1301,-25,[14.45540831]
[17.03100031],[-1.2634338e-13],1301,-25,[14.45540831]
[17.03100031],[-1.2634338e-13],1301,-25,[14.45540831]
[17.03100031],[-1.2634338e-13],1301,-25,[14.45540831]
[17.03100031],[-1.2634338e-13],1301,-25,[14.45540831]
[17.03100031],[-1.2634338e-13],1301,-25,[14.45540831]
[17.03100031],[-1.2634338e-13],1301,-25,[14.45540831]
[17.03100031],[-1.2634338e-13],1301,-25,[14.45540831]
[17.03100031],[-1.2634338e-13],1301,-25,[14.45540831]
[17.03100031],[-1.2634338e-13],1301,-25,[14.45540831]
[17.03100031],[-1.2634338e-13],1301,-25,[14.45540831]
[17.03100031],[-1.2634338e-13],1301,-25,[14.45540831]
[17.03100031],[-1.2634338e-13],1301,-25,[14.45540831]
[17.03100031],[-1.2634338e-13],1301,-25,[14.45540831]
[17.03100031],[-1.2634338e-13],1301,-25,[14.45540831]
[17.03100031],[-1.2634338e-13],1301,-25,[14.45540831]
[17.03100031],[-1.2634338e-13],1301,-25,[14.45540831]
[17.03100031],[-1.2634338e-13],1301,-25,[14.45540831]
[17.03100031],[-1.2634338e-13],1301,-25,[14.45540831]
[17.03100031],[-1.2634338e-13],1301,-25,[14.45540831]
[17.03100031],[-1.2634338e-13],1301,-25,[14.45540831]
[17.03100031],[-1.2634338e-13],1301,-25,[14.45540831]
[17.03100031],[-1.2634338e-13],1301,-25,[14.45540831]
[17.03100031],[-1.2634338e-13],1301,-25,[14.45540831]
[17.03100031],[-1.2634338e-13],1301,-25,[14.45540831]
[17.03100031],[-1.2634338e-13],1301,-25,[14.45540831]
[17.03100031],[-1.2634338e-13],1301,-25,[14.45540831]
[17.03100031],[-1.2634338e-13],1301,-25,[14.45540831]
[17.03100031],[-1.2634338e-13],1301,-25,[14.45540831]
[17.03100031],[-1.2634338e-13],1301,-25,[14.45540831]
[17.03100031],[-1.2634338e-13],1301,-25,[14.45540831]
[17.03100031],[-1.2634338e-13],1301,-25,[14.45540831]
[17.03100031],[-1.2634338e-13],1301,-25,[14.45540831]
[17.03100031],[-1.2634338e-13],1301,-25,[14.45540831]
[17.03100031],[-1.2634338e-13],1301,-25,[14.45540831]
[17.03100031],[-1.2634338e-13],1301,-25,[14.45540831]
[17.03100031],[-1.2634338e-13],1301,-25,[14.45540831]
[17.03100031],[-1.2634338e-13],1301,-25,[14.45540831]
[17.03100031],[-1.2634338e-13],1301,-25,[14.45540831]
[17.03100031],[-1.2634338e-13],1301,-25,[14.45540831]
[17.03100031],[-1.2634338e-13],1301,-25,[14.45540831]
[17.03100031],[-1.2634338e-13],1301,-25,[14.45540831]
[17.03100031],[-1.2634338e-13],1301,-25,[14.45540831]
[17.03100031],[-1.2634338e-13],1301,-25,[14.45540831]
[17.03100031],[-1.2634338e-13],1301,-25,[14.45540831]
[17.03100031],[-1.2634338e-13],1301,-25,[14.45540831]
[17.03100031],[-1.2634338e-13],1301,-25,[14.45540831]
[17.03100031],[-1.2634338e-13],1301,-25,[14.45540831]
[17.03100031],[-1.2634338e-13],1301,-25,[14.45540831]
[17.03100031],[-1.2634338e-13],1301,-25,[14.45540831]
[17.03100031],[-1.2634338e-13],1301,-25,[14.45540831]
[17.03100031],[-1.2634338e-13],1301,-25,[14.45540831]
[17.03100031],[-1.2634338e-13],1301,-25,[14.45540831]
[17.03100031],[-1.2634338e-13],1301,-25,[14.45540831]
[17.03100031],[-1.2634338e-13],1301,-25,[14.45540831]
[17.03100031],[-1.2634338e-13],1301,-25,[14.45540831]
[17.03100031],[-1.2634338e-13],1301,-25,[14.45540831]
[17.03100031],[-1.2634338e-13],1301,-25,[14.45540831]
[17.03100031],[-1.2634338e-13],1301,-25,[14.45540831]
[17.03100031],[-1.2634338e-13],1301,-25,[14.45540831]
[17.03100031],[-1.2634338e-13],1301,-25,[14.45540831]
[17.03100031],[-1.2634338e-13],1301,-25,[14.45540831]
[17.03100031],[-1.2634338e-13],1301,-25,[14.45540831]
[17.03100031],[-1.2634338e-13],1301,-25,[14.45540831]
[17.03100031],[-1.2634338e-13],1301,-25,[14.45540831]
[17.03100031],[-1.2634338e-13],1301,-25,[14.45540831]
[17.03100031],[-1.2634338e-13],1301,-25,[14.45540831]
[17.03100031],[-1.2634338e-13],1301,-25,[14.45540831]
[17.03100031],[-1.2634338e-13],1301,-25,[14.45540831]
[17.03100031],[-1.2634338e-13],1301,-25,[14.45540831]
[17.03100031],[-1.2634338e-13],1301,-25,[14.45540831]
[17.03100031],[-1.2634338e-13],1301,-25,[14.45540831]
[17.03100031],[-1.2634338e-13],1301,-25,[14.45540831]
[17.03100031],[-1.2634338e-13],1301,-25,[14.45540831]
[17.03100031],[-1.2634338e-13],1301,-25,[14.45540831]
[17.03100031],[-1.2634338e-13],1301,-25,[14.45540831]
[17.03100031],[-1.2634338e-13],1301,-25,[14.45540831]
[17.03100031],[-1.2634338e-13],1301,-25,[14.45540831]
[17.03100031],[-1.2634338e-13],1301,-25,[14.45540831]
[17.03100031],[-1.2634338e-13],1301,-25,[14.45540831]
[17.03100031],[-1.2634338e-13],1301,-25,[14.45540831]
[17.03100031],[-1.2634338e-13],1301,-25,[14.45540831]
[17.03100031],[-1.2634338e-13],1301,-25,[14.45540831]
[17.03100031],[-1.2634338e-13],1301,-25,[14.45540831]
[17.03100031],[-1.2634338e-13],1301,-25,[14.45540831]
[17.03100031],[-1.2634338e-13],1301,-25,[14.45540831]
[17.03100031],[-1.2634338e-13],1301,-25,[14.45540831]
[17.03100031],[-1.2634338e-13],1301,-25,[14.45540831]
[17.03100031],[-1.2634338e-13],1301,-25,[14.45540831]
[17.03100031],[-1.2634338e-13],1301,-25,[14.45540831]
[17.03100031],[-1.2634338e-13],1301,-25,[14.45540831]
[17.03100031],[-1.2634338e-13],1301,-25,[14.45540831]
[17.03100031],[-1.2634338e-13],1301,-25,[14.45540831]
[17.03100031],[-1.2634338e-13],1301,-25,[14.45540831]
[17.03100031],[-1.2634338e-13],1301,-25,[14.45540831]
[17.03100031],[-1.2634338e-13],1301,-25,[14.45540831]
[17.03100031],[-1.2634338e-13],1301,-25,[14.45540831]
[17.03100031],[-1.2634338e-13],1301,-25,[14.45540831]
[17.03100031],[-1.2634338e-13],1301,-25,[14.45540831]
[17.03100031],[-1.2634338e-13],1301,-25,[14.45540831]
[17.03100031],[-1.2634338e-13],1301,-25,[14.45540831]
[17.03100031],[-1.2634338e-13],1301,-25,[14.45540831]
[17.03100031],[-1.2634338e-13],1301,-25,[14.45540831]
[17.03100031],[-1.2634338e-13],1301,-25,[14.45540831]
[17.03100031],[-1.2634338e-13],1301,-25,[14.45540831]
[17.03100031],[-1.2634338e-13],1301,-25,[14.45540831]
[17.03100031],[-1.2634338e-13],1301,-25,[14.45540831]
[17.03100031],[-1.2634338e-13],1301,-25,[14.45540831]
[17.03100031],[-1.2634338e-13],1301,-25,[14.45540831]
[17.03100031],[-1.2634338e-13],1301,-25,[14.45540831]
[17.03100031],[-1.2634338e-13],1301,-25,[14.45540831]
[17.03100031],[-1.2634338e-13],1301,-25,[14.45540831]
[17.03100031],[-1.2634338e-13],1301,-25,[14.45540831]
[17.03100031],[-1.2634338e-13],1301,-25,[14.45540831]
[17.03100031],[-1.2634338e-13],1301,-25,[14.45540831]
[17.03100031],[-1.2634338e-13],1301,-25,[14.45540831]
[17.03100031],[-1.2634338e-13],1301,-25,[14.45540831]
[17.03100031],[-1.2634338e-13],1301,-25,[14.45540831]
[17.03100031],[-1.2634338e-13],1301,-25,[14.45540831]
[17.03100031],[-1.2634338e-13],1301,-25,[14.45540831]
[17.03100031],[-1.2634338e-13],1301,-25,[14.45540831]
[17.03100031],[-1.2634338e-13],1301,-25,[14.45540831]
[17.03100031],[-1.2634338e-13],1301,-25,[14.45540831]
[17.03100031],[-1.2634338e-13],1301,-25,[14.45540831]
[17.03100031],[-1.2634338e-13],1301,-25,[14.45540831]
[17.03100031],[-1.2634338e-13],1301,-25,[14.45540831]
[17.03100031],[-1.2634338e-13],1301,-25,[14.45540831]
[17.03100031],[-1.2634338e-13],1301,-25,[14.45540831]
[17.03100031],[-1.2634338e-13],1301,-25,[14.45540831]
[17.03100031],[-1.2634338e-13],1301,-25,[14.45540831]
[17.03100031],[-1.2634338e-13],1301,-25,[14.45540831]
[17.03100031],[-1.2634338e-13],1301,-25,[14.45540831]
[17.03100031],[-1.2634338e-13],1301,-25,[14.45540831]
[17.03100031],[-1.2634338e-13],1301,-25,[14.45540831]
[17.03100031],[-1.2634338e-13],1301,-25,[14.45540831]
[17.03100031],[-1.2634338e-13],1301,-25,[14.45540831]
[17.03100031],[-1.2634338e-13],1301,-25,[14.45540831]
[17.03100031],[-1.2634338e-13],1301,-25,[14.45540831]
[17.03100031],[-1.2634338e-13],1301,-25,[14.45540831]
[17.03100031],[-1.2634338e-13],1301,-25,[14.45540831]
[17.03100031],[-1.2634338e-13],1301,-25,[14.45540831]
[17.03100031],[-1.2634338e-13],1301,-25,[14.45540831]
[17.03100031],[-1.2634338e-13],1301,-25,[14.45540831]
[17.03100031],[-1.2634338e-13],1301,-25,[14.45540831]
[17.03100031],[-1.2634338e-13],1301,-25,[14.45540831]
[17.03100031],[-1.2634338e-13],1301,-25,[14.45540831]
[17.03100031],[-1.2634338e-13],1301,-25,[14.45540831]
[17.03100031],[-1.2634338e-13],1301,-25,[14.45540831]
[17.03100031],[-1.2634338e-13],1301,-25,[14.45540831]
[17.03100031],[-1.2634338e-13],1301,-25,[14.45540831]
[17.03100031],[-1.2634338e-13],1301,-25,[14.45540831]
[17.03100031],[-1.2634338e-13],1301,-25,[14.45540831]
[17.03100031],[-1.2634338e-13],1301,-25,[14.45540831]
[17.03100031],[-1.2634338e-13],1301,-25,[14.45540831]
[17.03100031],[-1.2634338e-13],1301,-25,[14.45540831]
[17.03100031],[-1.2634338e-13],1301,-25,[14.45540831]
[17.03100031],[-1.2634338e-13],1301,-25,[14.45540831]
[17.03100031],[-1.2634338e-13],1301,-25,[14.45540831]
[17.03100031],[-1.2634338e-13],1301,-25,[14.45540831]
[17.03100031],[-1.2634338e-13],1301,-25,[14.45540831]
[17.03100031],[-1.2634338e-13],1301,-25,[14.45540831]
[17.03100031],[-1.2634338e-13],1301,-25,[14.45540831]
[17.03100031],[-1.2634338e-13],1301,-25,[14.45540831]
[17.03100031],[-1.2634338e-13],1301,-25,[14.45540831]
[17.03100031],[-1.2634338e-13],1301,-25,[14.45540831]
[17.03100031],[-1.2634338e-13],1301,-25,[14.45540831]
[17.03100031],[-1.2634338e-13],1301,-25,[14.45540831]
[17.03100031],[-1.2634338e-13],1301,-25,[14.45540831]
[17.03100031],[-1.2634338e-13],1301,-25,[14.45540831]
[17.03100031],[-1.2634338e-13],1301,-25,[14.45540831]
[17.03100031],[-1.2634338e-13],1301,-25,[14.45540831]
[17.03100031],[-1.2634338e-13],1301,-25,[14.45540831]
[17.03100031],[-1.2634338e-13],1301,-25,[14.45540831]
[17.03100031],[-1.2634338e-13],1301,-25,[14.45540831]
[17.03100031],[-1.2634338e-13],1301,-25,[14.45540831]
[17.03100031],[-1.2634338e-13],1301,-25,[14.45540831]
[17.03100031],[-1.2634338e-13],1301,-25,[14.45540831]
[17.03100031],[-1.2634338e-13],1301,-25,[14.45540831]
[17.03100031],[-1.2634338e-13],1301,-25,[14.45540831]
[17.03100031],[-1.2634338e-13],1301,-25,[14.45540831]
[17.03100031],[-1.2634338e-13],1301,-25,[14.45540831]
[17.03100031],[-1.2634338e-13],1301,-25,[14.45540831]
[17.03100031],[-1.2634338e-13],1301,-25,[14.45540831]
[17.03100031],[-1.2634338e-13],1301,-25,[14.45540831]
[17.03100031],[-1.2634338e-13],1301,-25,[14.45540831]
[17.03100031],[-1.2634338e-13],1301,-25,[14.45540831]
[17.03100031],[-1.2634338e-13],1301,-25,[14.45540831]
[17.03100031],[-1.2634338e-13],1301,-25,[14.45540831]
[17.03100031],[-1.2634338e-13],1301,-25,[14.45540831]
[17.03100031],[-1.2634338e-13],1301,-25,[14.45540831]
[17.03100031],[-1.2634338e-13],1301,-25,[14.45540831]
[17.03100031],[-1.2634338e-13],1301,-25,[14.45540831]
[17.03100031],[-1.2634338e-13],1301,-25,[14.45540831]
[17.03100031],[-1.2634338e-13],1301,-25,[14.45540831]
[17.03100031],[-1.2634338e-13],1301,-25,[14.45540831]
[17.03100031],[-1.2634338e-13],1301,-25,[14.45540831]
[17.03100031],[-1.2634338e-13],1301,-25,[14.45540831]
[17.03100031],[-1.2634338e-13],1301,-25,[14.45540831]
[17.03100031],[-1.2634338e-13],1301,-25,[14.45540831]
[17.03100031],[-1.2634338e-13],1301,-25,[14.45540831]
[17.03100031],[-1.2634338e-13],1301,-25,[14.45540831]
[17.03100031],[-1.2634338e-13],1301,-25,[14.45540831]
[17.03100031],[-1.2634338e-13],1301,-25,[14.45540831]
[17.03100031],[-1.2634338e-13],1301,-25,[14.45540831]
[17.03100031],[-1.2634338e-13],1301,-25,[14.45540831]
[17.03100031],[-1.2634338e-13],1301,-25,[14.45540831]
[17.03100031],[-1.2634338e-13],1301,-25,[14.45540831]
[17.03100031],[-1.2634338e-13],1301,-25,[14.45540831]
[17.03100031],[-1.2634338e-13],1301,-25,[14.45540831]
[17.03100031],[-1.2634338e-13],1301,-25,[14.45540831]
[17.03100031],[-1.2634338e-13],1301,-25,[14.45540831]
[17.03100031],[-1.2634338e-13],1301,-25,[14.45540831]
[17.03100031],[-1.2634338e-13],1301,-25,[14.45540831]
[17.03100031],[-1.2634338e-13],1301,-25,[14.45540831]
[17.03100031],[-1.2634338e-13],1301,-25,[14.45540831]
[17.03100031],[-1.2634338e-13],1301,-25,[14.45540831]
[17.03100031],[-1.2634338e-13],1301,-25,[14.45540831]
[17.03100031],[-1.2634338e-13],1301,-25,[14.45540831]
[17.03100031],[-1.2634338e-13],1301,-25,[14.45540831]
[17.03100031],[-1.2634338e-13],1301,-25,[14.45540831]
[17.03100031],[-1.2634338e-13],1301,-25,[14.45540831]
[17.03100031],[-1.2634338e-13],1301,-25,[14.45540831]
[17.03100031],[-1.2634338e-13],1301,-25,[14.45540831]
[17.03100031],[-1.2634338e-13],1301,-25,[14.45540831]
[17.03100031],[-1.2634338e-13],1301,-25,[14.45540831]
[17.03100031],[-1.2634338e-13],1301,-25,[14.45540831]
[17.03100031],[-1.2634338e-13],1301,-25,[14.45540831]
[17.03100031],[-1.2634338e-13],1301,-25,[14.45540831]
[17.03100031],[-1.2634338e-13],1301,-25,[14.45540831]
[17.03100031],[-1.2634338e-13],1301,-25,[14.45540831]
[17.03100031],[-1.2634338e-13],1301,-25,[14.45540831]
[17.03100031],[-1.2634338e-13],1301,-25,[14.45540831]
[17.03100031],[-1.2634338e-13],1301,-25,[14.45540831]
[17.03100031],[-1.2634338e-13],1301,-25,[14.45540831]
[17.03100031],[-1.2634338e-13],1301,-25,[14.45540831]
[17.03100031],[-1.2634338e-13],1301,-25,[14.45540831]
[17.03100031],[-1.2634338e-13],1301,-25,[14.45540831]
[17.03100031],[-1.2634338e-13],1301,-25,[14.45540831]
[17.03100031],[-1.2634338e-13],1301,-25,[14.45540831]
[17.03100031],[-1.2634338e-13],1301,-25,[14.45540831]
[17.03100031],[-1.2634338e-13],1301,-25,[14.45540831]
[17.03100031],[-1.2634338e-13],1301,-25,[14.45540831]
[17.03100031],[-1.2634338e-13],1301,-25,[14.45540831]
[17.03100031],[-1.2634338e-13],1301,-25,[14.45540831]
[17.03100031],[-1.2634338e-13],1301,-25,[14.45540831]
[17.03100031],[-1.2634338e-13],1301,-25,[14.45540831]
[17.03100031],[-1.2634338e-13],1301,-25,[14.45540831]
[17.03100031],[-1.2634338e-13],1301,-25,[14.45540831]
[17.03100031],[-1.2634338e-13],1301,-25,[14.45540831]
[17.03100031],[-1.2634338e-13],1301,-25,[14.45540831]
[17.03100031],[-1.2634338e-13],1301,-25,[14.45540831]
[17.03100031],[-1.2634338e-13],1301,-25,[14.45540831]
[17.03100031],[-1.2634338e-13],1301,-25,[14.45540831]
[17.03100031],[-1.2634338e-13],1301,-25,[14.45540831]
[17.03100031],[-1.2634338e-13],1301,-25,[14.45540831]
[17.03100031],[-1.2634338e-13],1301,-25,[14.45540831]
[17.03100031],[-1.2634338e-13],1301,-25,[14.45540831]
[17.03100031],[-1.2634338e-13],1301,-25,[14.45540831]
[17.03100031],[-1.2634338e-13],1301,-25,[14.45540831]
[17.03100031],[-1.2634338e-13],1301,-25,[14.45540831]
[17.03100031],[-1.2634338e-13],1301,-25,[14.45540831]
[17.03100031],[-1.2634338e-13],1301,-25,[14.45540831]
[17.03100031],[-1.2634338e-13],1301,-25,[14.45540831]
[17.03100031],[-1.2634338e-13],1301,-25,[14.45540831]
[17.03100031],[-1.2634338e-13],1301,-25,[14.45540831]
[17.03100031],[-1.2634338e-13],1301,-25,[14.45540831]
[17.03100031],[-1.2634338e-13],1301,-25,[14.45540831]
[17.03100031],[-1.2634338e-13],1301,-25,[14.45540831]
[17.03100031],[-1.2634338e-13],1301,-25,[14.45540831]
[17.03100031],[-1.2634338e-13],1301,-25,[14.45540831]
[17.03100031],[-1.2634338e-13],1301,-25,[14.45540831]
[17.03100031],[-1.2634338e-13],1301,-25,[14.45540831]
[17.03100031],[-1.2634338e-13],1301,-25,[14.45540831]
[17.03100031],[-1.2634338e-13],1301,-25,[14.45540831]
[17.03100031],[-1.2634338e-13],1301,-25,[14.45540831]
[17.03100031],[-1.2634338e-13],1301,-25,[14.45540831]
[17.03100031],[-1.2634338e-13],1301,-25,[14.45540831]
[17.03100031],[-1.2634338e-13],1301,-25,[14.45540831]
[17.03100031],[-1.2634338e-13],1301,-25,[14.45540831]
[17.03100031],[-1.2634338e-13],1301,-25,[14.45540831]
[17.03100031],[-1.2634338e-13],1301,-25,[14.45540831]
[17.03100031],[-1.2634338e-13],1301,-25,[14.45540831]
[17.03100031],[-1.2634338e-13],1301,-25,[14.45540831]
[17.03100031],[-1.2634338e-13],1301,-25,[14.45540831]
[17.03100031],[-1.2634338e-13],1301,-25,[14.45540831]
[17.03100031],[-1.2634338e-13],1301,-25,[14.45540831]
[17.03100031],[-1.2634338e-13],1301,-25,[14.45540831]
[17.03100031],[-1.2634338e-13],1301,-25,[14.45540831]
[17.03100031],[-1.2634338e-13],1301,-25,[14.45540831]
[17.03100031],[-1.2634338e-13],1301,-25,[14.45540831]
[17.03100031],[-1.2634338e-13],1301,-25,[14.45540831]
[17.03100031],[-1.2634338e-13],1301,-25,[14.45540831]
[17.03100031],[-1.2634338e-13],1301,-25,[14.45540831]
[17.03100031],[-1.2634338e-13],1301,-25,[14.45540831]
[17.03100031],[-1.2634338e-13],1301,-25,[14.45540831]
[17.03100031],[-1.2634338e-13],1301,-25,[14.45540831]
[17.03100031],[-1.2634338e-13],1301,-25,[14.45540831]
[17.03100031],[-1.2634338e-13],1301,-25,[14.45540831]
[17.03100031],[-1.2634338e-13],1301,-25,[14.45540831]
[17.03100031],[-1.2634338e-13],1301,-25,[14.45540831]
[17.03100031],[-1.2634338e-13],1301,-25,[14.45540831]
[17.03100031],[-1.2634338e-13],1301,-25,[14.45540831]
[17.03100031],[-1.2634338e-13],1301,-25,[14.45540831]
[17.03100031],[-1.2634338e-13],1301,-25,[14.45540831]
[17.03100031],[-1.2634338e-13],1301,-25,[14.45540831]
[17.03100031],[-1.2634338e-13],1301,-25,[14.45540831]
[17.03100031],[-1.2634338e-13],1301,-25,[14.45540831]
[17.03100031],[-1.2634338e-13],1301,-25,[14.45540831]
[17.03100031],[-1.2634338e-13],1301,-25,[14.45540831]
[17.03100031],[-1.2634338e-13],1301,-25,[14.45540831]
[17.03100031],[-1.2634338e-13],1301,-25,[14.45540831]
[17.03100031],[-1.2634338e-13],1301,-25,[14.45540831]
[17.03100031],[-1.2634338e-13],1301,-25,[14.45540831]
[17.03100031],[-1.2634338e-13],1301,-25,[14.45540831]
[17.03100031],[-1.2634338e-13],1301,-25,[14.45540831]
[17.03100031],[-1.2634338e-13],1301,-25,[14.45540831]
[17.03100031],[-1.2634338e-13],1301,-25,[14.45540831]
[17.03100031],[-1.2634338e-13],1301,-25,[14.45540831]
[17.03100031],[-1.2634338e-13],1301,-25,[14.45540831]
[17.03100031],[-1.2634338e-13],1301,-25,[14.45540831]
[17.03100031],[-1.2634338e-13],1301,-25,[14.45540831]
[17.03100031],[-1.2634338e-13],1301,-25,[14.45540831]
[17.03100031],[-1.2634338e-13],1301,-25,[14.45540831]
[17.03100031],[-1.2634338e-13],1301,-25,[14.45540831]
[17.03100031],[-1.2634338e-13],1301,-25,[14.45540831]
[17.03100031],[-1.2634338e-13],1301,-25,[14.45540831]
[17.03100031],[-1.2634338e-13],1301,-25,[14.45540831]
[17.03100031],[-1.2634338e-13],1301,-25,[14.45540831]
[17.03100031],[-1.2634338e-13],1301,-25,[14.45540831]
[17.03100031],[-1.2634338e-13],1301,-25,[14.45540831]
[17.03100031],[-1.2634338e-13],1301,-25,[14.45540831]
[17.03100031],[-1.2634338e-13],1301,-25,[14.45540831]
[17.03100031],[-1.2634338e-13],1301,-25,[14.45540831]
[17.03100031],[-1.2634338e-13],1301,-25,[14.45540831]
[17.03100031],[-1.2634338e-13],1301,-25,[14.45540831]
[17.03100031],[-1.2634338e-13],1301,-25,[14.45540831]
[17.03100031],[-1.2634338e-13],1301,-25,[14.45540831]
[17.03100031],[-1.2634338e-13],1301,-25,[14.45540831]
[17.03100031],[-1.2634338e-13],1301,-25,[14.45540831]
[17.03100031],[-1.2634338e-13],1301,-25,[14.45540831]
[17.03100031],[-1.2634338e-13],1301,-25,[14.45540831]
[17.03100031],[-1.2634338e-13],1301,-25,[14.45540831]
[17.03100031],[-1.2634338e-13],1301,-25,[14.45540831]
[17.03100031],[-1.2634338e-13],1301,-25,[14.45540831]
[17.03100031],[-1.2634338e-13],1301,-25,[14.45540831]
[17.03100031],[-1.2634338e-13],1301,-25,[14.45540831]
[17.03100031],[-1.2634338e-13],1301,-25,[14.45540831]
[17.03100031],[-1.2634338e-13],1301,-25,[14.45540831]
[17.03100031],[-1.2634338e-13],1301,-25,[14.45540831]
[17.03100031],[-1.2634338e-13],1301,-25,[14.45540831]
[17.03100031],[-1.2634338e-13],1301,-25,[14.45540831]
[17.03100031],[-1.2634338e-13],1301,-25,[14.45540831]
[17.03100031],[-1.2634338e-13],1301,-25,[14.45540831]
[17.03100031],[-1.2634338e-13],1301,-25,[14.45540831]
[17.03100031],[-1.2634338e-13],1301,-25,[14.45540831]
[17.03100031],[-1.2634338e-13],1301,-25,[14.45540831]
[17.03100031],[-1.2634338e-13],1301,-25,[14.45540831]
[17.03100031],[-1.2634338e-13],1301,-25,[14.45540831]
[17.03100031],[-1.2634338e-13],1301,-25,[14.45540831]
[17.03100031],[-1.2634338e-13],1301,-25,[14.45540831]
[17.03100031],[-1.2634338e-13],1301,-25,[14.45540831]
[17.03100031],[-1.2634338e-13],1301,-25,[14.45540831]
[17.03100031],[-1.2634338e-13],1301,-25,[14.45540831]
[17.03100031],[-1.2634338e-13],1301,-25,[14.45540831]
[17.03100031],[-1.2634338e-13],1301,-25,[14.45540831]
[17.03100031],[-1.2634338e-13],1301,-25,[14.45540831]
[17.03100031],[-1.2634338e-13],1301,-25,[14.45540831]
[17.03100031],[-1.2634338e-13],1301,-25,[14.45540831]
[17.03100031],[-1.2634338e-13],1301,-25,[14.45540831]
[17.03100031],[-1.2634338e-13],1301,-25,[14.45540831]
[17.03100031],[-1.2634338e-13],1301,-25,[14.45540831]
[17.03100031],[-1.2634338e-13],1301,-25,[14.45540831]
[17.03100031],[-1.2634338e-13],1301,-25,[14.45540831]
[17.03100031],[-1.2634338e-13],1301,-25,[14.45540831]
[17.03100031],[-1.2634338e-13],1301,-25,[14.45540831]
[17.03100031],[-1.2634338e-13],1301,-25,[14.45540831]
[17.03100031],[-1.2634338e-13],1301,-25,[14.45540831]
[17.03100031],[-1.2634338e-13],1301,-25,[14.45540831]
[17.03100031],[-1.2634338e-13],1301,-25,[14.45540831]
[17.03100031],[-1.2634338e-13],1301,-25,[14.45540831]
[17.03100031],[-1.2634338e-13],1301,-25,[14.45540831]
[17.03100031],[-1.2634338e-13],1301,-25,[14.45540831]
[17.03100031],[-1.2634338e-13],1301,-25,[14.45540831]
[17.03100031],[-1.2634338e-13],1301,-25,[14.45540831]
[17.03100031],[-1.2634338e-13],1301,-25,[14.45540831]
[17.03100031],[-1.2634338e-13],1301,-25,[14.45540831]
[17.03100031],[-1.2634338e-13],1301,-25,[14.45540831]
[17.03100031],[-1.2634338e-13],1301,-25,[14.45540831]
[17.03100031],[-1.2634338e-13],1301,-25,[14.45540831]
[17.03100031],[-1.2634338e-13],1301,-25,[14.45540831]
[17.03100031],[-1.2634338e-13],1301,-25,[14.45540831]
[17.03100031],[-1.2634338e-13],1301,-25,[14.45540831]
[17.03100031],[-1.2634338e-13],1301,-25,[14.45540831]
[17.03100031],[-1.2634338e-13],1301,-25,[14.45540831]
[17.03100031],[-1.2634338e-13],1301,-25,[14.45540831]
[17.03100031],[-1.2634338e-13],1301,-25,[14.45540831]
[17.03100031],[-1.2634338e-13],1301,-25,[14.45540831]
[17.03100031],[-1.2634338e-13],1301,-25,[14.45540831]
[17.03100031],[-1.2634338e-13],1301,-25,[14.45540831]
[17.03100031],[-1.2634338e-13],1301,-25,[14.45540831]
[17.03100031],[-1.2634338e-13],1301,-25,[14.45540831]
[17.03100031],[-1.2634338e-13],1301,-25,[14.45540831]
[17.03100031],[-1.2634338e-13],1301,-25,[14.45540831]
[17.03100031],[-1.2634338e-13],1301,-25,[14.45540831]
[17.03100031],[-1.2634338e-13],1301,-25,[14.45540831]
[17.03100031],[-1.2634338e-13],1301,-25,[14.45540831]
[17.03100031],[-1.2634338e-13],1301,-25,[14.45540831]
[17.03100031],[-1.2634338e-13],1301,-25,[14.45540831]
[17.03100031],[-1.2634338e-13],1301,-25,[14.45540831]
[17.03100031],[-1.2634338e-13],1301,-25,[14.45540831]
[17.03100031],[-1.2634338e-13],1301,-25,[14.45540831]
[17.03100031],[-1.2634338e-13],1301,-25,[14.45540831]
[17.03100031],[-1.2634338e-13],1301,-25,[14.45540831]
[17.03100031],[-1.2634338e-13],1301,-25,[14.45540831]
[17.03100031],[-1.2634338e-13],1301,-25,[14.45540831]
[17.03100031],[-1.2634338e-13],1301,-25,[14.45540831]
[17.03100031],[-1.2634338e-13],1301,-25,[14.45540831]
[17.03100031],[-1.2634338e-13],1301,-25,[14.45540831]
[17.03100031],[-1.2634338e-13],1301,-25,[14.45540831]
[17.03100031],[-1.2634338e-13],1301,-25,[14.45540831]
[17.03100031],[-1.2634338e-13],1301,-25,[14.45540831]
[17.03100031],[-1.2634338e-13],1301,-25,[14.45540831]
[17.03100031],[-1.2634338e-13],1301,-25,[14.45540831]
[17.03100031],[-1.2634338e-13],1301,-25,[14.45540831]
[17.03100031],[-1.2634338e-13],1301,-25,[14.45540831]
[17.03100031],[-1.2634338e-13],1301,-25,[14.45540831]
[17.03100031],[-1.2634338e-13],1301,-25,[14.45540831]
[17.03100031],[-1.2634338e-13],1301,-25,[14.45540831]
[17.03100031],[-1.2634338e-13],1301,-25,[14.45540831]
[17.03100031],[-1.2634338e-13],1301,-25,[14.45540831]
[17.03100031],[-1.2634338e-13],1301,-25,[14.45540831]
[17.03100031],[-1.2634338e-13],1301,-25,[14.45540831]
[17.03100031],[-1.2634338e-13],1301,-25,[14.45540831]
[17.03100031],[-1.2634338e-13],1301,-25,[14.45540831]
[17.03100031],[-1.2634338e-13],1301,-25,[14.45540831]
[17.03100031],[-1.2634338e-13],1301,-25,[14.45540831]
[17.03100031],[-1.2634338e-13],1301,-25,[14.45540831]
[17.03100031],[-1.2634338e-13],1301,-25,[14.45540831]
[17.03100031],[-1.2634338e-13],1301,-25,[14.45540831]
[17.03100031],[-1.2634338e-13],1301,-25,[14.45540831]
[17.03100031],[-1.2634338e-13],1301,-25,[14.45540831]
[17.03100031],[-1.2634338e-13],1301,-25,[14.45540831]
[17.03100031],[-1.2634338e-13],1301,-25,[14.45540831]
[17.03100031],[-1.2634338e-13],1301,-25,[14.45540831]
[17.03100031],[-1.2634338e-13],1301,-25,[14.45540831]
[17.03100031],[-1.2634338e-13],1301,-25,[14.45540831]
[17.03100031],[-1.2634338e-13],1301,-25,[14.45540831]
[17.03100031],[-1.2634338e-13],1301,-25,[14.45540831]
[17.03100031],[-1.2634338e-13],1301,-25,[14.45540831]
[17.03100031],[-1.2634338e-13],1301,-25,[14.45540831]
[17.03100031],[-1.2634338e-13],1301,-25,[14.45540831]
[17.03100031],[-1.2634338e-13],1301,-25,[14.45540831]
[17.03100031],[-1.2634338e-13],1301,-25,[14.45540831]
[17.03100031],[-1.2634338e-13],1301,-25,[14.45540831]
[17.03100031],[-1.2634338e-13],1301,-25,[14.45540831]
[17.03100031],[-1.2634338e-13],1301,-25,[14.45540831]
[17.03100031],[-1.2634338e-13],1301,-25,[14.45540831]
[17.03100031],[-1.2634338e-13],1301,-25,[14.45540831]
[17.03100031],[-1.2634338e-13],1301,-25,[14.45540831]
[17.03100031],[-1.2634338e-13],1301,-25,[14.45540831]
[17.03100031],[-1.2634338e-13],1301,-25,[14.45540831]
[17.03100031],[-1.2634338e-13],1301,-25,[14.45540831]
[17.03100031],[-1.2634338e-13],1301,-25,[14.45540831]
[17.03100031],[-1.2634338e-13],1301,-25,[14.45540831]
[17.03100031],[-1.2634338e-13],1301,-25,[14.45540831]
[17.03100031],[-1.2634338e-13],1301,-25,[14.45540831]
[17.03100031],[-1.2634338e-13],1301,-25,[14.45540831]
[17.03100031],[-1.2634338e-13],1301,-25,[14.45540831]
[17.03100031],[-1.2634338e-13],1301,-25,[14.45540831]
[17.03100031],[-1.2634338e-13],1301,-25,[14.45540831]
[17.03100031],[-1.2634338e-13],1301,-25,[14.45540831]
[17.03100031],[-1.2634338e-13],1301,-25,[14.45540831]
[17.03100031],[-1.2634338e-13],1301,-25,[14.45540831]
[17.03100031],[-1.2634338e-13],1301,-25,[14.45540831]
[17.03100031],[-1.2634338e-13],1301,-25,[14.45540831]
[17.03100031],[-1.2634338e-13],1301,-25,[14.45540831]
[17.03100031],[-1.2634338e-13],1301,-25,[14.45540831]
[17.03100031],[-1.2634338e-13],1301,-25,[14.45540831]
[17.03100031],[-1.2634338e-13],1301,-25,[14.45540831]
[17.03100031],[-1.2634338e-13],1301,-25,[14.45540831]
[17.03100031],[-1.2634338e-13],1301,-25,[14.45540831]
[17.03100031],[-1.2634338e-13],1301,-25,[14.45540831]
[17.03100031],[-1.2634338e-13],1301,-25,[14.45540831]
[17.03100031],[-1.2634338e-13],1301,-25,[14.45540831]
[17.03100031],[-1.2634338e-13],1301,-25,[14.45540831]
[17.03100031],[-1.2634338e-13],1301,-25,[14.45540831]
[17.03100031],[-1.2634338e-13],1301,-25,[14.45540831]
[17.03100031],[-1.2634338e-13],1301,-25,[14.45540831]
[17.03100031],[-1.2634338e-13],1301,-25,[14.45540831]
[17.03100031],[-1.2634338e-13],1301,-25,[14.45540831]
[17.03100031],[-1.2634338e-13],1301,-25,[14.45540831]
[17.03100031],[-1.2634338e-13],1301,-25,[14.45540831]
[17.03100031],[-1.2634338e-13],1301,-25,[14.45540831]
[17.03100031],[-1.2634338e-13],1301,-25,[14.45540831]
[17.03100031],[-1.2634338e-13],1301,-25,[14.45540831]
[17.03100031],[-1.2634338e-13],1301,-25,[14.45540831]
[17.03100031],[-1.2634338e-13],1301,-25,[14.45540831]
[17.03100031],[-1.2634338e-13],1301,-25,[14.45540831]
[17.03100031],[-1.2634338e-13],1301,-25,[14.45540831]
[17.03100031],[-1.2634338e-13],1301,-25,[14.45540831]
[17.03100031],[-1.2634338e-13],1301,-25,[14.45540831]
[17.03100031],[-1.2634338e-13],1301,-25,[14.45540831]
[17.03100031],[-1.2634338e-13],1301,-25,[14.45540831]
[17.03100031],[-1.2634338e-13],1301,-25,[14.45540831]
[17.03100031],[-1.2634338e-13],1301,-25,[14.45540831]
[17.03100031],[-1.2634338e-13],1301,-25,[14.45540831]
[17.03100031],[-1.2634338e-13],1301,-25,[14.45540831]
[17.03100031],[-1.2634338e-13],1301,-25,[14.45540831]
[17.03100031],[-1.2634338e-13],1301,-25,[14.45540831]
[17.03100031],[-1.2634338e-13],1301,-25,[14.45540831]
[17.03100031],[-1.2634338e-13],1301,-25,[14.45540831]
[17.03100031],[-1.2634338e-13],1301,-25,[14.45540831]
[17.03100031],[-1.2634338e-13],1301,-25,[14.45540831]
[17.03100031],[-1.2634338e-13],1301,-25,[14.45540831]
[17.03100031],[-1.2634338e-13],1301,-25,[14.45540831]
[17.03100031],[-1.2634338e-13],1301,-25,[14.45540831]
[17.03100031],[-1.2634338e-13],1301,-25,[14.45540831]
[17.03100031],[-1.2634338e-13],1301,-25,[14.45540831]
[17.03100031],[-1.2634338e-13],1301,-25,[14.45540831]
[17.03100031],[-1.2634338e-13],1301,-25,[14.45540831]
[17.03100031],[-1.2634338e-13],1301,-25,[14.45540831]
[17.03100031],[-1.2634338e-13],1301,-25,[14.45540831]
[17.03100031],[-1.2634338e-13],1301,-25,[14.45540831]
[17.03100031],[-1.2634338e-13],1301,-25,[14.45540831]
[17.03100031],[-1.2634338e-13],1301,-25,[14.45540831]
[17.03100031],[-1.2634338e-13],1301,-25,[14.45540831]
[17.03100031],[-1.2634338e-13],1301,-25,[14.45540831]
[17.03100031],[-1.2634338e-13],1301,-25,[14.45540831]
[17.03100031],[-1.2634338e-13],1301,-25,[14.45540831]
[17.03100031],[-1.2634338e-13],1301,-25,[14.45540831]
[17.03100031],[-1.2634338e-13],1301,-25,[14.45540831]
[17.03100031],[-1.2634338e-13],1301,-25,[14.45540831]
[17.03100031],[-1.2634338e-13],1301,-25,[14.45540831]
[17.03100031],[-1.2634338e-13],1301,-25,[14.45540831]
[17.03100031],[-1.2634338e-13],1301,-25,[14.45540831]
[17.03100031],[-1.2634338e-13],1301,-25,[14.45540831]
[17.03100031],[-1.2634338e-13],1301,-25,[14.45540831]
[17.03100031],[-1.2634338e-13],1301,-25,[14.45540831]
[17.03100031],[-1.2634338e-13],1301,-25,[14.45540831]
[17.03100031],[-1.2634338e-13],1301,-25,[14.45540831]
[17.03100031],[-1.2634338e-13],1301,-25,[14.45540831]
[17.03100031],[-1.2634338e-13],1301,-25,[14.45540831]
[17.03100031],[-1.2634338e-13],1301,-25,[14.45540831]
[17.03100031],[-1.2634338e-13],1301,-25,[14.45540831]
[17.03100031],[-1.2634338e-13],1301,-25,[14.45540831]
[17.03100031],[-1.2634338e-13],1301,-25,[14.45540831]
[17.03100031],[-1.2634338e-13],1301,-25,[14.45540831]
[17.03100031],[-1.2634338e-13],1301,-25,[14.45540831]
[17.03100031],[-1.2634338e-13],1301,-25,[14.45540831]
[17.03100031],[-1.2634338e-13],1301,-25,[14.45540831]
[17.03100031],[-1.2634338e-13],1301,-25,[14.45540831]
[17.03100031],[-1.2634338e-13],1301,-25,[14.45540831]
[17.03100031],[-1.2634338e-13],1301,-25,[14.45540831]
[17.03100031],[-1.2634338e-13],1301,-25,[14.45540831]
[17.03100031],[-1.2634338e-13],1301,-25,[14.45540831]
[17.03100031],[-1.2634338e-13],1301,-25,[14.45540831]
[17.03100031],[-1.2634338e-13],1301,-25,[14.45540831]
[17.03100031],[-1.2634338e-13],1301,-25,[14.45540831]
[17.03100031],[-1.2634338e-13],1301,-25,[14.45540831]
[17.03100031],[-1.2634338e-13],1301,-25,[14.45540831]
[17.03100031],[-1.2634338e-13],1301,-25,[14.45540831]
[17.03100031],[-1.2634338e-13],1301,-25,[14.45540831]
[17.03100031],[-1.2634338e-13],1301,-25,[14.45540831]
[17.03100031],[-1.2634338e-13],1301,-25,[14.45540831]
[17.03100031],[-1.2634338e-13],1301,-25,[14.45540831]
[17.03100031],[-1.2634338e-13],1301,-25,[14.45540831]
[17.03100031],[-1.2634338e-13],1301,-25,[14.45540831]
[17.03100031],[-1.2634338e-13],1301,-25,[14.45540831]
[17.03100031],[-1.2634338e-13],1301,-25,[14.45540831]
[17.03100031],[-1.2634338e-13],1301,-25,[14.45540831]
[17.03100031],[-1.2634338e-13],1301,-25,[14.45540831]
[17.03100031],[-1.2634338e-13],1301,-25,[14.45540831]
[17.03100031],[-1.2634338e-13],1301,-25,[14.45540831]
[17.03100031],[-1.2634338e-13],1301,-25,[14.45540831]
[17.03100031],[-1.2634338e-13],1301,-25,[14.45540831]
[17.03100031],[-1.2634338e-13],1301,-25,[14.45540831]
[17.03100031],[-1.2634338e-13],1301,-25,[14.45540831]
[17.03100031],[-1.2634338e-13],1301,-25,[14.45540831]
[17.03100031],[-1.2634338e-13],1301,-25,[14.45540831]
[17.03100031],[-1.2634338e-13],1301,-25,[14.45540831]
[17.03100031],[-1.2634338e-13],1301,-25,[14.45540831]
[17.03100031],[-1.2634338e-13],1301,-25,[14.45540831]
[17.03100031],[-1.2634338e-13],1301,-25,[14.45540831]
[17.03100031],[-1.2634338e-13],1301,-25,[14.45540831]
[17.03100031],[-1.2634338e-13],1301,-25,[14.45540831]
[17.03100031],[-1.2634338e-13],1301,-25,[14.45540831]
[17.03100031],[-1.2634338e-13],1301,-25,[14.45540831]
[17.03100031],[-1.2634338e-13],1301,-25,[14.45540831]
[17.03100031],[-1.2634338e-13],1301,-25,[14.45540831]
[17.03100031],[-1.2634338e-13],1301,-25,[14.45540831]
[17.03100031],[-1.2634338e-13],1301,-25,[14.45540831]
[17.03100031],[-1.2634338e-13],1301,-25,[14.45540831]
[17.03100031],[-1.2634338e-13],1301,-25,[14.45540831]
[17.03100031],[-1.2634338e-13],1301,-25,[14.45540831]
[17.03100031],[-1.2634338e-13],1301,-25,[14.45540831]
[17.03100031],[-1.2634338e-13],1301,-25,[14.45540831]
[17.03100031],[-1.2634338e-13],1301,-25,[14.45540831]
[17.03100031],[-1.2634338e-13],1301,-25,[14.45540831]
[17.03100031],[-1.2634338e-13],1301,-25,[14.45540831]
[17.03100031],[-1.2634338e-13],1301,-25,[14.45540831]
[17.03100031],[-1.2634338e-13],1301,-25,[14.45540831]
[17.03100031],[-1.2634338e-13],1301,-25,[14.45540831]
[17.03100031],[-1.2634338e-13],1301,-25,[14.45540831]
[17.03100031],[-1.2634338e-13],1301,-25,[14.45540831]
[17.03100031],[-1.2634338e-13],1301,-25,[14.45540831]
[17.03100031],[-1.2634338e-13],1301,-25,[14.45540831]
[17.03100031],[-1.2634338e-13],1301,-25,[14.45540831]
[17.03100031],[-1.2634338e-13],1301,-25,[14.45540831]
[17.03100031],[-1.2634338e-13],1301,-25,[14.45540831]
[17.03100031],[-1.2634338e-13],1301,-25,[14.45540831]
[17.03100031],[-1.2634338e-13],1301,-25,[14.45540831]
[17.03100031],[-1.2634338e-13],1301,-25,[14.45540831]
[17.03100031],[-1.2634338e-13],1301,-25,[14.45540831]
[17.03100031],[-1.2634338e-13],1301,-25,[14.45540831]
[17.03100031],[-1.2634338e-13],1301,-25,[14.45540831]
[17.03100031],[-1.2634338e-13],1301,-25,[14.45540831]
[17.03100031],[-1.2634338e-13],1301,-25,[14.45540831]
[17.03100031],[-1.2634338e-13],1301,-25,[14.45540831]
[17.03100031],[-1.2634338e-13],1301,-25,[14.45540831]
[17.03100031],[-1.2634338e-13],1301,-25,[14.45540831]
[17.03100031],[-1.2634338e-13],1301,-25,[14.45540831]
[17.03100031],[-1.2634338e-13],1301,-25,[14.45540831]
[17.03100031],[-1.2634338e-13],1301,-25,[14.45540831]
[17.03100031],[-1.2634338e-13],1301,-25,[14.45540831]
[17.03100031],[-1.2634338e-13],1301,-25,[14.45540831]
[17.03100031],[-1.2634338e-13],1301,-25,[14.45540831]
[17.03100031],[-1.2634338e-13],1301,-25,[14.45540831]
[17.03100031],[-1.2634338e-13],1301,-25,[14.45540831]
[17.03100031],[-1.2634338e-13],1301,-25,[14.45540831]
[17.03100031],[-1.2634338e-13],1301,-25,[14.45540831]
[17.03100031],[-1.2634338e-13],1301,-25,[14.45540831]
[17.03100031],[-1.2634338e-13],1301,-25,[14.45540831]
[17.03100031],[-1.2634338e-13],1301,-25,[14.45540831]
[17.03100031],[-1.2634338e-13],1301,-25,[14.45540831]
[17.03100031],[-1.2634338e-13],1301,-25,[14.45540831]
[17.03100031],[-1.2634338e-13],1301,-25,[14.45540831]
[17.03100031],[-1.2634338e-13],1301,-25,[14.45540831]
[17.03100031],[-1.2634338e-13],1301,-25,[14.45540831]
[17.03100031],[-1.2634338e-13],1301,-25,[14.45540831]
[17.03100031],[-1.2634338e-13],1301,-25,[14.45540831]
[17.03100031],[-1.2634338e-13],1301,-25,[14.45540831]
[17.03100031],[-1.2634338e-13],1301,-25,[14.45540831]
[17.03100031],[-1.2634338e-13],1301,-25,[14.45540831]
[17.03100031],[-1.2634338e-13],1301,-25,[14.45540831]
[17.03100031],[-1.2634338e-13],1301,-25,[14.45540831]
[17.03100031],[-1.2634338e-13],1301,-25,[14.45540831]
[17.03100031],[-1.2634338e-13],1301,-25,[14.45540831]
[17.03100031],[-1.2634338e-13],1301,-25,[14.45540831]
[17.03100031],[-1.2634338e-13],1301,-25,[14.45540831]
[17.03100031],[-1.2634338e-13],1301,-25,[14.45540831]
[17.03100031],[-1.2634338e-13],1301,-25,[14.45540831]
[17.03100031],[-1.2634338e-13],1301,-25,[14.45540831]
[17.03100031],[-1.2634338e-13],1301,-25,[14.45540831]
[17.03100031],[-1.2634338e-13],1301,-25,[14.45540831]
[17.03100031],[-1.2634338e-13],1301,-25,[14.45540831]
[17.03100031],[-1.2634338e-13],1301,-25,[14.45540831]
[17.03100031],[-1.2634338e-13],1301,-25,[14.45540831]
[17.03100031],[-1.2634338e-13],1301,-25,[14.45540831]
[17.03100031],[-1.2634338e-13],1301,-25,[14.45540831]
[17.03100031],[-1.2634338e-13],1301,-25,[14.45540831]
[17.03100031],[-1.2634338e-13],1301,-25,[14.45540831]
[17.03100031],[-1.2634338e-13],1301,-25,[14.45540831]
[17.03100031],[-1.2634338e-13],1301,-25,[14.45540831]
[17.03100031],[-1.2634338e-13],1301,-25,[14.45540831]
[17.03100031],[-1.2634338e-13],1301,-25,[14.45540831]
[17.03100031],[-1.2634338e-13],1301,-25,[14.45540831]
[17.03100031],[-1.2634338e-13],1301,-25,[14.45540831]
[17.03100031],[-1.2634338e-13],1301,-25,[14.45540831]
[17.03100031],[-1.2634338e-13],1301,-25,[14.45540831]
[17.03100031],[-1.2634338e-13],1301,-25,[14.45540831]
[17.03100031],[-1.2634338e-13],1301,-25,[14.45540831]
[17.03100031],[-1.2634338e-13],1301,-25,[14.45540831]
[17.03100031],[-1.2634338e-13],1301,-25,[14.45540831]
[17.03100031],[-1.2634338e-13],1301,-25,[14.45540831]
[17.03100031],[-1.2634338e-13],1301,-25,[14.45540831]
[17.03100031],[-1.2634338e-13],1301,-25,[14.45540831]
[17.03100031],[-1.2634338e-13],1301,-25,[14.45540831]
[17.03100031],[-1.2634338e-13],1301,-25,[14.45540831]
[17.03100031],[-1.2634338e-13],1301,-25,[14.45540831]
[17.03100031],[-1.2634338e-13],1301,-25,[14.45540831]
[17.03100031],[-1.2634338e-13],1301,-25,[14.45540831]
[17.03100031],[-1.2634338e-13],1301,-25,[14.45540831]
[17.03100031],[-1.2634338e-13],1301,-25,[14.45540831]
[17.03100031],[-1.2634338e-13],1301,-25,[14.45540831]
[17.03100031],[-1.2634338e-13],1301,-25,[14.45540831]
[17.03100031],[-1.2634338e-13],1301,-25,[14.45540831]
[17.03100031],[-1.2634338e-13],1301,-25,[14.45540831]
[17.03100031],[-1.2634338e-13],1301,-25,[14.45540831]
[17.03100031],[-1.2634338e-13],1301,-25,[14.45540831]
[17.03100031],[-1.2634338e-13],1301,-25,[14.45540831]
[17.03100031],[-1.2634338e-13],1301,-25,[14.45540831]
[17.03100031],[-1.2634338e-13],1301,-25,[14.45540831]
[17.03100031],[-1.2634338e-13],1301,-25,[14.45540831]
[17.03100031],[-1.2634338e-13],1301,-25,[14.45540831]
[17.03100031],[-1.2634338e-13],1301,-25,[14.45540831]
[17.03100031],[-1.2634338e-13],1301,-25,[14.45540831]
[17.03100031],[-1.2634338e-13],1301,-25,[14.45540831]
[17.03100031],[-1.2634338e-13],1301,-25,[14.45540831]
[17.03100031],[-1.2634338e-13],1301,-25,[14.45540831]
[17.03100031],[-1.2634338e-13],1301,-25,[14.45540831]
[17.03100031],[-1.2634338e-13],1301,-25,[14.45540831]
[17.03100031],[-1.2634338e-13],1301,-25,[14.45540831]
[17.03100031],[-1.2634338e-13],1301,-25,[14.45540831]
[17.03100031],[-1.2634338e-13],1301,-25,[14.45540831]
[17.03100031],[-1.2634338e-13],1301,-25,[14.45540831]
[17.03100031],[-1.2634338e-13],1301,-25,[14.45540831]
[17.03100031],[-1.2634338e-13],1301,-25,[14.45540831]
[17.03100031],[-1.2634338e-13],1301,-25,[14.45540831]
[17.03100031],[-1.2634338e-13],1301,-25,[14.45540831]
[17.03100031],[-1.2634338e-13],1301,-25,[14.45540831]
[17.03100031],[-1.2634338e-13],1301,-25,[14.45540831]
[17.03100031],[-1.2634338e-13],1301,-25,[14.45540831]
[17.03100031],[-1.2634338e-13],1301,-25,[14.45540831]
[17.03100031],[-1.2634338e-13],1301,-25,[14.45540831]
[17.03100031],[-1.2634338e-13],1301,-25,[14.45540831]
[17.03100031],[-1.2634338e-13],1301,-25,[14.45540831]
[17.03100031],[-1.2634338e-13],1301,-25,[14.45540831]
[17.03100031],[-1.2634338e-13],1301,-25,[14.45540831]
[17.03100031],[-1.2634338e-13],1301,-25,[14.45540831]
[17.03100031],[-1.2634338e-13],1301,-25,[14.45540831]
[17.03100031],[-1.2634338e-13],1301,-25,[14.45540831]
[17.03100031],[-1.2634338e-13],1301,-25,[14.45540831]
[17.03100031],[-1.2634338e-13],1301,-25,[14.45540831]
[17.03100031],[-1.2634338e-13],1301,-25,[14.45540831]
[17.03100031],[-1.2634338e-13],1301,-25,[14.45540831]
[17.03100031],[-1.2634338e-13],1301,-25,[14.45540831]
[17.03100031],[-1.2634338e-13],1301,-25,[14.45540831]
[17.03100031],[-1.2634338e-13],1301,-25,[14.45540831]
[17.03100031],[-1.2634338e-13],1301,-25,[14.45540831]
[17.03100031],[-1.2634338e-13],1301,-25,[14.45540831]
[17.03100031],[-1.2634338e-13],1301,-25,[14.45540831]
[17.03100031],[-1.2634338e-13],1301,-25,[14.45540831]
[17.03100031],[-1.2634338e-13],1301,-25,[14.45540831]
[17.03100031],[-1.2634338e-13],1301,-25,[14.45540831]
[17.03100031],[-1.2634338e-13],1301,-25,[14.45540831]
[17.03100031],[-1.2634338e-13],1301,-25,[14.45540831]
[17.03100031],[-1.2634338e-13],1301,-25,[14.45540831]
[17.03100031],[-1.2634338e-13],1301,-25,[14.45540831]
[17.03100031],[-1.2634338e-13],1301,-25,[14.45540831]
[17.03100031],[-1.2634338e-13],1301,-25,[14.45540831]
[17.03100031],[-1.2634338e-13],1301,-25,[14.45540831]
[17.03100031],[-1.2634338e-13],1301,-25,[14.45540831]
[17.03100031],[-1.2634338e-13],1301,-25,[14.45540831]
[17.03100031],[-1.2634338e-13],1301,-25,[14.45540831]
[17.03100031],[-1.2634338e-13],1301,-25,[14.45540831]
[17.03100031],[-1.2634338e-13],1301,-25,[14.45540831]
[17.03100031],[-1.2634338e-13],1301,-25,[14.45540831]
[17.03100031],[-1.2634338e-13],1301,-25,[14.45540831]
[17.03100031],[-1.2634338e-13],1301,-25,[14.45540831]
[17.03100031],[-1.2634338e-13],1301,-25,[14.45540831]
[17.03100031],[-1.2634338e-13],1301,-25,[14.45540831]
[17.03100031],[-1.2634338e-13],1301,-25,[14.45540831]
[17.03100031],[-1.2634338e-13],1301,-25,[14.45540831]
[17.03100031],[-1.2634338e-13],1301,-25,[14.45540831]
[17.03100031],[-1.2634338e-13],1301,-25,[14.45540831]
[17.03100031],[-1.2634338e-13],1301,-25,[14.45540831]
[17.03100031],[-1.2634338e-13],1301,-25,[14.45540831]
[17.03100031],[-1.2634338e-13],1301,-25,[14.45540831]
[17.03100031],[-1.2634338e-13],1301,-25,[14.45540831]
[17.03100031],[-1.2634338e-13],1301,-25,[14.45540831]
[17.03100031],[-1.2634338e-13],1301,-25,[14.45540831]
[17.03100031],[-1.2634338e-13],1301,-25,[14.45540831]
[17.03100031],[-1.2634338e-13],1301,-25,[14.45540831]
[17.03100031],[-1.2634338e-13],1301,-25,[14.45540831]
[17.03100031],[-1.2634338e-13],1301,-25,[14.45540831]
[17.03100031],[-1.2634338e-13],1301,-25,[14.45540831]
[17.03100031],[-1.2634338e-13],1301,-25,[14.45540831]
[17.03100031],[-1.2634338e-13],1301,-25,[14.45540831]
[17.03100031],[-1.2634338e-13],1301,-25,[14.45540831]
[17.03100031],[-1.2634338e-13],1301,-25,[14.45540831]
[17.03100031],[-1.2634338e-13],1301,-25,[14.45540831]
[17.03100031],[-1.2634338e-13],1301,-25,[14.45540831]
[17.03100031],[-1.2634338e-13],1301,-25,[14.45540831]
[17.03100031],[-1.2634338e-13],1301,-25,[14.45540831]
[17.03100031],[-1.2634338e-13],1301,-25,[14.45540831]
[17.03100031],[-1.2634338e-13],1301,-25,[14.45540831]
[17.03100031],[-1.2634338e-13],1301,-25,[14.45540831]
[17.03100031],[-1.2634338e-13],1301,-25,[14.45540831]
[17.03100031],[-1.2634338e-13],1301,-25,[14.45540831]
[17.03100031],[-1.2634338e-13],1301,-25,[14.45540831]
[17.03100031],[-1.2634338e-13],1301,-25,[14.45540831]
[17.03100031],[-1.2634338e-13],1301,-25,[14.45540831]
[17.03100031],[-1.2634338e-13],1301,-25,[14.45540831]
[17.03100031],[-1.2634338e-13],1301,-25,[14.45540831]
[17.03100031],[-1.2634338e-13],1301,-25,[14.45540831]
[17.03100031],[-1.2634338e-13],1301,-25,[14.45540831]
[17.03100031],[-1.2634338e-13],1301,-25,[14.45540831]
[17.03100031],[-1.2634338e-13],1301,-25,[14.45540831]
[17.03100031],[-1.2634338e-13],1301,-25,[14.45540831]
[17.03100031],[-1.2634338e-13],1301,-25,[14.45540831]
[17.03100031],[-1.2634338e-13],1301,-25,[14.45540831]
[17.03100031],[-1.2634338e-13],1301,-25,[14.45540831]
[17.03100031],[-1.2634338e-13],1301,-25,[14.45540831]
[17.03100031],[-1.2634338e-13],1301,-25,[14.45540831]
[17.03100031],[-1.2634338e-13],1301,-25,[14.45540831]
[17.03100031],[-1.2634338e-13],1301,-25,[14.45540831]
[17.03100031],[-1.2634338e-13],1301,-25,[14.45540831]
[17.03100031],[-1.2634338e-13],1301,-25,[14.45540831]
[17.03100031],[-1.2634338e-13],1301,-25,[14.45540831]
[17.03100031],[-1.2634338e-13],1301,-25,[14.45540831]
[17.03100031],[-1.2634338e-13],1301,-25,[14.45540831]
[17.03100031],[-1.2634338e-13],1301,-25,[14.45540831]
[17.03100031],[-1.2634338e-13],1301,-25,[14.45540831]
[17.03100031],[-1.2634338e-13],1301,-25,[14.45540831]
[17.03100031],[-1.2634338e-13],1301,-25,[14.45540831]
[17.03100031],[-1.2634338e-13],1301,-25,[14.45540831]
[17.03100031],[-1.2634338e-13],1301,-25,[14.45540831]
[17.03100031],[-1.2634338e-13],1301,-25,[14.45540831]
[17.03100031],[-1.2634338e-13],1301,-25,[14.45540831]
[17.03100031],[-1.2634338e-13],1301,-25,[14.45540831]
[17.03100031],[-1.2634338e-13],1301,-25,[14.45540831]
[17.03100031],[-1.2634338e-13],1301,-25,[14.45540831]
[17.03100031],[-1.2634338e-13],1301,-25,[14.45540831]
[17.03100031],[-1.2634338e-13],1301,-25,[14.45540831]
[17.03100031],[-1.2634338e-13],1301,-25,[14.45540831]
[17.03100031],[-1.2634338e-13],1301,-25,[14.45540831]
[17.03100031],[-1.2634338e-13],1301,-25,[14.45540831]
[17.03100031],[-1.2634338e-13],1301,-25,[14.45540831]
[17.03100031],[-1.2634338e-13],1301,-25,[14.45540831]
[17.03100031],[-1.2634338e-13],1301,-25,[14.45540831]
[17.03100031],[-1.2634338e-13],1301,-25,[14.45540831]
[17.03100031],[-1.2634338e-13],1301,-25,[14.45540831]
[17.03100031],[-1.2634338e-13],1301,-25,[14.45540831]
[17.03100031],[-1.2634338e-13],1301,-25,[14.45540831]
[17.03100031],[-1.2634338e-13],1301,-25,[14.45540831]
[17.03100031],[-1.2634338e-13],1301,-25,[14.45540831]
[17.03100031],[-1.2634338e-13],1301,-25,[14.45540831]
[17.03100031],[-1.2634338e-13],1301,-25,[14.45540831]
[17.03100031],[-1.2634338e-13],1301,-25,[14.45540831]
[17.03100031],[-1.2634338e-13],1301,-25,[14.45540831]
[17.03100031],[-1.2634338e-13],1301,-25,[14.45540831]
[17.03100031],[-1.2634338e-13],1301,-25,[14.45540831]
[17.03100031],[-1.2634338e-13],1301,-25,[14.45540831]
[17.03100031],[-1.2634338e-13],1301,-25,[14.45540831]
[17.03100031],[-1.2634338e-13],1301,-25,[14.45540831]
[17.03100031],[-1.2634338e-13],1301,-25,[14.45540831]
[17.03100031],[-1.2634338e-13],1301,-25,[14.45540831]
[17.03100031],[-1.2634338e-13],1301,-25,[14.45540831]
[17.03100031],[-1.2634338e-13],1301,-25,[14.45540831]
[17.03100031],[-1.2634338e-13],1301,-25,[14.45540831]
[17.03100031],[-1.2634338e-13],1301,-25,[14.45540831]
[17.03100031],[-1.2634338e-13],1301,-25,[14.45540831]
[17.03100031],[-1.2634338e-13],1301,-25,[14.45540831]
[17.03100031],[-1.2634338e-13],1301,-25,[14.45540831]
[17.03100031],[-1.2634338e-13],1301,-25,[14.45540831]
[17.03100031],[-1.2634338e-13],1301,-25,[14.45540831]
[17.03100031],[-1.2634338e-13],1301,-25,[14.45540831]
[17.03100031],[-1.2634338e-13],1301,-25,[14.45540831]
[17.03100031],[-1.2634338e-13],1301,-25,[14.45540831]
[17.03100031],[-1.2634338e-13],1301,-25,[14.45540831]
[17.03100031],[-1.2634338e-13],1301,-25,[14.45540831]
[17.03100031],[-1.2634338e-13],1301,-25,[14.45540831]
[17.03100031],[-1.2634338e-13],1301,-25,[14.45540831]
[17.03100031],[-1.2634338e-13],1301,-25,[14.45540831]
[17.03100031],[-1.2634338e-13],1301,-25,[14.45540831]
[17.03100031],[-1.2634338e-13],1301,-25,[14.45540831]
[17.03100031],[-1.2634338e-13],1301,-25,[14.45540831]
[17.03100031],[-1.2634338e-13],1301,-25,[14.45540831]
[17.03100031],[-1.2634338e-13],1301,-25,[14.45540831]
[17.03100031],[-1.2634338e-13],1301,-25,[14.45540831]
[17.03100031],[-1.2634338e-13],1301,-25,[14.45540831]
[17.03100031],[-1.2634338e-13],1301,-25,[14.45540831]
[17.03100031],[-1.2634338e-13],1301,-25,[14.45540831]
[17.03100031],[-1.2634338e-13],1301,-25,[14.45540831]
[17.03100031],[-1.2634338e-13],1301,-25,[14.45540831]
[17.03100031],[-1.2634338e-13],1301,-25,[14.45540831]
[17.03100031],[-1.2634338e-13],1301,-25,[14.45540831]
[17.03100031],[-1.2634338e-13],1301,-25,[14.45540831]
[17.03100031],[-1.2634338e-13],1301,-25,[14.45540831]
[17.03100031],[-1.2634338e-13],1301,-25,[14.45540831]
[17.03100031],[-1.2634338e-13],1301,-25,[14.45540831]
[17.03100031],[-1.2634338e-13],1301,-25,[14.45540831]
[17.03100031],[-1.2634338e-13],1301,-25,[14.45540831]
[17.03100031],[-1.2634338e-13],1301,-25,[14.45540831]
[17.03100031],[-1.2634338e-13],1301,-25,[14.45540831]
[17.03100031],[-1.2634338e-13],1301,-25,[14.45540831]
[17.03100031],[-1.2634338e-13],1301,-25,[14.45540831]
[17.03100031],[-1.2634338e-13],1301,-25,[14.45540831]
[17.03100031],[-1.2634338e-13],1301,-25,[14.45540831]
[17.03100031],[-1.2634338e-13],1301,-25,[14.45540831]
[17.03100031],[-1.2634338e-13],1301,-25,[14.45540831]
[17.03100031],[-1.2634338e-13],1301,-25,[14.45540831]
[17.03100031],[-1.2634338e-13],1301,-25,[14.45540831]
[17.03100031],[-1.2634338e-13],1301,-25,[14.45540831]
[17.03100031],[-1.2634338e-13],1301,-25,[14.45540831]
[17.03100031],[-1.2634338e-13],1301,-25,[14.45540831]
[17.03100031],[-1.2634338e-13],1301,-25,[14.45540831]
[17.03100031],[-1.2634338e-13],1301,-25,[14.45540831]
[17.03100031],[-1.2634338e-13],1301,-25,[14.45540831]
[17.03100031],[-1.2634338e-13],1301,-25,[14.45540831]
[17.03100031],[-1.2634338e-13],1301,-25,[14.45540831]
[17.03100031],[-1.2634338e-13],1301,-25,[14.45540831]
[17.03100031],[-1.2634338e-13],1301,-25,[14.45540831]
[17.03100031],[-1.2634338e-13],1301,-25,[14.45540831]
[17.03100031],[-1.2634338e-13],1301,-25,[14.45540831]
[17.03100031],[-1.2634338e-13],1301,-25,[14.45540831]
[17.03100031],[-1.2634338e-13],1301,-25,[14.45540831]
[17.03100031],[-1.2634338e-13],1301,-25,[14.45540831]
[17.03100031],[-1.2634338e-13],1301,-25,[14.45540831]
[17.03100031],[-1.2634338e-13],1301,-25,[14.45540831]
[17.03100031],[-1.2634338e-13],1301,-25,[14.45540831]
[17.03100031],[-1.2634338e-13],1301,-25,[14.45540831]
[17.03100031],[-1.2634338e-13],1301,-25,[14.45540831]
[17.03100031],[-1.2634338e-13],1301,-25,[14.45540831]
[17.03100031],[-1.2634338e-13],1301,-25,[14.45540831]
[17.03100031],[-1.2634338e-13],1301,-25,[14.45540831]
[17.03100031],[-1.2634338e-13],1301,-25,[14.45540831]
[17.03100031],[-1.2634338e-13],1301,-25,[14.45540831]
[17.03100031],[-1.2634338e-13],1301,-25,[14.45540831]
[17.03100031],[-1.2634338e-13],1301,-25,[14.45540831]
[17.03100031],[-1.2634338e-13],1301,-25,[14.45540831]
[17.03100031],[-1.2634338e-13],1301,-25,[14.45540831]
[17.03100031],[-1.2634338e-13],1301,-25,[14.45540831]
[17.03100031],[-1.2634338e-13],1301,-25,[14.45540831]
[17.03100031],[-1.2634338e-13],1301,-25,[14.45540831]
[17.03100031],[-1.2634338e-13],1301,-25,[14.45540831]
[17.03100031],[-1.2634338e-13],1301,-25,[14.45540831]
[17.03100031],[-1.2634338e-13],1301,-25,[14.45540831]
[17.03100031],[-1.2634338e-13],1301,-25,[14.45540831]
[17.03100031],[-1.2634338e-13],1301,-25,[14.45540831]
[17.03100031],[-1.2634338e-13],1301,-25,[14.45540831]
[17.03100031],[-1.2634338e-13],1301,-25,[14.45540831]
[17.03100031],[-1.2634338e-13],1301,-25,[14.45540831]
[17.03100031],[-1.2634338e-13],1301,-25,[14.45540831]
[17.03100031],[-1.2634338e-13],1301,-25,[14.45540831]
[17.03100031],[-1.2634338e-13],1301,-25,[14.45540831]
[17.03100031],[-1.2634338e-13],1301,-25,[14.45540831]
[17.03100031],[-1.2634338e-13],1301,-25,[14.45540831]
[17.03100031],[-1.2634338e-13],1301,-25,[14.45540831]
[17.03100031],[-1.2634338e-13],1301,-25,[14.45540831]
[17.03100031],[-1.2634338e-13],1301,-25,[14.45540831]
[17.03100031],[-1.2634338e-13],1301,-25,[14.45540831]
[17.03100031],[-1.2634338e-13],1301,-25,[14.45540831]
[17.03100031],[-1.2634338e-13],1301,-25,[14.45540831]
[17.03100031],[-1.2634338e-13],1301,-25,[14.45540831]
[17.03100031],[-1.2634338e-13],1301,-25,[14.45540831]
[17.03100031],[-1.2634338e-13],1301,-25,[14.45540831]
[17.03100031],[-1.2634338e-13],1301,-25,[14.45540831]
[17.03100031],[-1.2634338e-13],1301,-25,[14.45540831]
[17.03100031],[-1.2634338e-13],1301,-25,[14.45540831]
[17.03100031],[-1.2634338e-13],1301,-25,[14.45540831]
[17.03100031],[-1.2634338e-13],1301,-25,[14.45540831]
[17.03100031],[-1.2634338e-13],1301,-25,[14.45540831]
[17.03100031],[-1.2634338e-13],1301,-25,[14.45540831]
[17.03100031],[-1.2634338e-13],1301,-25,[14.45540831]
[17.03100031],[-1.2634338e-13],1301,-25,[14.45540831]
[17.03100031],[-1.2634338e-13],1301,-25,[14.45540831]
[17.03100031],[-1.2634338e-13],1301,-25,[14.45540831]
[17.03100031],[-1.2634338e-13],1301,-25,[14.45540831]
[17.03100031],[-1.2634338e-13],1301,-25,[14.45540831]
[17.03100031],[-1.2634338e-13],1301,-25,[14.45540831]
[17.03100031],[-1.2634338e-13],1301,-25,[14.45540831]
[17.03100031],[-1.2634338e-13],1301,-25,[14.45540831]
[17.03100031],[-1.2634338e-13],1301,-25,[14.45540831]
[17.03100031],[-1.2634338e-13],1301,-25,[14.45540831]
[17.03100031],[-1.2634338e-13],1301,-25,[14.45540831]
[17.03100031],[-1.2634338e-13],1301,-25,[14.45540831]
[17.03100031],[-1.2634338e-13],1301,-25,[14.45540831]
[17.03100031],[-1.2634338e-13],1301,-25,[14.45540831]
[17.03100031],[-1.2634338e-13],1301,-25,[14.45540831]
[17.03100031],[-1.2634338e-13],1301,-25,[14.45540831]
[17.03100031],[-1.2634338e-13],1301,-25,[14.45540831]
[17.03100031],[-1.2634338e-13],1301,-25,[14.45540831]
[17.03100031],[-1.2634338e-13],1301,-25,[14.45540831]
[17.03100031],[-1.2634338e-13],1301,-25,[14.45540831]
[17.03100031],[-1.2634338e-13],1301,-25,[14.45540831]
[17.03100031],[-1.2634338e-13],1301,-25,[14.45540831]
[17.03100031],[-1.2634338e-13],1301,-25,[14.45540831]
[17.03100031],[-1.2634338e-13],1301,-25,[14.45540831]
[17.03100031],[-1.2634338e-13],1301,-25,[14.45540831]
[17.03100031],[-1.2634338e-13],1301,-25,[14.45540831]
[17.03100031],[-1.2634338e-13],1301,-25,[14.45540831]
[17.03100031],[-1.2634338e-13],1301,-25,[14.45540831]
[17.03100031],[-1.2634338e-13],1301,-25,[14.45540831]
[17.03100031],[-1.2634338e-13],1301,-25,[14.45540831]
[17.03100031],[-1.2634338e-13],1301,-25,[14.45540831]
[17.03100031],[-1.2634338e-13],1301,-25,[14.45540831]
[17.03100031],[-1.2634338e-13],1301,-25,[14.45540831]
[17.03100031],[-1.2634338e-13],1301,-25,[14.45540831]
[17.03100031],[-1.2634338e-13],1301,-25,[14.45540831]
[17.03100031],[-1.2634338e-13],1301,-25,[14.45540831]
[17.03100031],[-1.2634338e-13],1301,-25,[14.45540831]
[17.03100031],[-1.2634338e-13],1301,-25,[14.45540831]
[17.03100031],[-1.2634338e-13],1301,-25,[14.45540831]
[17.03100031],[-1.2634338e-13],1301,-25,[14.45540831]
[17.03100031],[-1.2634338e-13],1301,-25,[14.45540831]
[17.03100031],[-1.2634338e-13],1301,-25,[14.45540831]
[17.03100031],[-1.2634338e-13],1301,-25,[14.45540831]
[17.03100031],[-1.2634338e-13],1301,-25,[14.45540831]
[17.03100031],[-1.2634338e-13],1301,-25,[14.45540831]
[17.03100031],[-1.2634338e-13],1301,-25,[14.45540831]
[17.03100031],[-1.2634338e-13],1301,-25,[14.45540831]
[17.03100031],[-1.2634338e-13],1301,-25,[14.45540831]
[17.03100031],[-1.2634338e-13],1301,-25,[14.45540831]
[17.03100031],[-1.2634338e-13],1301,-25,[14.45540831]
[17.03100031],[-1.2634338e-13],1301,-25,[14.45540831]
[17.03100031],[-1.2634338e-13],1301,-25,[14.45540831]
[17.03100031],[-1.2634338e-13],1301,-25,[14.45540831]
[17.03100031],[-1.2634338e-13],1301,-25,[14.45540831]
[17.03100031],[-1.2634338e-13],1301,-25,[14.45540831]
[17.03100031],[-1.2634338e-13],1301,-25,[14.45540831]
[17.03100031],[-1.2634338e-13],1301,-25,[14.45540831]
[17.03100031],[-1.2634338e-13],1301,-25,[14.45540831]
[17.03100031],[-1.2634338e-13],1301,-25,[14.45540831]
[17.03100031],[-1.2634338e-13],1301,-25,[14.45540831]
[17.03100031],[-1.2634338e-13],1301,-25,[14.45540831]
[17.03100031],[-1.2634338e-13],1301,-25,[14.45540831]
[17.03100031],[-1.2634338e-13],1301,-25,[14.45540831]
[17.03100031],[-1.2634338e-13],1301,-25,[14.45540831]
[17.03100031],[-1.2634338e-13],1301,-25,[14.45540831]
[17.03100031],[-1.2634338e-13],1301,-25,[14.45540831]
[17.03100031],[-1.2634338e-13],1301,-25,[14.45540831]
[17.03100031],[-1.2634338e-13],1301,-25,[14.45540831]
[17.03100031],[-1.2634338e-13],1301,-25,[14.45540831]
[17.03100031],[-1.2634338e-13],1301,-25,[14.45540831]
[17.03100031],[-1.2634338e-13],1301,-25,[14.45540831]
[17.03100031],[-1.2634338e-13],1301,-25,[14.45540831]
[17.03100031],[-1.2634338e-13],1301,-25,[14.45540831]
[17.03100031],[-1.2634338e-13],1301,-25,[14.45540831]
[17.03100031],[-1.2634338e-13],1301,-25,[14.45540831]
[17.03100031],[-1.2634338e-13],1301,-25,[14.45540831]
[17.03100031],[-1.2634338e-13],1301,-25,[14.45540831]
[17.03100031],[-1.2634338e-13],1301,-25,[14.45540831]
[17.03100031],[-1.2634338e-13],1301,-25,[14.45540831]
[17.03100031],[-1.2634338e-13],1301,-25,[14.45540831]
[17.03100031],[-1.2634338e-13],1301,-25,[14.45540831]
[17.03100031],[-1.2634338e-13],1301,-25,[14.45540831]
[17.03100031],[-1.2634338e-13],1301,-25,[14.45540831]
[17.03100031],[-1.2634338e-13],1301,-25,[14.45540831]
[17.03100031],[-1.2634338e-13],1301,-25,[14.45540831]
[17.03100031],[-1.2634338e-13],1301,-25,[14.45540831]
[17.03100031],[-1.2634338e-13],1301,-25,[14.45540831]
[17.03100031],[-1.2634338e-13],1301,-25,[14.45540831]
[17.03100031],[-1.2634338e-13],1301,-25,[14.45540831]
[17.03100031],[-1.2634338e-13],1301,-25,[14.45540831]
[17.03100031],[-1.2634338e-13],1301,-25,[14.45540831]
[17.03100031],[-1.2634338e-13],1301,-25,[14.45540831]
[17.03100031],[-1.2634338e-13],1301,-25,[14.45540831]
[17.03100031],[-1.2634338e-13],1301,-25,[14.45540831]
[17.03100031],[-1.2634338e-13],1301,-25,[14.45540831]
[17.03100031],[-1.2634338e-13],1301,-25,[14.45540831]
[17.03100031],[-1.2634338e-13],1301,-25,[14.45540831]
[17.03100031],[-1.2634338e-13],1301,-25,[14.45540831]
[17.03100031],[-1.2634338e-13],1301,-25,[14.45540831]
[17.03100031],[-1.2634338e-13],1301,-25,[14.45540831]
[17.03100031],[-1.2634338e-13],1301,-25,[14.45540831]
[17.03100031],[-1.2634338e-13],1301,-25,[14.45540831]
[17.03100031],[-1.2634338e-13],1301,-25,[14.45540831]
[17.03100031],[-1.2634338e-13],1301,-25,[14.45540831]
[17.03100031],[-1.2634338e-13],1301,-25,[14.45540831]
[17.03100031],[-1.2634338e-13],1301,-25,[14.45540831]
[17.03100031],[-1.2634338e-13],1301,-25,[14.45540831]
[17.03100031],[-1.2634338e-13],1301,-25,[14.45540831]
[17.03100031],[-1.2634338e-13],1301,-25,[14.45540831]
[17.03100031],[-1.2634338e-13],1301,-25,[14.45540831]
[17.03100031],[-1.2634338e-13],1301,-25,[14.45540831]
[17.03100031],[-1.2634338e-13],1301,-25,[14.45540831]
[17.03100031],[-1.2634338e-13],1301,-25,[14.45540831]
[17.03100031],[-1.2634338e-13],1301,-25,[14.45540831]
[17.03100031],[-1.2634338e-13],1301,-25,[14.45540831]
[17.03100031],[-1.2634338e-13],1301,-25,[14.45540831]
[17.03100031],[-1.2634338e-13],1301,-25,[14.45540831]
[17.03100031],[-1.2634338e-13],1301,-25,[14.45540831]
[17.03100031],[-1.2634338e-13],1301,-25,[14.45540831]
[17.03100031],[-1.2634338e-13],1301,-25,[14.45540831]
[17.03100031],[-1.2634338e-13],1301,-25,[14.45540831]
[17.03100031],[-1.2634338e-13],1301,-25,[14.45540831]
[17.03100031],[-1.2634338e-13],1301,-25,[14.45540831]
[17.03100031],[-1.2634338e-13],1301,-25,[14.45540831]
[17.03100031],[-1.2634338e-13],1301,-25,[14.45540831]
[17.03100031],[-1.2634338e-13],1301,-25,[14.45540831]
[17.03100031],[-1.2634338e-13],1301,-25,[14.45540831]
[17.03100031],[-1.2634338e-13],1301,-25,[14.45540831]
[17.03100031],[-1.2634338e-13],1301,-25,[14.45540831]
[17.03100031],[-1.2634338e-13],1301,-25,[14.45540831]
[17.03100031],[-1.2634338e-13],1301,-25,[14.45540831]
[17.03100031],[-1.2634338e-13],1301,-25,[14.45540831]
[17.03100031],[-1.2634338e-13],1301,-25,[14.45540831]
[17.03100031],[-1.2634338e-13],1301,-25,[14.45540831]
[17.03100031],[-1.2634338e-13],1301,-25,[14.45540831]
[17.03100031],[-1.2634338e-13],1301,-25,[14.45540831]
[17.03100031],[-1.2634338e-13],1301,-25,[14.45540831]
[17.03100031],[-1.2634338e-13],1301,-25,[14.45540831]
[17.03100031],[-1.2634338e-13],1301,-25,[14.45540831]
[17.03100031],[-1.2634338e-13],1301,-25,[14.45540831]
[17.03100031],[-1.2634338e-13],1301,-25,[14.45540831]
[17.03100031],[-1.2634338e-13],1301,-25,[14.45540831]
[17.03100031],[-1.2634338e-13],1301,-25,[14.45540831]
[17.03100031],[-1.2634338e-13],1301,-25,[14.45540831]
[17.03100031],[-1.2634338e-13],1301,-25,[14.45540831]
[17.03100031],[-1.2634338e-13],1301,-25,[14.45540831]
[17.03100031],[-1.2634338e-13],1301,-25,[14.45540831]
[17.03100031],[-1.2634338e-13],1301,-25,[14.45540831]
[17.03100031],[-1.2634338e-13],1301,-25,[14.45540831]
[17.03100031],[-1.2634338e-13],1301,-25,[14.45540831]
[17.03100031],[-1.2634338e-13],1301,-25,[14.45540831]
[17.03100031],[-1.2634338e-13],1301,-25,[14.45540831]
[17.03100031],[-1.2634338e-13],1301,-25,[14.45540831]
[17.03100031],[-1.2634338e-13],1301,-25,[14.45540831]
[17.03100031],[-1.2634338e-13],1301,-25,[14.45540831]
[17.03100031],[-1.2634338e-13],1301,-25,[14.45540831]
[17.03100031],[-1.2634338e-13],1301,-25,[14.45540831]
[17.03100031],[-1.2634338e-13],1301,-25,[14.45540831]
[17.03100031],[-1.2634338e-13],1301,-25,[14.45540831]
[17.03100031],[-1.2634338e-13],1301,-25,[14.45540831]
[17.03100031],[-1.2634338e-13],1301,-25,[14.45540831]
[17.03100031],[-1.2634338e-13],1301,-25,[14.45540831]
[17.03100031],[-1.2634338e-13],1301,-25,[14.45540831]
[17.03100031],[-1.2634338e-13],1301,-25,[14.45540831]
[17.03100031],[-1.2634338e-13],1301,-25,[14.45540831]
[17.03100031],[-1.2634338e-13],1301,-25,[14.45540831]
[17.03100031],[-1.2634338e-13],1301,-25,[14.45540831]
[17.03100031],[-1.2634338e-13],1301,-25,[14.45540831]
[17.03100031],[-1.2634338e-13],1301,-25,[14.45540831]
[17.03100031],[-1.2634338e-13],1301,-25,[14.45540831]
[17.03100031],[-1.2634338e-13],1301,-25,[14.45540831]
[17.03100031],[-1.2634338e-13],1301,-25,[14.45540831]
[17.03100031],[-1.2634338e-13],1301,-25,[14.45540831]
[17.03100031],[-1.2634338e-13],1301,-25,[14.45540831]
[17.03100031],[-1.2634338e-13],1301,-25,[14.45540831]
[17.03100031],[-1.2634338e-13],1301,-25,[14.45540831]
[17.03100031],[-1.2634338e-13],1301,-25,[14.45540831]
[17.03100031],[-1.2634338e-13],1301,-25,[14.45540831]
[17.03100031],[-1.2634338e-13],1301,-25,[14.45540831]
[17.03100031],[-1.2634338e-13],1301,-25,[14.45540831]
[17.03100031],[-1.2634338e-13],1301,-25,[14.45540831]
[17.03100031],[-1.2634338e-13],1301,-25,[14.45540831]
[17.03100031],[-1.2634338e-13],1301,-25,[14.45540831]
[17.03100031],[-1.2634338e-13],1301,-25,[14.45540831]
[17.03100031],[-1.2634338e-13],1301,-25,[14.45540831]
[17.03100031],[-1.2634338e-13],1301,-25,[14.45540831]
[17.03100031],[-1.2634338e-13],1301,-25,[14.45540831]
[17.03100031],[-1.2634338e-13],1301,-25,[14.45540831]
[17.03100031],[-1.2634338e-13],1301,-25,[14.45540831]
[17.03100031],[-1.2634338e-13],1301,-25,[14.45540831]
[17.03100031],[-1.2634338e-13],1301,-25,[14.45540831]
[17.03100031],[-1.2634338e-13],1301,-25,[14.45540831]
[17.03100031],[-1.2634338e-13],1301,-25,[14.45540831]
[17.03100031],[-1.2634338e-13],1301,-25,[14.45540831]
[17.03100031],[-1.2634338e-13],1301,-25,[14.45540831]
[17.03100031],[-1.2634338e-13],1301,-25,[14.45540831]
[17.03100031],[-1.2634338e-13],1301,-25,[14.45540831]
[17.03100031],[-1.2634338e-13],1301,-25,[14.45540831]
[17.03100031],[-1.2634338e-13],1301,-25,[14.45540831]
[17.03100031],[-1.2634338e-13],1301,-25,[14.45540831]
[17.03100031],[-1.2634338e-13],1301,-25,[14.45540831]
[17.03100031],[-1.2634338e-13],1301,-25,[14.45540831]
[17.03100031],[-1.2634338e-13],1301,-25,[14.45540831]
[17.03100031],[-1.2634338e-13],1301,-25,[14.45540831]
[17.03100031],[-1.2634338e-13],1301,-25,[14.45540831]
[17.03100031],[-1.2634338e-13],1301,-25,[14.45540831]
[17.03100031],[-1.2634338e-13],1301,-25,[14.45540831]
[17.03100031],[-1.2634338e-13],1301,-25,[14.45540831]
[17.03100031],[-1.2634338e-13],1301,-25,[14.45540831]
[17.03100031],[-1.2634338e-13],1301,-25,[14.45540831]
[17.03100031],[-1.2634338e-13],1301,-25,[14.45540831]
[17.03100031],[-1.2634338e-13],1301,-25,[14.45540831]
[17.03100031],[-1.2634338e-13],1301,-25,[14.45540831]
[17.03100031],[-1.2634338e-13],1301,-25,[14.45540831]
[17.03100031],[-1.2634338e-13],1301,-25,[14.45540831]
[17.03100031],[-1.2634338e-13],1301,-25,[14.45540831]
[17.03100031],[-1.2634338e-13],1301,-25,[14.45540831]
[17.03100031],[-1.2634338e-13],1301,-25,[14.45540831]
[17.03100031],[-1.2634338e-13],1301,-25,[14.45540831]
[17.03100031],[-1.2634338e-13],1301,-25,[14.45540831]
[17.03100031],[-1.2634338e-13],1301,-25,[14.45540831]
[17.03100031],[-1.2634338e-13],1301,-25,[14.45540831]
[17.03100031],[-1.2634338e-13],1301,-25,[14.45540831]
[17.03100031],[-1.2634338e-13],1301,-25,[14.45540831]
[17.03100031],[-1.2634338e-13],1301,-25,[14.45540831]
[17.03100031],[-1.2634338e-13],1301,-25,[14.45540831]
[17.03100031],[-1.2634338e-13],1301,-25,[14.45540831]
[17.03100031],[-1.2634338e-13],1301,-25,[14.45540831]
[17.03100031],[-1.2634338e-13],1301,-25,[14.45540831]
[17.03100031],[-1.2634338e-13],1301,-25,[14.45540831]
[17.03100031],[-1.2634338e-13],1301,-25,[14.45540831]
[17.03100031],[-1.2634338e-13],1301,-25,[14.45540831]
[17.03100031],[-1.2634338e-13],1301,-25,[14.45540831]
[17.03100031],[-1.2634338e-13],1301,-25,[14.45540831]
[17.03100031],[-1.2634338e-13],1301,-25,[14.45540831]
[17.03100031],[-1.2634338e-13],1301,-25,[14.45540831]
[17.03100031],[-1.2634338e-13],1301,-25,[14.45540831]
[17.03100031],[-1.2634338e-13],1301,-25,[14.45540831]
[17.03100031],[-1.2634338e-13],1301,-25,[14.45540831]
[17.03100031],[-1.2634338e-13],1301,-25,[14.45540831]
[17.03100031],[-1.2634338e-13],1301,-25,[14.45540831]
[17.03100031],[-1.2634338e-13],1301,-25,[14.45540831]
[17.03100031],[-1.2634338e-13],1301,-25,[14.45540831]
[17.03100031],[-1.2634338e-13],1301,-25,[14.45540831]
[17.03100031],[-1.2634338e-13],1301,-25,[14.45540831]
[17.03100031],[-1.2634338e-13],1301,-25,[14.45540831]
[17.03100031],[-1.2634338e-13],1301,-25,[14.45540831]
[17.03100031],[-1.2634338e-13],1301,-25,[14.45540831]
[17.03100031],[-1.2634338e-13],1301,-25,[14.45540831]
[17.03100031],[-1.2634338e-13],1301,-25,[14.45540831]
[17.03100031],[-1.2634338e-13],1301,-25,[14.45540831]
[17.03100031],[-1.2634338e-13],1301,-25,[14.45540831]
[17.03100031],[-1.2634338e-13],1301,-25,[14.45540831]
[17.03100031],[-1.2634338e-13],1301,-25,[14.45540831]
[17.03100031],[-1.2634338e-13],1301,-25,[14.45540831]
[17.03100031],[-1.2634338e-13],1301,-25,[14.45540831]
[17.03100031],[-1.2634338e-13],1301,-25,[14.45540831]
[17.03100031],[-1.2634338e-13],1301,-25,[14.45540831]
[17.03100031],[-1.2634338e-13],1301,-25,[14.45540831]
[17.03100031],[-1.2634338e-13],1301,-25,[14.45540831]
[17.03100031],[-1.2634338e-13],1301,-25,[14.45540831]
[17.03100031],[-1.2634338e-13],1301,-25,[14.45540831]
[17.03100031],[-1.2634338e-13],1301,-25,[14.45540831]
[17.03100031],[-1.2634338e-13],1301,-25,[14.45540831]
[17.03100031],[-1.2634338e-13],1301,-25,[14.45540831]
[17.03100031],[-1.2634338e-13],1301,-25,[14.45540831]
[17.03100031],[-1.2634338e-13],1301,-25,[14.45540831]
[17.03100031],[-1.2634338e-13],1301,-25,[14.45540831]
[17.03100031],[-1.2634338e-13],1301,-25,[14.45540831]
[17.03100031],[-1.2634338e-13],1301,-25,[14.45540831]
[17.03100031],[-1.2634338e-13],1301,-25,[14.45540831]
[17.03100031],[-1.2634338e-13],1301,-25,[14.45540831]
[17.03100031],[-1.2634338e-13],1301,-25,[14.45540831]
[17.03100031],[-1.2634338e-13],1301,-25,[14.45540831]
[17.03100031],[-1.2634338e-13],1301,-25,[14.45540831]
[17.03100031],[-1.2634338e-13],1301,-25,[14.45540831]
[17.03100031],[-1.2634338e-13],1301,-25,[14.45540831]
[17.03100031],[-1.2634338e-13],1301,-25,[14.45540831]
[17.03100031],[-1.2634338e-13],1301,-25,[14.45540831]
[17.03100031],[-1.2634338e-13],1301,-25,[14.45540831]
[17.03100031],[-1.2634338e-13],1301,-25,[14.45540831]
[17.03100031],[-1.2634338e-13],1301,-25,[14.45540831]
[17.03100031],[-1.2634338e-13],1301,-25,[14.45540831]
[17.03100031],[-1.2634338e-13],1301,-25,[14.45540831]
[17.03100031],[-1.2634338e-13],1301,-25,[14.45540831]
[17.03100031],[-1.2634338e-13],1301,-25,[14.45540831]
[17.03100031],[-1.2634338e-13],1301,-25,[14.45540831]
[17.03100031],[-1.2634338e-13],1301,-25,[14.45540831]
[17.03100031],[-1.2634338e-13],1301,-25,[14.45540831]
[17.03100031],[-1.2634338e-13],1301,-25,[14.45540831]
[17.03100031],[-1.2634338e-13],1301,-25,[14.45540831]
[17.03100031],[-1.2634338e-13],1301,-25,[14.45540831]
[17.03100031],[-1.2634338e-13],1301,-25,[14.45540831]
[17.03100031],[-1.2634338e-13],1301,-25,[14.45540831]
[17.03100031],[-1.2634338e-13],1301,-25,[14.45540831]
[17.03100031],[-1.2634338e-13],1301,-25,[14.45540831]
[17.03100031],[-1.2634338e-13],1301,-25,[14.45540831]
[17.03100031],[-1.2634338e-13],1301,-25,[14.45540831]
[17.03100031],[-1.2634338e-13],1301,-25,[14.45540831]
[17.03100031],[-1.2634338e-13],1301,-25,[14.45540831]
[17.03100031],[-1.2634338e-13],1301,-25,[14.45540831]
[17.03100031],[-1.2634338e-13],1301,-25,[14.45540831]
[17.03100031],[-1.2634338e-13],1301,-25,[14.45540831]
[17.03100031],[-1.2634338e-13],1301,-25,[14.45540831]
[17.03100031],[-1.2634338e-13],1301,-25,[14.45540831]
[17.03100031],[-1.2634338e-13],1301,-25,[14.45540831]
[17.03100031],[-1.2634338e-13],1301,-25,[14.45540831]
[17.03100031],[-1.2634338e-13],1301,-25,[14.45540831]
[17.03100031],[-1.2634338e-13],1301,-25,[14.45540831]
[17.03100031],[-1.2634338e-13],1301,-25,[14.45540831]
[17.03100031],[-1.2634338e-13],1301,-25,[14.45540831]
[17.03100031],[-1.2634338e-13],1301,-25,[14.45540831]
[17.03100031],[-1.2634338e-13],1301,-25,[14.45540831]
[17.03100031],[-1.2634338e-13],1301,-25,[14.45540831]
[17.03100031],[-1.2634338e-13],1301,-25,[14.45540831]
[17.03100031],[-1.2634338e-13],1301,-25,[14.45540831]
[17.03100031],[-1.2634338e-13],1301,-25,[14.45540831]
[17.03100031],[-1.2634338e-13],1301,-25,[14.45540831]
[17.03100031],[-1.2634338e-13],1301,-25,[14.45540831]
[17.03100031],[-1.2634338e-13],1301,-25,[14.45540831]
[17.03100031],[-1.2634338e-13],1301,-25,[14.45540831]
[17.03100031],[-1.2634338e-13],1301,-25,[14.45540831]
[17.03100031],[-1.2634338e-13],1301,-25,[14.45540831]
[17.03100031],[-1.2634338e-13],1301,-25,[14.45540831]
[17.03100031],[-1.2634338e-13],1301,-25,[14.45540831]
[17.03100031],[-1.2634338e-13],1301,-25,[14.45540831]
[17.03100031],[-1.2634338e-13],1301,-25,[14.45540831]
[17.03100031],[-1.2634338e-13],1301,-25,[14.45540831]
[17.03100031],[-1.2634338e-13],1301,-25,[14.45540831]
[17.03100031],[-1.2634338e-13],1301,-25,[14.45540831]
[17.03100031],[-1.2634338e-13],1301,-25,[14.45540831]
[17.03100031],[-1.2634338e-13],1301,-25,[14.45540831]
[17.03100031],[-1.2634338e-13],1301,-25,[14.45540831]
[17.03100031],[-1.2634338e-13],1301,-25,[14.45540831]
[17.03100031],[-1.2634338e-13],1301,-25,[14.45540831]
[17.03100031],[-1.2634338e-13],1301,-25,[14.45540831]
[17.03100031],[-1.2634338e-13],1301,-25,[14.45540831]
[17.03100031],[-1.2634338e-13],1301,-25,[14.45540831]
[17.03100031],[-1.2634338e-13],1301,-25,[14.45540831]
[17.03100031],[-1.2634338e-13],1301,-25,[14.45540831]
[17.03100031],[-1.2634338e-13],1301,-25,[14.45540831]
[17.03100031],[-1.2634338e-13],1301,-25,[14.45540831]
[17.03100031],[-1.2634338e-13],1301,-25,[14.45540831]
[17.03100031],[-1.2634338e-13],1301,-25,[14.45540831]
[17.03100031],[-1.2634338e-13],1301,-25,[14.45540831]
[17.03100031],[-1.2634338e-13],1301,-25,[14.45540831]
[17.03100031],[-1.2634338e-13],1301,-25,[14.45540831]
[17.03100031],[-1.2634338e-13],1301,-25,[14.45540831]
[17.03100031],[-1.2634338e-13],1301,-25,[14.45540831]
[17.03100031],[-1.2634338e-13],1301,-25,[14.45540831]
[17.03100031],[-1.2634338e-13],1301,-25,[14.45540831]
[17.03100031],[-1.2634338e-13],1301,-25,[14.45540831]
[17.03100031],[-1.2634338e-13],1301,-25,[14.45540831]
[17.03100031],[-1.2634338e-13],1301,-25,[14.45540831]
[17.03100031],[-1.2634338e-13],1301,-25,[14.45540831]
[17.03100031],[-1.2634338e-13],1301,-25,[14.45540831]
[17.03100031],[-1.2634338e-13],1301,-25,[14.45540831]
[17.03100031],[-1.2634338e-13],1301,-25,[14.45540831]
[17.03100031],[-1.2634338e-13],1301,-25,[14.45540831]
[17.03100031],[-1.2634338e-13],1301,-25,[14.45540831]
[17.03100031],[-1.2634338e-13],1301,-25,[14.45540831]
[17.03100031],[-1.2634338e-13],1301,-25,[14.45540831]
[17.03100031],[-1.2634338e-13],1301,-25,[14.45540831]
[17.03100031],[-1.2634338e-13],1301,-25,[14.45540831]
[17.03100031],[-1.2634338e-13],1301,-25,[14.45540831]
[17.03100031],[-1.2634338e-13],1301,-25,[14.45540831]
[17.03100031],[-1.2634338e-13],1301,-25,[14.45540831]
[17.03100031],[-1.2634338e-13],1301,-25,[14.45540831]
[17.03100031],[-1.2634338e-13],1301,-25,[14.45540831]
[17.03100031],[-1.2634338e-13],1301,-25,[14.45540831]
[17.03100031],[-1.2634338e-13],1301,-25,[14.45540831]
[17.03100031],[-1.2634338e-13],1301,-25,[14.45540831]
[17.03100031],[-1.2634338e-13],1301,-25,[14.45540831]
[17.03100031],[-1.2634338e-13],1301,-25,[14.45540831]
[17.03100031],[-1.2634338e-13],1301,-25,[14.45540831]
[17.03100031],[-1.2634338e-13],1301,-25,[14.45540831]
[17.03100031],[-1.2634338e-13],1301,-25,[14.45540831]
[17.03100031],[-1.2634338e-13],1301,-25,[14.45540831]
[17.03100031],[-1.2634338e-13],1301,-25,[14.45540831]
[17.03100031],[-1.2634338e-13],1301,-25,[14.45540831]
[17.03100031],[-1.2634338e-13],1301,-25,[14.45540831]
[17.03100031],[-1.2634338e-13],1301,-25,[14.45540831]
[17.03100031],[-1.2634338e-13],1301,-25,[14.45540831]
[17.03100031],[-1.2634338e-13],1301,-25,[14.45540831]
[17.03100031],[-1.2634338e-13],1301,-25,[14.45540831]
[17.03100031],[-1.2634338e-13],1301,-25,[14.45540831]
[17.03100031],[-1.2634338e-13],1301,-25,[14.45540831]
[17.03100031],[-1.2634338e-13],1301,-25,[14.45540831]
[17.03100031],[-1.2634338e-13],1301,-25,[14.45540831]
[17.03100031],[-1.2634338e-13],1301,-25,[14.45540831]
[17.03100031],[-1.2634338e-13],1301,-25,[14.45540831]
[17.03100031],[-1.2634338e-13],1301,-25,[14.45540831]
[17.03100031],[-1.2634338e-13],1301,-25,[14.45540831]
[17.03100031],[-1.2634338e-13],1301,-25,[14.45540831]
[17.03100031],[-1.2634338e-13],1301,-25,[14.45540831]
[17.03100031],[-1.2634338e-13],1301,-25,[14.45540831]
[17.03100031],[-1.2634338e-13],1301,-25,[14.45540831]
[17.03100031],[-1.2634338e-13],1301,-25,[14.45540831]
[17.03100031],[-1.2634338e-13],1301,-25,[14.45540831]
[17.03100031],[-1.2634338e-13],1301,-25,[14.45540831]
[17.03100031],[-1.2634338e-13],1301,-25,[14.45540831]
[17.03100031],[-1.2634338e-13],1301,-25,[14.45540831]
[17.03100031],[-1.2634338e-13],1301,-25,[14.45540831]
[17.03100031],[-1.2634338e-13],1301,-25,[14.45540831]
[17.03100031],[-1.2634338e-13],1301,-25,[14.45540831]
[17.03100031],[-1.2634338e-13],1301,-25,[14.45540831]
[17.03100031],[-1.2634338e-13],1301,-25,[14.45540831]
[17.03100031],[-1.2634338e-13],1301,-25,[14.45540831]
[17.03100031],[-1.2634338e-13],1301,-25,[14.45540831]
[17.03100031],[-1.2634338e-13],1301,-25,[14.45540831]
[17.03100031],[-1.2634338e-13],1301,-25,[14.45540831]
[17.03100031],[-1.2634338e-13],1301,-25,[14.45540831]
[17.03100031],[-1.2634338e-13],1301,-25,[14.45540831]
[17.03100031],[-1.2634338e-13],1301,-25,[14.45540831]
[17.03100031],[-1.2634338e-13],1301,-25,[14.45540831]
[17.03100031],[-1.2634338e-13],1301,-25,[14.45540831]
[17.03100031],[-1.2634338e-13],1301,-25,[14.45540831]
[17.03100031],[-1.2634338e-13],1301,-25,[14.45540831]
[17.03100031],[-1.2634338e-13],1301,-25,[14.45540831]
[17.03100031],[-1.2634338e-13],1301,-25,[14.45540831]
[17.03100031],[-1.2634338e-13],1301,-25,[14.45540831]
[17.03100031],[-1.2634338e-13],1301,-25,[14.45540831]
[17.03100031],[-1.2634338e-13],1301,-25,[14.45540831]
[17.03100031],[-1.2634338e-13],1301,-25,[14.45540831]
[17.03100031],[-1.2634338e-13],1301,-25,[14.45540831]
[17.03100031],[-1.2634338e-13],1301,-25,[14.45540831]
[17.03100031],[-1.2634338e-13],1301,-25,[14.45540831]
[17.03100031],[-1.2634338e-13],1301,-25,[14.45540831]
[17.03100031],[-1.2634338e-13],1301,-25,[14.45540831]
[17.03100031],[-1.2634338e-13],1301,-25,[14.45540831]
[17.03100031],[-1.2634338e-13],1301,-25,[14.45540831]
[17.03100031],[-1.2634338e-13],1301,-25,[14.45540831]
[17.03100031],[-1.2634338e-13],1301,-25,[14.45540831]
[17.03100031],[-1.2634338e-13],1301,-25,[14.45540831]
[17.03100031],[-1.2634338e-13],1301,-25,[14.45540831]
[17.03100031],[-1.2634338e-13],1301,-25,[14.45540831]
[17.03100031],[-1.2634338e-13],1301,-25,[14.45540831]
[17.03100031],[-1.2634338e-13],1301,-25,[14.45540831]
[17.03100031],[-1.2634338e-13],1301,-25,[14.45540831]
[17.03100031],[-1.2634338e-13],1301,-25,[14.45540831]
[17.03100031],[-1.2634338e-13],1301,-25,[14.45540831]
[17.03100031],[-1.2634338e-13],1301,-25,[14.45540831]
[17.03100031],[-1.2634338e-13],1301,-25,[14.45540831]
[17.03100031],[-1.2634338e-13],1301,-25,[14.45540831]
[17.03100031],[-1.2634338e-13],1301,-25,[14.45540831]
[17.03100031],[-1.2634338e-13],1301,-25,[14.45540831]
[17.03100031],[-1.2634338e-13],1301,-25,[14.45540831]
[17.03100031],[-1.2634338e-13],1301,-25,[14.45540831]
[17.03100031],[-1.2634338e-13],1301,-25,[14.45540831]
[17.03100031],[-1.2634338e-13],1301,-25,[14.45540831]
[17.03100031],[-1.2634338e-13],1301,-25,[14.45540831]
[17.03100031],[-1.2634338e-13],1301,-25,[14.45540831]
[17.03100031],[-1.2634338e-13],1301,-25,[14.45540831]
[17.03100031],[-1.2634338e-13],1301,-25,[14.45540831]
[17.03100031],[-1.2634338e-13],1301,-25,[14.45540831]
[17.03100031],[-1.2634338e-13],1301,-25,[14.45540831]
[17.03100031],[-1.2634338e-13],1301,-25,[14.45540831]
[17.03100031],[-1.2634338e-13],1301,-25,[14.45540831]
[17.03100031],[-1.2634338e-13],1301,-25,[14.45540831]
[17.03100031],[-1.2634338e-13],1301,-25,[14.45540831]
[17.03100031],[-1.2634338e-13],1301,-25,[14.45540831]
[17.03100031],[-1.2634338e-13],1301,-25,[14.45540831]
[17.03100031],[-1.2634338e-13],1301,-25,[14.45540831]
[17.03100031],[-1.2634338e-13],1301,-25,[14.45540831]
[17.03100031],[-1.2634338e-13],1301,-25,[14.45540831]
[17.03100031],[-1.2634338e-13],1301,-25,[14.45540831]
[17.03100031],[-1.2634338e-13],1301,-25,[14.45540831]
[17.03100031],[-1.2634338e-13],1301,-25,[14.45540831]
[17.03100031],[-1.2634338e-13],1301,-25,[14.45540831]
[17.03100031],[-1.2634338e-13],1301,-25,[14.45540831]
[17.03100031],[-1.2634338e-13],1301,-25,[14.45540831]
[17.03100031],[-1.2634338e-13],1301,-25,[14.45540831]
[17.03100031],[-1.2634338e-13],1301,-25,[14.45540831]
[17.03100031],[-1.2634338e-13],1301,-25,[14.45540831]
[17.03100031],[-1.2634338e-13],1301,-25,[14.45540831]
[17.03100031],[-1.2634338e-13],1301,-25,[14.45540831]
[17.03100031],[-1.2634338e-13],1301,-25,[14.45540831]
[17.03100031],[-1.2634338e-13],1301,-25,[14.45540831]
[17.03100031],[-1.2634338e-13],1301,-25,[14.45540831]
[17.03100031],[-1.2634338e-13],1301,-25,[14.45540831]
[17.03100031],[-1.2634338e-13],1301,-25,[14.45540831]
[17.03100031],[-1.2634338e-13],1301,-25,[14.45540831]
[17.03100031],[-1.2634338e-13],1301,-25,[14.45540831]
[17.03100031],[-1.2634338e-13],1301,-25,[14.45540831]
[17.03100031],[-1.2634338e-13],1301,-25,[14.45540831]
[17.03100031],[-1.2634338e-13],1301,-25,[14.45540831]
[17.03100031],[-1.2634338e-13],1301,-25,[14.45540831]
[17.03100031],[-1.2634338e-13],1301,-25,[14.45540831]
[17.03100031],[-1.2634338e-13],1301,-25,[14.45540831]
[17.03100031],[-1.2634338e-13],1301,-25,[14.45540831]
[17.03100031],[-1.2634338e-13],1301,-25,[14.45540831]
[17.03100031],[-1.2634338e-13],1301,-25,[14.45540831]
[17.03100031],[-1.2634338e-13],1301,-25,[14.45540831]
[17.03100031],[-1.2634338e-13],1301,-25,[14.45540831]
[17.03100031],[-1.2634338e-13],1301,-25,[14.45540831]
[17.03100031],[-1.2634338e-13],1301,-25,[14.45540831]
[17.03100031],[-1.2634338e-13],1301,-25,[14.45540831]
[17.03100031],[-1.2634338e-13],1301,-25,[14.45540831]
[17.03100031],[-1.2634338e-13],1301,-25,[14.45540831]
[17.03100031],[-1.2634338e-13],1301,-25,[14.45540831]
[17.03100031],[-1.2634338e-13],1301,-25,[14.45540831]
[17.03100031],[-1.2634338e-13],1301,-25,[14.45540831]
[17.03100031],[-1.2634338e-13],1301,-25,[14.45540831]
[17.03100031],[-1.2634338e-13],1301,-25,[14.45540831]
[17.03100031],[-1.2634338e-13],1301,-25,[14.45540831]
[17.03100031],[-1.2634338e-13],1301,-25,[14.45540831]
[17.03100031],[-1.2634338e-13],1301,-25,[14.45540831]
[17.03100031],[-1.2634338e-13],1301,-25,[14.45540831]
[17.03100031],[-1.2634338e-13],1301,-25,[14.45540831]
[17.03100031],[-1.2634338e-13],1301,-25,[14.45540831]
[17.03100031],[-1.2634338e-13],1301,-25,[14.45540831]
[17.03100031],[-1.2634338e-13],1301,-25,[14.45540831]
[17.03100031],[-1.2634338e-13],1301,-25,[14.45540831]
[17.03100031],[-1.2634338e-13],1301,-25,[14.45540831]
[17.03100031],[-1.2634338e-13],1301,-25,[14.45540831]
[17.03100031],[-1.2634338e-13],1301,-25,[14.45540831]
[17.03100031],[-1.2634338e-13],1301,-25,[14.45540831]
[17.03100031],[-1.2634338e-13],1301,-25,[14.45540831]
[17.03100031],[-1.2634338e-13],1301,-25,[14.45540831]
[17.03100031],[-1.2634338e-13],1301,-25,[14.45540831]
[17.03100031],[-1.2634338e-13],1301,-25,[14.45540831]
[17.03100031],[-1.2634338e-13],1301,-25,[14.45540831]
[17.03100031],[-1.2634338e-13],1301,-25,[14.45540831]
[17.03100031],[-1.2634338e-13],1301,-25,[14.45540831]
[17.03100031],[-1.2634338e-13],1301,-25,[14.45540831]
[17.03100031],[-1.2634338e-13],1301,-25,[14.45540831]
[17.03100031],[-1.2634338e-13],1301,-25,[14.45540831]
[17.03100031],[-1.2634338e-13],1301,-25,[14.45540831]
[17.03100031],[-1.2634338e-13],1301,-25,[14.45540831]
[17.03100031],[-1.2634338e-13],1301,-25,[14.45540831]
[17.03100031],[-1.2634338e-13],1301,-25,[14.45540831]
[17.03100031],[-1.2634338e-13],1301,-25,[14.45540831]
[17.03100031],[-1.2634338e-13],1301,-25,[14.45540831]
[17.03100031],[-1.2634338e-13],1301,-25,[14.45540831]
[17.03100031],[-1.2634338e-13],1301,-25,[14.45540831]
[17.03100031],[-1.2634338e-13],1301,-25,[14.45540831]
[17.03100031],[-1.2634338e-13],1301,-25,[14.45540831]
[17.03100031],[-1.2634338e-13],1301,-25,[14.45540831]
[17.03100031],[-1.2634338e-13],1301,-25,[14.45540831]
[17.03100031],[-1.2634338e-13],1301,-25,[14.45540831]
[17.03100031],[-1.2634338e-13],1301,-25,[14.45540831]
[17.03100031],[-1.2634338e-13],1301,-25,[14.45540831]
[17.03100031],[-1.2634338e-13],1301,-25,[14.45540831]
[17.03100031],[-1.2634338e-13],1301,-25,[14.45540831]
[17.03100031],[-1.2634338e-13],1301,-25,[14.45540831]
[17.03100031],[-1.2634338e-13],1301,-25,[14.45540831]
[17.03100031],[-1.2634338e-13],1301,-25,[14.45540831]
[17.03100031],[-1.2634338e-13],1301,-25,[14.45540831]
[17.03100031],[-1.2634338e-13],1301,-25,[14.45540831]
[17.03100031],[-1.2634338e-13],1301,-25,[14.45540831]
[17.03100031],[-1.2634338e-13],1301,-25,[14.45540831]
[17.03100031],[-1.2634338e-13],1301,-25,[14.45540831]
[17.03100031],[-1.2634338e-13],1301,-25,[14.45540831]
[17.03100031],[-1.2634338e-13],1301,-25,[14.45540831]
[17.03100031],[-1.2634338e-13],1301,-25,[14.45540831]
[17.03100031],[-1.2634338e-13],1301,-25,[14.45540831]
[17.03100031],[-1.2634338e-13],1301,-25,[14.45540831]
[17.03100031],[-1.2634338e-13],1301,-25,[14.45540831]
[17.03100031],[-1.2634338e-13],1301,-25,[14.45540831]
[17.03100031],[-1.2634338e-13],1301,-25,[14.45540831]
[17.03100031],[-1.2634338e-13],1301,-25,[14.45540831]
[17.03100031],[-1.2634338e-13],1301,-25,[14.45540831]
[17.03100031],[-1.2634338e-13],1301,-25,[14.45540831]
[17.03100031],[-1.2634338e-13],1301,-25,[14.45540831]
[17.03100031],[-1.2634338e-13],1301,-25,[14.45540831]
[17.03100031],[-1.2634338e-13],1301,-25,[14.45540831]
[17.03100031],[-1.2634338e-13],1301,-25,[14.45540831]
[17.03100031],[-1.2634338e-13],1301,-25,[14.45540831]
[17.03100031],[-1.2634338e-13],1301,-25,[14.45540831]
[17.03100031],[-1.2634338e-13],1301,-25,[14.45540831]
[17.03100031],[-1.2634338e-13],1301,-25,[14.45540831]
[17.03100031],[-1.2634338e-13],1301,-25,[14.45540831]
[17.03100031],[-1.2634338e-13],1301,-25,[14.45540831]
[17.03100031],[-1.2634338e-13],1301,-25,[14.45540831]
[17.03100031],[-1.2634338e-13],1301,-25,[14.45540831]
[17.03100031],[-1.2634338e-13],1301,-25,[14.45540831]
[17.03100031],[-1.2634338e-13],1301,-25,[14.45540831]
[17.03100031],[-1.2634338e-13],1301,-25,[14.45540831]
[17.03100031],[-1.2634338e-13],1301,-25,[14.45540831]
[17.03100031],[-1.2634338e-13],1301,-25,[14.45540831]
[17.03100031],[-1.2634338e-13],1301,-25,[14.45540831]
[17.03100031],[-1.2634338e-13],1301,-25,[14.45540831]
[17.03100031],[-1.2634338e-13],1301,-25,[14.45540831]
[17.03100031],[-1.2634338e-13],1301,-25,[14.45540831]
[17.03100031],[-1.2634338e-13],1301,-25,[14.45540831]
[17.03100031],[-1.2634338e-13],1301,-25,[14.45540831]
[17.03100031],[-1.2634338e-13],1301,-25,[14.45540831]
[17.03100031],[-1.2634338e-13],1301,-25,[14.45540831]
[17.03100031],[-1.2634338e-13],1301,-25,[14.45540831]
[17.03100031],[-1.2634338e-13],1301,-25,[14.45540831]
[17.03100031],[-1.2634338e-13],1301,-25,[14.45540831]
[17.03100031],[-1.2634338e-13],1301,-25,[14.45540831]
[17.03100031],[-1.2634338e-13],1301,-25,[14.45540831]
[17.03100031],[-1.2634338e-13],1301,-25,[14.45540831]
[17.03100031],[-1.2634338e-13],1301,-25,[14.45540831]
[17.03100031],[-1.2634338e-13],1301,-25,[14.45540831]
[17.03100031],[-1.2634338e-13],1301,-25,[14.45540831]
[17.03100031],[-1.2634338e-13],1301,-25,[14.45540831]
[17.03100031],[-1.2634338e-13],1301,-25,[14.45540831]
[17.03100031],[-1.2634338e-13],1301,-25,[14.45540831]
[17.03100031],[-1.2634338e-13],1301,-25,[14.45540831]
[17.03100031],[-1.2634338e-13],1301,-25,[14.45540831]
[17.03100031],[-1.2634338e-13],1301,-25,[14.45540831]
[17.03100031],[-1.2634338e-13],1301,-25,[14.45540831]
[17.03100031],[-1.2634338e-13],1301,-25,[14.45540831]
[17.03100031],[-1.2634338e-13],1301,-25,[14.45540831]
[17.03100031],[-1.2634338e-13],1301,-25,[14.45540831]
[17.03100031],[-1.2634338e-13],1301,-25,[14.45540831]
[17.03100031],[-1.2634338e-13],1301,-25,[14.45540831]
[17.03100031],[-1.2634338e-13],1301,-25,[14.45540831]
[17.03100031],[-1.2634338e-13],1301,-25,[14.45540831]
[17.03100031],[-1.2634338e-13],1301,-25,[14.45540831]
[17.03100031],[-1.2634338e-13],1301,-25,[14.45540831]
[17.03100031],[-1.2634338e-13],1301,-25,[14.45540831]
[17.03100031],[-1.2634338e-13],1301,-25,[14.45540831]
[17.03100031],[-1.2634338e-13],1301,-25,[14.45540831]
[17.03100031],[-1.2634338e-13],1301,-25,[14.45540831]
[17.03100031],[-1.2634338e-13],1301,-25,[14.45540831]
[17.03100031],[-1.2634338e-13],1301,-25,[14.45540831]
[17.03100031],[-1.2634338e-13],1301,-25,[14.45540831]
[17.03100031],[-1.2634338e-13],1301,-25,[14.45540831]
[17.03100031],[-1.2634338e-13],1301,-25,[14.45540831]
[17.03100031],[-1.2634338e-13],1301,-25,[14.45540831]
[17.03100031],[-1.2634338e-13],1301,-25,[14.45540831]
[17.03100031],[-1.2634338e-13],1301,-25,[14.45540831]
[17.03100031],[-1.2634338e-13],1301,-25,[14.45540831]
[17.03100031],[-1.2634338e-13],1301,-25,[14.45540831]
[17.03100031],[-1.2634338e-13],1301,-25,[14.45540831]
[17.03100031],[-1.2634338e-13],1301,-25,[14.45540831]
[17.03100031],[-1.2634338e-13],1301,-25,[14.45540831]
[17.03100031],[-1.2634338e-13],1301,-25,[14.45540831]
[17.03100031],[-1.2634338e-13],1301,-25,[14.45540831]
[17.03100031],[-1.2634338e-13],1301,-25,[14.45540831]
[17.03100031],[-1.2634338e-13],1301,-25,[14.45540831]
[17.03100031],[-1.2634338e-13],1301,-25,[14.45540831]
[17.03100031],[-1.2634338e-13],1301,-25,[14.45540831]
[17.03100031],[-1.2634338e-13],1301,-25,[14.45540831]
[17.03100031],[-1.2634338e-13],1301,-25,[14.45540831]
[17.03100031],[-1.2634338e-13],1301,-25,[14.45540831]
[17.03100031],[-1.2634338e-13],1301,-25,[14.45540831]
[17.03100031],[-1.2634338e-13],1301,-25,[14.45540831]
[17.03100031],[-1.2634338e-13],1301,-25,[14.45540831]
[17.03100031],[-1.2634338e-13],1301,-25,[14.45540831]
[17.03100031],[-1.2634338e-13],1301,-25,[14.45540831]
[17.03100031],[-1.2634338e-13],1301,-25,[14.45540831]
[17.03100031],[-1.2634338e-13],1301,-25,[14.45540831]
[17.03100031],[-1.2634338e-13],1301,-25,[14.45540831]
[17.03100031],[-1.2634338e-13],1301,-25,[14.45540831]
[17.03100031],[-1.2634338e-13],1301,-25,[14.45540831]
[17.03100031],[-1.2634338e-13],1301,-25,[14.45540831]
[17.03100031],[-1.2634338e-13],1301,-25,[14.45540831]
[17.03100031],[-1.2634338e-13],1301,-25,[14.45540831]
[17.03100031],[-1.2634338e-13],1301,-25,[14.45540831]
[17.03100031],[-1.2634338e-13],1301,-25,[14.45540831]
[17.03100031],[-1.2634338e-13],1301,-25,[14.45540831]
[17.03100031],[-1.2634338e-13],1301,-25,[14.45540831]
[17.03100031],[-1.2634338e-13],1301,-25,[14.45540831]
[17.03100031],[-1.2634338e-13],1301,-25,[14.45540831]
[17.03100031],[-1.2634338e-13],1301,-25,[14.45540831]
[17.03100031],[-1.2634338e-13],1301,-25,[14.45540831]
[17.03100031],[-1.2634338e-13],1301,-25,[14.45540831]
[17.03100031],[-1.2634338e-13],1301,-25,[14.45540831]
[17.03100031],[-1.2634338e-13],1301,-25,[14.45540831]
[17.03100031],[-1.2634338e-13],1301,-25,[14.45540831]
[17.03100031],[-1.2634338e-13],1301,-25,[14.45540831]
[17.03100031],[-1.2634338e-13],1301,-25,[14.45540831]
[17.03100031],[-1.2634338e-13],1301,-25,[14.45540831]
[17.03100031],[-1.2634338e-13],1301,-25,[14.45540831]
[17.03100031],[-1.2634338e-13],1301,-25,[14.45540831]
[17.03100031],[-1.2634338e-13],1301,-25,[14.45540831]
[17.03100031],[-1.2634338e-13],1301,-25,[14.45540831]
[17.03100031],[-1.2634338e-13],1301,-25,[14.45540831]
[17.03100031],[-1.2634338e-13],1301,-25,[14.45540831]
[17.03100031],[-1.2634338e-13],1301,-25,[14.45540831]
[17.03100031],[-1.2634338e-13],1301,-25,[14.45540831]
[17.03100031],[-1.2634338e-13],1301,-25,[14.45540831]
[17.03100031],[-1.2634338e-13],1301,-25,[14.45540831]
[17.03100031],[-1.2634338e-13],1301,-25,[14.45540831]
[17.03100031],[-1.2634338e-13],1301,-25,[14.45540831]
[17.03100031],[-1.2634338e-13],1301,-25,[14.45540831]
[17.03100031],[-1.2634338e-13],1301,-25,[14.45540831]
[17.03100031],[-1.2634338e-13],1301,-25,[14.45540831]
[17.03100031],[-1.2634338e-13],1301,-25,[14.45540831]
[17.03100031],[-1.2634338e-13],1301,-25,[14.45540831]
[17.03100031],[-1.2634338e-13],1301,-25,[14.45540831]
[17.03100031],[-1.2634338e-13],1301,-25,[14.45540831]
[17.03100031],[-1.2634338e-13],1301,-25,[14.45540831]
[17.03100031],[-1.2634338e-13],1301,-25,[14.45540831]
[17.03100031],[-1.2634338e-13],1301,-25,[14.45540831]
[17.03100031],[-1.2634338e-13],1301,-25,[14.45540831]
[17.03100031],[-1.2634338e-13],1301,-25,[14.45540831]
[17.03100031],[-1.2634338e-13],1301,-25,[14.45540831]
[17.03100031],[-1.2634338e-13],1301,-25,[14.45540831]
[17.03100031],[-1.2634338e-13],1301,-25,[14.45540831]
[17.03100031],[-1.2634338e-13],1301,-25,[14.45540831]
[17.03100031],[-1.2634338e-13],1301,-25,[14.45540831]
[17.03100031],[-1.2634338e-13],1301,-25,[14.45540831]
[17.03100031],[-1.2634338e-13],1301,-25,[14.45540831]
[17.03100031],[-1.2634338e-13],1301,-25,[14.45540831]
[17.03100031],[-1.2634338e-13],1301,-25,[14.45540831]
[17.03100031],[-1.2634338e-13],1301,-25,[14.45540831]
[17.03100031],[-1.2634338e-13],1301,-25,[14.45540831]
[17.03100031],[-1.2634338e-13],1301,-25,[14.45540831]
[17.03100031],[-1.2634338e-13],1301,-25,[14.45540831]
[17.03100031],[-1.2634338e-13],1301,-25,[14.45540831]
[17.03100031],[-1.2634338e-13],1301,-25,[14.45540831]
[17.03100031],[-1.2634338e-13],1301,-25,[14.45540831]
[17.03100031],[-1.2634338e-13],1301,-25,[14.45540831]
[17.03100031],[-1.2634338e-13],1301,-25,[14.45540831]
[17.03100031],[-1.2634338e-13],1301,-25,[14.45540831]
[17.03100031],[-1.2634338e-13],1301,-25,[14.45540831]
[17.03100031],[-1.2634338e-13],1301,-25,[14.45540831]
[17.03100031],[-1.2634338e-13],1301,-25,[14.45540831]
[17.03100031],[-1.2634338e-13],1301,-25,[14.45540831]
[17.03100031],[-1.2634338e-13],1301,-25,[14.45540831]
[17.03100031],[-1.2634338e-13],1301,-25,[14.45540831]
[17.03100031],[-1.2634338e-13],1301,-25,[14.45540831]
[17.03100031],[-1.2634338e-13],1301,-25,[14.45540831]
[17.03100031],[-1.2634338e-13],1301,-25,[14.45540831]
[17.03100031],[-1.2634338e-13],1301,-25,[14.45540831]
[17.03100031],[-1.2634338e-13],1301,-25,[14.45540831]
[17.03100031],[-1.2634338e-13],1301,-25,[14.45540831]
[17.03100031],[-1.2634338e-13],1301,-25,[14.45540831]
[17.03100031],[-1.2634338e-13],1301,-25,[14.45540831]
[17.03100031],[-1.2634338e-13],1301,-25,[14.45540831]
[17.03100031],[-1.2634338e-13],1301,-25,[14.45540831]
[17.03100031],[-1.2634338e-13],1301,-25,[14.45540831]
[17.03100031],[-1.2634338e-13],1301,-25,[14.45540831]
[17.03100031],[-1.2634338e-13],1301,-25,[14.45540831]
[17.03100031],[-1.2634338e-13],1301,-25,[14.45540831]
[17.03100031],[-1.2634338e-13],1301,-25,[14.45540831]
[17.03100031],[-1.2634338e-13],1301,-25,[14.45540831]
[17.03100031],[-1.2634338e-13],1301,-25,[14.45540831]
[17.03100031],[-1.2634338e-13],1301,-25,[14.45540831]
[17.03100031],[-1.2634338e-13],1301,-25,[14.45540831]
[17.03100031],[-1.2634338e-13],1301,-25,[14.45540831]
[17.03100031],[-1.2634338e-13],1301,-25,[14.45540831]
[17.03100031],[-1.2634338e-13],1301,-25,[14.45540831]
[17.03100031],[-1.2634338e-13],1301,-25,[14.45540831]
[17.03100031],[-1.2634338e-13],1301,-25,[14.45540831]
[17.03100031],[-1.2634338e-13],1301,-25,[14.45540831]
[17.03100031],[-1.2634338e-13],1301,-25,[14.45540831]
[17.03100031],[-1.2634338e-13],1301,-25,[14.45540831]
[17.03100031],[-1.2634338e-13],1301,-25,[14.45540831]
[17.03100031],[-1.2634338e-13],1301,-25,[14.45540831]
[17.03100031],[-1.2634338e-13],1301,-25,[14.45540831]
[17.03100031],[-1.2634338e-13],1301,-25,[14.45540831]
[17.03100031],[-1.2634338e-13],1301,-25,[14.45540831]
[17.03100031],[-1.2634338e-13],1301,-25,[14.45540831]
[17.03100031],[-1.2634338e-13],1301,-25,[14.45540831]
[17.03100031],[-1.2634338e-13],1301,-25,[14.45540831]
[17.03100031],[-1.2634338e-13],1301,-25,[14.45540831]
[17.03100031],[-1.2634338e-13],1301,-25,[14.45540831]
[17.03100031],[-1.2634338e-13],1301,-25,[14.45540831]
[17.03100031],[-1.2634338e-13],1301,-25,[14.45540831]
[17.03100031],[-1.2634338e-13],1301,-25,[14.45540831]
[17.03100031],[-1.2634338e-13],1301,-25,[14.45540831]
[17.03100031],[-1.2634338e-13],1301,-25,[14.45540831]
[17.03100031],[-1.2634338e-13],1301,-25,[14.45540831]
[17.03100031],[-1.2634338e-13],1301,-25,[14.45540831]
[17.03100031],[-1.2634338e-13],1301,-25,[14.45540831]
[17.03100031],[-1.2634338e-13],1301,-25,[14.45540831]
[17.03100031],[-1.2634338e-13],1301,-25,[14.45540831]
[17.03100031],[-1.2634338e-13],1301,-25,[14.45540831]
[17.03100031],[-1.2634338e-13],1301,-25,[14.45540831]
[17.03100031],[-1.2634338e-13],1301,-25,[14.45540831]
[17.03100031],[-1.2634338e-13],1301,-25,[14.45540831]
[17.03100031],[-1.2634338e-13],1301,-25,[14.45540831]
[17.03100031],[-1.2634338e-13],1301,-25,[14.45540831]
[17.03100031],[-1.2634338e-13],1301,-25,[14.45540831]
[17.03100031],[-1.2634338e-13],1301,-25,[14.45540831]
[17.03100031],[-1.2634338e-13],1301,-25,[14.45540831]
[17.03100031],[-1.2634338e-13],1301,-25,[14.45540831]
[17.03100031],[-1.2634338e-13],1301,-25,[14.45540831]
[17.03100031],[-1.2634338e-13],1301,-25,[14.45540831]
[17.03100031],[-1.2634338e-13],1301,-25,[14.45540831]
[17.03100031],[-1.2634338e-13],1301,-25,[14.45540831]
[17.03100031],[-1.2634338e-13],1301,-25,[14.45540831]
[17.03100031],[-1.2634338e-13],1301,-25,[14.45540831]
[17.03100031],[-1.2634338e-13],1301,-25,[14.45540831]
[17.03100031],[-1.2634338e-13],1301,-25,[14.45540831]
[17.03100031],[-1.2634338e-13],1301,-25,[14.45540831]
[17.03100031],[-1.2634338e-13],1301,-25,[14.45540831]
[17.03100031],[-1.2634338e-13],1301,-25,[14.45540831]
[17.03100031],[-1.2634338e-13],1301,-25,[14.45540831]
[17.03100031],[-1.2634338e-13],1301,-25,[14.45540831]
[17.03100031],[-1.2634338e-13],1301,-25,[14.45540831]
[17.03100031],[-1.2634338e-13],1301,-25,[14.45540831]
[17.03100031],[-1.2634338e-13],1301,-25,[14.45540831]
[17.03100031],[-1.2634338e-13],1301,-25,[14.45540831]
[17.03100031],[-1.2634338e-13],1301,-25,[14.45540831]
[17.03100031],[-1.2634338e-13],1301,-25,[14.45540831]
[17.03100031],[-1.2634338e-13],1301,-25,[14.45540831]
[17.03100031],[-1.2634338e-13],1301,-25,[14.45540831]
[17.03100031],[-1.2634338e-13],1301,-25,[14.45540831]
[17.03100031],[-1.2634338e-13],1301,-25,[14.45540831]
[17.03100031],[-1.2634338e-13],1301,-25,[14.45540831]
[17.03100031],[-1.2634338e-13],1301,-25,[14.45540831]
[17.03100031],[-1.2634338e-13],1301,-25,[14.45540831]
[17.03100031],[-1.2634338e-13],1301,-25,[14.45540831]
[17.03100031],[-1.2634338e-13],1301,-25,[14.45540831]
[17.03100031],[-1.2634338e-13],1301,-25,[14.45540831]
[17.03100031],[-1.2634338e-13],1301,-25,[14.45540831]
[17.03100031],[-1.2634338e-13],1301,-25,[14.45540831]
[17.03100031],[-1.2634338e-13],1301,-25,[14.45540831]
[17.03100031],[-1.2634338e-13],1301,-25,[14.45540831]
[17.03100031],[-1.2634338e-13],1301,-25,[14.45540831]
[17.03100031],[-1.2634338e-13],1301,-25,[14.45540831]
[17.03100031],[-1.2634338e-13],1301,-25,[14.45540831]
[17.03100031],[-1.2634338e-13],1301,-25,[14.45540831]
[17.03100031],[-1.2634338e-13],1301,-25,[14.45540831]
[17.03100031],[-1.2634338e-13],1301,-25,[14.45540831]
[17.03100031],[-1.2634338e-13],1301,-25,[14.45540831]
[17.03100031],[-1.2634338e-13],1301,-25,[14.45540831]
[17.03100031],[-1.2634338e-13],1301,-25,[14.45540831]
[17.03100031],[-1.2634338e-13],1301,-25,[14.45540831]
[17.03100031],[-1.2634338e-13],1301,-25,[14.45540831]
[17.03100031],[-1.2634338e-13],1301,-25,[14.45540831]
[17.03100031],[-1.2634338e-13],1301,-25,[14.45540831]
[17.03100031],[-1.2634338e-13],1301,-25,[14.45540831]
[17.03100031],[-1.2634338e-13],1301,-25,[14.45540831]
[17.03100031],[-1.2634338e-13],1301,-25,[14.45540831]
[17.03100031],[-1.2634338e-13],1301,-25,[14.45540831]
[17.03100031],[-1.2634338e-13],1301,-25,[14.45540831]
[17.03100031],[-1.2634338e-13],1301,-25,[14.45540831]
[17.03100031],[-1.2634338e-13],1301,-25,[14.45540831]
[17.03100031],[-1.2634338e-13],1301,-25,[14.45540831]
[17.03100031],[-1.2634338e-13],1301,-25,[14.45540831]
[17.03100031],[-1.2634338e-13],1301,-25,[14.45540831]
[17.03100031],[-1.2634338e-13],1301,-25,[14.45540831]
[17.03100031],[-1.2634338e-13],1301,-25,[14.45540831]
[17.03100031],[-1.2634338e-13],1301,-25,[14.45540831]
[17.03100031],[-1.2634338e-13],1301,-25,[14.45540831]
[17.03100031],[-1.2634338e-13],1301,-25,[14.45540831]
[17.03100031],[-1.2634338e-13],1301,-25,[14.45540831]
[17.03100031],[-1.2634338e-13],1301,-25,[14.45540831]
[17.03100031],[-1.2634338e-13],1301,-25,[14.45540831]
[17.03100031],[-1.2634338e-13],1301,-25,[14.45540831]
[17.03100031],[-1.2634338e-13],1301,-25,[14.45540831]
[17.03100031],[-1.2634338e-13],1301,-25,[14.45540831]
[17.03100031],[-1.2634338e-13],1301,-25,[14.45540831]
[17.03100031],[-1.2634338e-13],1301,-25,[14.45540831]
[17.03100031],[-1.2634338e-13],1301,-25,[14.45540831]
[17.03100031],[-1.2634338e-13],1301,-25,[14.45540831]
[17.03100031],[-1.2634338e-13],1301,-25,[14.45540831]
[17.03100031],[-1.2634338e-13],1301,-25,[14.45540831]
[17.03100031],[-1.2634338e-13],1301,-25,[14.45540831]
[17.03100031],[-1.2634338e-13],1301,-25,[14.45540831]
[17.03100031],[-1.2634338e-13],1301,-25,[14.45540831]
[17.03100031],[-1.2634338e-13],1301,-25,[14.45540831]
[17.03100031],[-1.2634338e-13],1301,-25,[14.45540831]
[17.03100031],[-1.2634338e-13],1301,-25,[14.45540831]
[17.03100031],[-1.2634338e-13],1301,-25,[14.45540831]
[17.03100031],[-1.2634338e-13],1301,-25,[14.45540831]
[17.03100031],[-1.2634338e-13],1301,-25,[14.45540831]
[17.03100031],[-1.2634338e-13],1301,-25,[14.45540831]
[17.03100031],[-1.2634338e-13],1301,-25,[14.45540831]
[17.03100031],[-1.2634338e-13],1301,-25,[14.45540831]
[17.03100031],[-1.2634338e-13],1301,-25,[14.45540831]
[17.03100031],[-1.2634338e-13],1301,-25,[14.45540831]
[17.03100031],[-1.2634338e-13],1301,-25,[14.45540831]
[17.03100031],[-1.2634338e-13],1301,-25,[14.45540831]
[17.03100031],[-1.2634338e-13],1301,-25,[14.45540831]
[17.03100031],[-1.2634338e-13],1301,-25,[14.45540831]
[17.03100031],[-1.2634338e-13],1301,-25,[14.45540831]
[17.03100031],[-1.2634338e-13],1301,-25,[14.45540831]
[17.03100031],[-1.2634338e-13],1301,-25,[14.45540831]
[17.03100031],[-1.2634338e-13],1301,-25,[14.45540831]
[17.03100031],[-1.2634338e-13],1301,-25,[14.45540831]
[17.03100031],[-1.2634338e-13],1301,-25,[14.45540831]
[17.03100031],[-1.2634338e-13],1301,-25,[14.45540831]
[17.03100031],[-1.2634338e-13],1301,-25,[14.45540831]
[17.03100031],[-1.2634338e-13],1301,-25,[14.45540831]
[17.03100031],[-1.2634338e-13],1301,-25,[14.45540831]
[17.03100031],[-1.2634338e-13],1301,-25,[14.45540831]
[17.03100031],[-1.2634338e-13],1301,-25,[14.45540831]
[17.03100031],[-1.2634338e-13],1301,-25,[14.45540831]
[17.03100031],[-1.2634338e-13],1301,-25,[14.45540831]
[17.03100031],[-1.2634338e-13],1301,-25,[14.45540831]
[17.03100031],[-1.2634338e-13],1301,-25,[14.45540831]
[17.03100031],[-1.2634338e-13],1301,-25,[14.45540831]
[17.03100031],[-1.2634338e-13],1301,-25,[14.45540831]
[17.03100031],[-1.2634338e-13],1301,-25,[14.45540831]
[17.03100031],[-1.2634338e-13],1301,-25,[14.45540831]
[17.03100031],[-1.2634338e-13],1301,-25,[14.45540831]
[17.03100031],[-1.2634338e-13],1301,-25,[14.45540831]
[17.03100031],[-1.2634338e-13],1301,-25,[14.45540831]
[17.03100031],[-1.2634338e-13],1301,-25,[14.45540831]
[17.03100031],[-1.2634338e-13],1301,-25,[14.45540831]
[17.03100031],[-1.2634338e-13],1301,-25,[14.45540831]
[17.03100031],[-1.2634338e-13],1301,-25,[14.45540831]
[17.03100031],[-1.2634338e-13],1301,-25,[14.45540831]
[17.03100031],[-1.2634338e-13],1301,-25,[14.45540831]
[17.03100031],[-1.2634338e-13],1301,-25,[14.45540831]
[17.03100031],[-1.2634338e-13],1301,-25,[14.45540831]
[17.03100031],[-1.2634338e-13],1301,-25,[14.45540831]
[17.03100031],[-1.2634338e-13],1301,-25,[14.45540831]
[17.03100031],[-1.2634338e-13],1301,-25,[14.45540831]
[17.03100031],[-1.2634338e-13],1301,-25,[14.45540831]
[17.03100031],[-1.2634338e-13],1301,-25,[14.45540831]
[17.03100031],[-1.2634338e-13],1301,-25,[14.45540831]
[17.03100031],[-1.2634338e-13],1301,-25,[14.45540831]
[17.03100031],[-1.2634338e-13],1301,-25,[14.45540831]
[17.03100031],[-1.2634338e-13],1301,-25,[14.45540831]
[17.03100031],[-1.2634338e-13],1301,-25,[14.45540831]
[17.03100031],[-1.2634338e-13],1301,-25,[14.45540831]
[17.03100031],[-1.2634338e-13],1301,-25,[14.45540831]
[17.03100031],[-1.2634338e-13],1301,-25,[14.45540831]
[17.03100031],[-1.2634338e-13],1301,-25,[14.45540831]
[17.03100031],[-1.2634338e-13],1301,-25,[14.45540831]
[17.03100031],[-1.2634338e-13],1301,-25,[14.45540831]
[17.03100031],[-1.2634338e-13],1301,-25,[14.45540831]
[17.03100031],[-1.2634338e-13],1301,-25,[14.45540831]
[17.03100031],[-1.2634338e-13],1301,-25,[14.45540831]
[17.03100031],[-1.2634338e-13],1301,-25,[14.45540831]
[17.03100031],[-1.2634338e-13],1301,-25,[14.45540831]
[17.03100031],[-1.2634338e-13],1301,-25,[14.45540831]
[17.03100031],[-1.2634338e-13],1301,-25,[14.45540831]
[17.03100031],[-1.2634338e-13],1301,-25,[14.45540831]
[17.03100031],[-1.2634338e-13],1301,-25,[14.45540831]
[17.03100031],[-1.2634338e-13],1301,-25,[14.45540831]
[17.03100031],[-1.2634338e-13],1301,-25,[14.45540831]
[17.03100031],[-1.2634338e-13],1301,-25,[14.45540831]
[17.03100031],[-1.2634338e-13],1301,-25,[14.45540831]
[17.03100031],[-1.2634338e-13],1301,-25,[14.45540831]
[17.03100031],[-1.2634338e-13],1301,-25,[14.45540831]
[17.03100031],[-1.2634338e-13],1301,-25,[14.45540831]
[17.03100031],[-1.2634338e-13],1301,-25,[14.45540831]
[17.03100031],[-1.2634338e-13],1301,-25,[14.45540831]
[17.03100031],[-1.2634338e-13],1301,-25,[14.45540831]
[17.03100031],[-1.2634338e-13],1301,-25,[14.45540831]
[17.03100031],[-1.2634338e-13],1301,-25,[14.45540831]
[17.03100031],[-1.2634338e-13],1301,-25,[14.45540831]
[17.03100031],[-1.2634338e-13],1301,-25,[14.45540831]
[17.03100031],[-1.2634338e-13],1301,-25,[14.45540831]
[17.03100031],[-1.2634338e-13],1301,-25,[14.45540831]
[17.03100031],[-1.2634338e-13],1301,-25,[14.45540831]
[17.03100031],[-1.2634338e-13],1301,-25,[14.45540831]
[17.03100031],[-1.2634338e-13],1301,-25,[14.45540831]
[17.03100031],[-1.2634338e-13],1301,-25,[14.45540831]
[17.03100031],[-1.2634338e-13],1301,-25,[14.45540831]
[17.03100031],[-1.2634338e-13],1301,-25,[14.45540831]
[17.03100031],[-1.2634338e-13],1301,-25,[14.45540831]
[17.03100031],[-1.2634338e-13],1301,-25,[14.45540831]
[17.03100031],[-1.2634338e-13],1301,-25,[14.45540831]
[17.03100031],[-1.2634338e-13],1301,-25,[14.45540831]
[17.03100031],[-1.2634338e-13],1301,-25,[14.45540831]
[17.03100031],[-1.2634338e-13],1301,-25,[14.45540831]
[17.03100031],[-1.2634338e-13],1301,-25,[14.45540831]
[17.03100031],[-1.2634338e-13],1301,-25,[14.45540831]
[17.03100031],[-1.2634338e-13],1301,-25,[14.45540831]
[17.03100031],[-1.2634338e-13],1301,-25,[14.45540831]
[17.03100031],[-1.2634338e-13],1301,-25,[14.45540831]
[17.03100031],[-1.2634338e-13],1301,-25,[14.45540831]
[17.03100031],[-1.2634338e-13],1301,-25,[14.45540831]
[17.03100031],[-1.2634338e-13],1301,-25,[14.45540831]
[17.03100031],[-1.2634338e-13],1301,-25,[14.45540831]
[17.03100031],[-1.2634338e-13],1301,-25,[14.45540831]
[17.03100031],[-1.2634338e-13],1301,-25,[14.45540831]
[17.03100031],[-1.2634338e-13],1301,-25,[14.45540831]
[17.03100031],[-1.2634338e-13],1301,-25,[14.45540831]
[17.03100031],[-1.2634338e-13],1301,-25,[14.45540831]
[17.03100031],[-1.2634338e-13],1301,-25,[14.45540831]
[17.03100031],[-1.2634338e-13],1301,-25,[14.45540831]
[17.03100031],[-1.2634338e-13],1301,-25,[14.45540831]
[17.03100031],[-1.2634338e-13],1301,-25,[14.45540831]
[17.03100031],[-1.2634338e-13],1301,-25,[14.45540831]
[17.03100031],[-1.2634338e-13],1301,-25,[14.45540831]
[17.03100031],[-1.2634338e-13],1301,-25,[14.45540831]
[17.03100031],[-1.2634338e-13],1301,-25,[14.45540831]
[17.03100031],[-1.2634338e-13],1301,-25,[14.45540831]
[17.03100031],[-1.2634338e-13],1301,-25,[14.45540831]
[17.03100031],[-1.2634338e-13],1301,-25,[14.45540831]
[17.03100031],[-1.2634338e-13],1301,-25,[14.45540831]
[17.03100031],[-1.2634338e-13],1301,-25,[14.45540831]
[17.03100031],[-1.2634338e-13],1301,-25,[14.45540831]
[17.03100031],[-1.2634338e-13],1301,-25,[14.45540831]
[17.03100031],[-1.2634338e-13],1301,-25,[14.45540831]
[17.03100031],[-1.2634338e-13],1301,-25,[14.45540831]
[17.03100031],[-1.2634338e-13],1301,-25,[14.45540831]
[17.03100031],[-1.2634338e-13],1301,-25,[14.45540831]
[17.03100031],[-1.2634338e-13],1301,-25,[14.45540831]
[17.03100031],[-1.2634338e-13],1301,-25,[14.45540831]
[17.03100031],[-1.2634338e-13],1301,-25,[14.45540831]
[17.03100031],[-1.2634338e-13],1301,-25,[14.45540831]
[17.03100031],[-1.2634338e-13],1301,-25,[14.45540831]
[17.03100031],[-1.2634338e-13],1301,-25,[14.45540831]
[17.03100031],[-1.2634338e-13],1301,-25,[14.45540831]
[17.03100031],[-1.2634338e-13],1301,-25,[14.45540831]
[17.03100031],[-1.2634338e-13],1301,-25,[14.45540831]
[17.03100031],[-1.2634338e-13],1301,-25,[14.45540831]
[17.03100031],[-1.2634338e-13],1301,-25,[14.45540831]
[17.03100031],[-1.2634338e-13],1301,-25,[14.45540831]
[17.03100031],[-1.2634338e-13],1301,-25,[14.45540831]
[17.03100031],[-1.2634338e-13],1301,-25,[14.45540831]
[17.03100031],[-1.2634338e-13],1301,-25,[14.45540831]
[17.03100031],[-1.2634338e-13],1301,-25,[14.45540831]
[17.03100031],[-1.2634338e-13],1301,-25,[14.45540831]
[17.03100031],[-1.2634338e-13],1301,-25,[14.45540831]
[17.03100031],[-1.2634338e-13],1301,-25,[14.45540831]
[17.03100031],[-1.2634338e-13],1301,-25,[14.45540831]
[17.03100031],[-1.2634338e-13],1301,-25,[14.45540831]
[17.03100031],[-1.2634338e-13],1301,-25,[14.45540831]
[17.03100031],[-1.2634338e-13],1301,-25,[14.45540831]
[17.03100031],[-1.2634338e-13],1301,-25,[14.45540831]
[17.03100031],[-1.2634338e-13],1301,-25,[14.45540831]
[17.03100031],[-1.2634338e-13],1301,-25,[14.45540831]
[17.03100031],[-1.2634338e-13],1301,-25,[14.45540831]
[17.03100031],[-1.2634338e-13],1301,-25,[14.45540831]
[17.03100031],[-1.2634338e-13],1301,-25,[14.45540831]
[17.03100031],[-1.2634338e-13],1301,-25,[14.45540831]
[17.03100031],[-1.2634338e-13],1301,-25,[14.45540831]
[17.03100031],[-1.2634338e-13],1301,-25,[14.45540831]
[17.03100031],[-1.2634338e-13],1301,-25,[14.45540831]
[17.03100031],[-1.2634338e-13],1301,-25,[14.45540831]
[17.03100031],[-1.2634338e-13],1301,-25,[14.45540831]
[17.03100031],[-1.2634338e-13],1301,-25,[14.45540831]
[17.03100031],[-1.2634338e-13],1301,-25,[14.45540831]
[17.03100031],[-1.2634338e-13],1301,-25,[14.45540831]
[17.03100031],[-1.2634338e-13],1301,-25,[14.45540831]
[17.03100031],[-1.2634338e-13],1301,-25,[14.45540831]
[17.03100031],[-1.2634338e-13],1301,-25,[14.45540831]
[17.03100031],[-1.2634338e-13],1301,-25,[14.45540831]
[17.03100031],[-1.2634338e-13],1301,-25,[14.45540831]
[17.03100031],[-1.2634338e-13],1301,-25,[14.45540831]
[17.03100031],[-1.2634338e-13],1301,-25,[14.45540831]
[17.03100031],[-1.2634338e-13],1301,-25,[14.45540831]
[17.03100031],[-1.2634338e-13],1301,-25,[14.45540831]
[17.03100031],[-1.2634338e-13],1301,-25,[14.45540831]
[17.03100031],[-1.2634338e-13],1301,-25,[14.45540831]
[17.03100031],[-1.2634338e-13],1301,-25,[14.45540831]
[17.03100031],[-1.2634338e-13],1301,-25,[14.45540831]
[17.03100031],[-1.2634338e-13],1301,-25,[14.45540831]
[17.03100031],[-1.2634338e-13],1301,-25,[14.45540831]
[17.03100031],[-1.2634338e-13],1301,-25,[14.45540831]
[17.03100031],[-1.2634338e-13],1301,-25,[14.45540831]
[17.03100031],[-1.2634338e-13],1301,-25,[14.45540831]
[17.03100031],[-1.2634338e-13],1301,-25,[14.45540831]
[17.03100031],[-1.2634338e-13],1301,-25,[14.45540831]
[17.03100031],[-1.2634338e-13],1301,-25,[14.45540831]
[17.03100031],[-1.2634338e-13],1301,-25,[14.45540831]
[17.03100031],[-1.2634338e-13],1301,-25,[14.45540831]
[17.03100031],[-1.2634338e-13],1301,-25,[14.45540831]
[17.03100031],[-1.2634338e-13],1301,-25,[14.45540831]
[17.03100031],[-1.2634338e-13],1301,-25,[14.45540831]
[17.03100031],[-1.2634338e-13],1301,-25,[14.45540831]
[17.03100031],[-1.2634338e-13],1301,-25,[14.45540831]
[17.03100031],[-1.2634338e-13],1301,-25,[14.45540831]
[17.03100031],[-1.2634338e-13],1301,-25,[14.45540831]
[17.03100031],[-1.2634338e-13],1301,-25,[14.45540831]
[17.03100031],[-1.2634338e-13],1301,-25,[14.45540831]
[17.03100031],[-1.2634338e-13],1301,-25,[14.45540831]
[17.03100031],[-1.2634338e-13],1301,-25,[14.45540831]
[17.03100031],[-1.2634338e-13],1301,-25,[14.45540831]
[17.03100031],[-1.2634338e-13],1301,-25,[14.45540831]
[17.03100031],[-1.2634338e-13],1301,-25,[14.45540831]
[17.03100031],[-1.2634338e-13],1301,-25,[14.45540831]
[17.03100031],[-1.2634338e-13],1301,-25,[14.45540831]
[17.03100031],[-1.2634338e-13],1301,-25,[14.45540831]
[17.03100031],[-1.2634338e-13],1301,-25,[14.45540831]
[17.03100031],[-1.2634338e-13],1301,-25,[14.45540831]
[17.03100031],[-1.2634338e-13],1301,-25,[14.45540831]
[17.03100031],[-1.2634338e-13],1301,-25,[14.45540831]
[17.03100031],[-1.2634338e-13],1301,-25,[14.45540831]
[17.03100031],[-1.2634338e-13],1301,-25,[14.45540831]
[17.03100031],[-1.2634338e-13],1301,-25,[14.45540831]
[17.03100031],[-1.2634338e-13],1301,-25,[14.45540831]
[17.03100031],[-1.2634338e-13],1301,-25,[14.45540831]
[17.03100031],[-1.2634338e-13],1301,-25,[14.45540831]
[17.03100031],[-1.2634338e-13],1301,-25,[14.45540831]
[17.03100031],[-1.2634338e-13],1301,-25,[14.45540831]
[17.03100031],[-1.2634338e-13],1301,-25,[14.45540831]
[17.03100031],[-1.2634338e-13],1301,-25,[14.45540831]
[17.03100031],[-1.2634338e-13],1301,-25,[14.45540831]
[17.03100031],[-1.2634338e-13],1301,-25,[14.45540831]
[17.03100031],[-1.2634338e-13],1301,-25,[14.45540831]
[17.03100031],[-1.2634338e-13],1301,-25,[14.45540831]
[17.03100031],[-1.2634338e-13],1301,-25,[14.45540831]
[17.03100031],[-1.2634338e-13],1301,-25,[14.45540831]
[17.03100031],[-1.2634338e-13],1301,-25,[14.45540831]
[17.03100031],[-1.2634338e-13],1301,-25,[14.45540831]
[17.03100031],[-1.2634338e-13],1301,-25,[14.45540831]
[17.03100031],[-1.2634338e-13],1301,-25,[14.45540831]
[17.03100031],[-1.2634338e-13],1301,-25,[14.45540831]
[17.03100031],[-1.2634338e-13],1301,-25,[14.45540831]
[17.03100031],[-1.2634338e-13],1301,-25,[14.45540831]
[17.03100031],[-1.2634338e-13],1301,-25,[14.45540831]
[17.03100031],[-1.2634338e-13],1301,-25,[14.45540831]
[17.03100031],[-1.2634338e-13],1301,-25,[14.45540831]
[17.03100031],[-1.2634338e-13],1301,-25,[14.45540831]
[17.03100031],[-1.2634338e-13],1301,-25,[14.45540831]
[17.03100031],[-1.2634338e-13],1301,-25,[14.45540831]
[17.03100031],[-1.2634338e-13],1301,-25,[14.45540831]
[17.03100031],[-1.2634338e-13],1301,-25,[14.45540831]
[17.03100031],[-1.2634338e-13],1301,-25,[14.45540831]
[17.03100031],[-1.2634338e-13],1301,-25,[14.45540831]
[17.03100031],[-1.2634338e-13],1301,-25,[14.45540831]
[17.03100031],[-1.2634338e-13],1301,-25,[14.45540831]
[17.03100031],[-1.2634338e-13],1301,-25,[14.45540831]
[17.03100031],[-1.2634338e-13],1301,-25,[14.45540831]
[17.03100031],[-1.2634338e-13],1301,-25,[14.45540831]
[17.03100031],[-1.2634338e-13],1301,-25,[14.45540831]
[17.03100031],[-1.2634338e-13],1301,-25,[14.45540831]
[17.03100031],[-1.2634338e-13],1301,-25,[14.45540831]
[17.03100031],[-1.2634338e-13],1301,-25,[14.45540831]
[17.03100031],[-1.2634338e-13],1301,-25,[14.45540831]
[17.03100031],[-1.2634338e-13],1301,-25,[14.45540831]
[17.03100031],[-1.2634338e-13],1301,-25,[14.45540831]
[17.03100031],[-1.2634338e-13],1301,-25,[14.45540831]
[17.03100031],[-1.2634338e-13],1301,-25,[14.45540831]
[17.03100031],[-1.2634338e-13],1301,-25,[14.45540831]
[17.03100031],[-1.2634338e-13],1301,-25,[14.45540831]
[17.03100031],[-1.2634338e-13],1301,-25,[14.45540831]
[17.03100031],[-1.2634338e-13],1301,-25,[14.45540831]
[17.03100031],[-1.2634338e-13],1301,-25,[14.45540831]
[17.03100031],[-1.2634338e-13],1301,-25,[14.45540831]
[17.03100031],[-1.2634338e-13],1301,-25,[14.45540831]
[17.03100031],[-1.2634338e-13],1301,-25,[14.45540831]
[17.03100031],[-1.2634338e-13],1301,-25,[14.45540831]
[17.03100031],[-1.2634338e-13],1301,-25,[14.45540831]
[17.03100031],[-1.2634338e-13],1301,-25,[14.45540831]
[17.03100031],[-1.2634338e-13],1301,-25,[14.45540831]
[17.03100031],[-1.2634338e-13],1301,-25,[14.45540831]
[17.03100031],[-1.2634338e-13],1301,-25,[14.45540831]
[17.03100031],[-1.2634338e-13],1301,-25,[14.45540831]
[17.03100031],[-1.2634338e-13],1301,-25,[14.45540831]
[17.03100031],[-1.2634338e-13],1301,-25,[14.45540831]
[17.03100031],[-1.2634338e-13],1301,-25,[14.45540831]
[17.03100031],[-1.2634338e-13],1301,-25,[14.45540831]
[17.03100031],[-1.2634338e-13],1301,-25,[14.45540831]
[17.03100031],[-1.2634338e-13],1301,-25,[14.45540831]
[17.03100031],[-1.2634338e-13],1301,-25,[14.45540831]
[17.03100031],[-1.2634338e-13],1301,-25,[14.45540831]
[17.03100031],[-1.2634338e-13],1301,-25,[14.45540831]
[17.03100031],[-1.2634338e-13],1301,-25,[14.45540831]
[17.03100031],[-1.2634338e-13],1301,-25,[14.45540831]
[17.03100031],[-1.2634338e-13],1301,-25,[14.45540831]
[17.03100031],[-1.2634338e-13],1301,-25,[14.45540831]
[17.03100031],[-1.2634338e-13],1301,-25,[14.45540831]
[17.03100031],[-1.2634338e-13],1301,-25,[14.45540831]
[17.03100031],[-1.2634338e-13],1301,-25,[14.45540831]
[17.03100031],[-1.2634338e-13],1301,-25,[14.45540831]
[17.03100031],[-1.2634338e-13],1301,-25,[14.45540831]
[17.03100031],[-1.2634338e-13],1301,-25,[14.45540831]
[17.03100031],[-1.2634338e-13],1301,-25,[14.45540831]
[17.03100031],[-1.2634338e-13],1301,-25,[14.45540831]
[17.03100031],[-1.2634338e-13],1301,-25,[14.45540831]
[17.03100031],[-1.2634338e-13],1301,-25,[14.45540831]
[17.03100031],[-1.2634338e-13],1301,-25,[14.45540831]
[17.03100031],[-1.2634338e-13],1301,-25,[14.45540831]
[17.03100031],[-1.2634338e-13],1301,-25,[14.45540831]
[17.03100031],[-1.2634338e-13],1301,-25,[14.45540831]
[17.03100031],[-1.2634338e-13],1301,-25,[14.45540831]
[17.03100031],[-1.2634338e-13],1301,-25,[14.45540831]
[17.03100031],[-1.2634338e-13],1301,-25,[14.45540831]
[17.03100031],[-1.2634338e-13],1301,-25,[14.45540831]
[17.03100031],[-1.2634338e-13],1301,-25,[14.45540831]
[17.03100031],[-1.2634338e-13],1301,-25,[14.45540831]
[17.03100031],[-1.2634338e-13],1301,-25,[14.45540831]
[17.03100031],[-1.2634338e-13],1301,-25,[14.45540831]
[17.03100031],[-1.2634338e-13],1301,-25,[14.45540831]
[17.03100031],[-1.2634338e-13],1301,-25,[14.45540831]
[17.03100031],[-1.2634338e-13],1301,-25,[14.45540831]
[17.03100031],[-1.2634338e-13],1301,-25,[14.45540831]
[17.03100031],[-1.2634338e-13],1301,-25,[14.45540831]
[17.03100031],[-1.2634338e-13],1301,-25,[14.45540831]
[17.03100031],[-1.2634338e-13],1301,-25,[14.45540831]
[17.03100031],[-1.2634338e-13],1301,-25,[14.45540831]
[17.03100031],[-1.2634338e-13],1301,-25,[14.45540831]
[17.03100031],[-1.2634338e-13],1301,-25,[14.45540831]
[17.03100031],[-1.2634338e-13],1301,-25,[14.45540831]
[17.03100031],[-1.2634338e-13],1301,-25,[14.45540831]
[17.03100031],[-1.2634338e-13],1301,-25,[14.45540831]
[17.03100031],[-1.2634338e-13],1301,-25,[14.45540831]
[17.03100031],[-1.2634338e-13],1301,-25,[14.45540831]
[17.03100031],[-1.2634338e-13],1301,-25,[14.45540831]
[17.03100031],[-1.2634338e-13],1301,-25,[14.45540831]
[17.03100031],[-1.2634338e-13],1301,-25,[14.45540831]
[17.03100031],[-1.2634338e-13],1301,-25,[14.45540831]
[17.03100031],[-1.2634338e-13],1301,-25,[14.45540831]
[17.03100031],[-1.2634338e-13],1301,-25,[14.45540831]
[17.03100031],[-1.2634338e-13],1301,-25,[14.45540831]
[17.03100031],[-1.2634338e-13],1301,-25,[14.45540831]
[17.03100031],[-1.2634338e-13],1301,-25,[14.45540831]
[17.03100031],[-1.2634338e-13],1301,-25,[14.45540831]
[17.03100031],[-1.2634338e-13],1301,-25,[14.45540831]
[17.03100031],[-1.2634338e-13],1301,-25,[14.45540831]
[17.03100031],[-1.2634338e-13],1301,-25,[14.45540831]
[17.03100031],[-1.2634338e-13],1301,-25,[14.45540831]
[17.03100031],[-1.2634338e-13],1301,-25,[14.45540831]
[17.03100031],[-1.2634338e-13],1301,-25,[14.45540831]
[17.03100031],[-1.2634338e-13],1301,-25,[14.45540831]
[17.03100031],[-1.2634338e-13],1301,-25,[14.45540831]
[17.03100031],[-1.2634338e-13],1301,-25,[14.45540831]
[17.03100031],[-1.2634338e-13],1301,-25,[14.45540831]
[17.03100031],[-1.2634338e-13],1301,-25,[14.45540831]
[17.03100031],[-1.2634338e-13],1301,-25,[14.45540831]
[17.03100031],[-1.2634338e-13],1301,-25,[14.45540831]
[17.03100031],[-1.2634338e-13],1301,-25,[14.45540831]
[17.03100031],[-1.2634338e-13],1301,-25,[14.45540831]
[17.03100031],[-1.2634338e-13],1301,-25,[14.45540831]
[17.03100031],[-1.2634338e-13],1301,-25,[14.45540831]
[17.03100031],[-1.2634338e-13],1301,-25,[14.45540831]
[17.03100031],[-1.2634338e-13],1301,-25,[14.45540831]
[17.03100031],[-1.2634338e-13],1301,-25,[14.45540831]
[17.03100031],[-1.2634338e-13],1301,-25,[14.45540831]
[17.03100031],[-1.2634338e-13],1301,-25,[14.45540831]
[17.03100031],[-1.2634338e-13],1301,-25,[14.45540831]
[17.03100031],[-1.2634338e-13],1301,-25,[14.45540831]
[17.03100031],[-1.2634338e-13],1301,-25,[14.45540831]
[17.03100031],[-1.2634338e-13],1301,-25,[14.45540831]
[17.03100031],[-1.2634338e-13],1301,-25,[14.45540831]
[17.03100031],[-1.2634338e-13],1301,-25,[14.45540831]
[17.03100031],[-1.2634338e-13],1301,-25,[14.45540831]
[17.03100031],[-1.2634338e-13],1301,-25,[14.45540831]
[17.03100031],[-1.2634338e-13],1301,-25,[14.45540831]
[17.03100031],[-1.2634338e-13],1301,-25,[14.45540831]
[17.03100031],[-1.2634338e-13],1301,-25,[14.45540831]
[17.03100031],[-1.2634338e-13],1301,-25,[14.45540831]
[17.03100031],[-1.2634338e-13],1301,-25,[14.45540831]
[17.03100031],[-1.2634338e-13],1301,-25,[14.45540831]
[17.03100031],[-1.2634338e-13],1301,-25,[14.45540831]
[17.03100031],[-1.2634338e-13],1301,-25,[14.45540831]
[17.03100031],[-1.2634338e-13],1301,-25,[14.45540831]
[17.03100031],[-1.2634338e-13],1301,-25,[14.45540831]
[17.03100031],[-1.2634338e-13],1301,-25,[14.45540831]
[17.03100031],[-1.2634338e-13],1301,-25,[14.45540831]
[17.03100031],[-1.2634338e-13],1301,-25,[14.45540831]
[17.03100031],[-1.2634338e-13],1301,-25,[14.45540831]
[17.03100031],[-1.2634338e-13],1301,-25,[14.45540831]
[17.03100031],[-1.2634338e-13],1301,-25,[14.45540831]
[17.03100031],[-1.2634338e-13],1301,-25,[14.45540831]
[17.03100031],[-1.2634338e-13],1301,-25,[14.45540831]
[17.03100031],[-1.2634338e-13],1301,-25,[14.45540831]
[17.03100031],[-1.2634338e-13],1301,-25,[14.45540831]
[17.03100031],[-1.2634338e-13],1301,-25,[14.45540831]
[17.03100031],[-1.2634338e-13],1301,-25,[14.45540831]
[17.03100031],[-1.2634338e-13],1301,-25,[14.45540831]
[17.03100031],[-1.2634338e-13],1301,-25,[14.45540831]
[17.03100031],[-1.2634338e-13],1301,-25,[14.45540831]
[17.03100031],[-1.2634338e-13],1301,-25,[14.45540831]
[17.03100031],[-1.2634338e-13],1301,-25,[14.45540831]
[17.03100031],[-1.2634338e-13],1301,-25,[14.45540831]
[17.03100031],[-1.2634338e-13],1301,-25,[14.45540831]
[17.03100031],[-1.2634338e-13],1301,-25,[14.45540831]
[17.03100031],[-1.2634338e-13],1301,-25,[14.45540831]
[17.03100031],[-1.2634338e-13],1301,-25,[14.45540831]
[17.03100031],[-1.2634338e-13],1301,-25,[14.45540831]
[17.03100031],[-1.2634338e-13],1301,-25,[14.45540831]
[17.03100031],[-1.2634338e-13],1301,-25,[14.45540831]
[17.03100031],[-1.2634338e-13],1301,-25,[14.45540831]
[17.03100031],[-1.2634338e-13],1301,-25,[14.45540831]
[17.03100031],[-1.2634338e-13],1301,-25,[14.45540831]
[17.03100031],[-1.2634338e-13],1301,-25,[14.45540831]
[17.03100031],[-1.2634338e-13],1301,-25,[14.45540831]
[17.03100031],[-1.2634338e-13],1301,-25,[14.45540831]
[17.03100031],[-1.2634338e-13],1301,-25,[14.45540831]
[17.03100031],[-1.2634338e-13],1301,-25,[14.45540831]
[17.03100031],[-1.2634338e-13],1301,-25,[14.45540831]
[17.03100031],[-1.2634338e-13],1301,-25,[14.45540831]
[17.03100031],[-1.2634338e-13],1301,-25,[14.45540831]
[17.03100031],[-1.2634338e-13],1301,-25,[14.45540831]
[17.03100031],[-1.2634338e-13],1301,-25,[14.45540831]
[17.03100031],[-1.2634338e-13],1301,-25,[14.45540831]
[17.03100031],[-1.2634338e-13],1301,-25,[14.45540831]
[17.03100031],[-1.2634338e-13],1301,-25,[14.45540831]
[17.03100031],[-1.2634338e-13],1301,-25,[14.45540831]
[17.03100031],[-1.2634338e-13],1301,-25,[14.45540831]
[17.03100031],[-1.2634338e-13],1301,-25,[14.45540831]
[17.03100031],[-1.2634338e-13],1301,-25,[14.45540831]
[17.03100031],[-1.2634338e-13],1301,-25,[14.45540831]
[17.03100031],[-1.2634338e-13],1301,-25,[14.45540831]
[17.03100031],[-1.2634338e-13],1301,-25,[14.45540831]
[17.03100031],[-1.2634338e-13],1301,-25,[14.45540831]
[17.03100031],[-1.2634338e-13],1301,-25,[14.45540831]
[17.03100031],[-1.2634338e-13],1301,-25,[14.45540831]
[17.03100031],[-1.2634338e-13],1301,-25,[14.45540831]
[17.03100031],[-1.2634338e-13],1301,-25,[14.45540831]
[17.03100031],[-1.2634338e-13],1301,-25,[14.45540831]
[17.03100031],[-1.2634338e-13],1301,-25,[14.45540831]
[17.03100031],[-1.2634338e-13],1301,-25,[14.45540831]
[17.03100031],[-1.2634338e-13],1301,-25,[14.45540831]
[17.03100031],[-1.2634338e-13],1301,-25,[14.45540831]
[17.03100031],[-1.2634338e-13],1301,-25,[14.45540831]
[17.03100031],[-1.2634338e-13],1301,-25,[14.45540831]
[17.03100031],[-1.2634338e-13],1301,-25,[14.45540831]
[17.03100031],[-1.2634338e-13],1301,-25,[14.45540831]
[17.03100031],[-1.2634338e-13],1301,-25,[14.45540831]
[17.03100031],[-1.2634338e-13],1301,-25,[14.45540831]
[17.03100031],[-1.2634338e-13],1301,-25,[14.45540831]
[17.03100031],[-1.2634338e-13],1301,-25,[14.45540831]
[17.03100031],[-1.2634338e-13],1301,-25,[14.45540831]
[17.03100031],[-1.2634338e-13],1301,-25,[14.45540831]
[17.03100031],[-1.2634338e-13],1301,-25,[14.45540831]
[17.03100031],[-1.2634338e-13],1301,-25,[14.45540831]
[17.03100031],[-1.2634338e-13],1301,-25,[14.45540831]
[17.03100031],[-1.2634338e-13],1301,-25,[14.45540831]
[17.03100031],[-1.2634338e-13],1301,-25,[14.45540831]
[17.03100031],[-1.2634338e-13],1301,-25,[14.45540831]
[17.03100031],[-1.2634338e-13],1301,-25,[14.45540831]
[17.03100031],[-1.2634338e-13],1301,-25,[14.45540831]
[17.03100031],[-1.2634338e-13],1301,-25,[14.45540831]
[17.03100031],[-1.2634338e-13],1301,-25,[14.45540831]
[17.03100031],[-1.2634338e-13],1301,-25,[14.45540831]
[17.03100031],[-1.2634338e-13],1301,-25,[14.45540831]
[17.03100031],[-1.2634338e-13],1301,-25,[14.45540831]
[17.03100031],[-1.2634338e-13],1301,-25,[14.45540831]
[17.03100031],[-1.2634338e-13],1301,-25,[14.45540831]
[17.03100031],[-1.2634338e-13],1301,-25,[14.45540831]
[17.03100031],[-1.2634338e-13],1301,-25,[14.45540831]
[17.03100031],[-1.2634338e-13],1301,-25,[14.45540831]
[17.03100031],[-1.2634338e-13],1301,-25,[14.45540831]
[17.03100031],[-1.2634338e-13],1301,-25,[14.45540831]
[17.03100031],[-1.2634338e-13],1301,-25,[14.45540831]
[17.03100031],[-1.2634338e-13],1301,-25,[14.45540831]
[17.03100031],[-1.2634338e-13],1301,-25,[14.45540831]
[17.03100031],[-1.2634338e-13],1301,-25,[14.45540831]
[17.03100031],[-1.2634338e-13],1301,-25,[14.45540831]
[17.03100031],[-1.2634338e-13],1301,-25,[14.45540831]
[17.03100031],[-1.2634338e-13],1301,-25,[14.45540831]
[17.03100031],[-1.2634338e-13],1301,-25,[14.45540831]
[17.03100031],[-1.2634338e-13],1301,-25,[14.45540831]
[17.03100031],[-1.2634338e-13],1301,-25,[14.45540831]
[17.03100031],[-1.2634338e-13],1301,-25,[14.45540831]
[17.03100031],[-1.2634338e-13],1301,-25,[14.45540831]
[17.03100031],[-1.2634338e-13],1301,-25,[14.45540831]
[17.03100031],[-1.2634338e-13],1301,-25,[14.45540831]
[17.03100031],[-1.2634338e-13],1301,-25,[14.45540831]
[17.03100031],[-1.2634338e-13],1301,-25,[14.45540831]
[17.03100031],[-1.2634338e-13],1301,-25,[14.45540831]
[17.03100031],[-1.2634338e-13],1301,-25,[14.45540831]
[17.03100031],[-1.2634338e-13],1301,-25,[14.45540831]
[17.03100031],[-1.2634338e-13],1301,-25,[14.45540831]
[17.03100031],[-1.2634338e-13],1301,-25,[14.45540831]
[17.03100031],[-1.2634338e-13],1301,-25,[14.45540831]
[17.03100031],[-1.2634338e-13],1301,-25,[14.45540831]
[17.03100031],[-1.2634338e-13],1301,-25,[14.45540831]
[17.03100031],[-1.2634338e-13],1301,-25,[14.45540831]
[17.03100031],[-1.2634338e-13],1301,-25,[14.45540831]
[17.03100031],[-1.2634338e-13],1301,-25,[14.45540831]
[17.03100031],[-1.2634338e-13],1301,-25,[14.45540831]
[17.03100031],[-1.2634338e-13],1301,-25,[14.45540831]
[17.03100031],[-1.2634338e-13],1301,-25,[14.45540831]
[17.03100031],[-1.2634338e-13],1301,-25,[14.45540831]
[17.03100031],[-1.2634338e-13],1301,-25,[14.45540831]
[17.03100031],[-1.2634338e-13],1301,-25,[14.45540831]
[17.03100031],[-1.2634338e-13],1301,-25,[14.45540831]
[17.03100031],[-1.2634338e-13],1301,-25,[14.45540831]
[17.03100031],[-1.2634338e-13],1301,-25,[14.45540831]
[17.03100031],[-1.2634338e-13],1301,-25,[14.45540831]
[17.03100031],[-1.2634338e-13],1301,-25,[14.45540831]
[17.03100031],[-1.2634338e-13],1301,-25,[14.45540831]
[17.03100031],[-1.2634338e-13],1301,-25,[14.45540831]
[17.03100031],[-1.2634338e-13],1301,-25,[14.45540831]
[17.03100031],[-1.2634338e-13],1301,-25,[14.45540831]
[17.03100031],[-1.2634338e-13],1301,-25,[14.45540831]
[17.03100031],[-1.2634338e-13],1301,-25,[14.45540831]
[17.03100031],[-1.2634338e-13],1301,-25,[14.45540831]
[17.03100031],[-1.2634338e-13],1301,-25,[14.45540831]
[17.03100031],[-1.2634338e-13],1301,-25,[14.45540831]
[17.03100031],[-1.2634338e-13],1301,-25,[14.45540831]
[17.03100031],[-1.2634338e-13],1301,-25,[14.45540831]
[17.03100031],[-1.2634338e-13],1301,-25,[14.45540831]
[17.03100031],[-1.2634338e-13],1301,-25,[14.45540831]
[17.03100031],[-1.2634338e-13],1301,-25,[14.45540831]
[17.03100031],[-1.2634338e-13],1301,-25,[14.45540831]
[17.03100031],[-1.2634338e-13],1301,-25,[14.45540831]
[17.03100031],[-1.2634338e-13],1301,-25,[14.45540831]
[17.03100031],[-1.2634338e-13],1301,-25,[14.45540831]
[17.03100031],[-1.2634338e-13],1301,-25,[14.45540831]
[17.03100031],[-1.2634338e-13],1301,-25,[14.45540831]
[17.03100031],[-1.2634338e-13],1301,-25,[14.45540831]
[17.03100031],[-1.2634338e-13],1301,-25,[14.45540831]
[17.03100031],[-1.2634338e-13],1301,-25,[14.45540831]
[17.03100031],[-1.2634338e-13],1301,-25,[14.45540831]
[17.03100031],[-1.2634338e-13],1301,-25,[14.45540831]
[17.03100031],[-1.2634338e-13],1301,-25,[14.45540831]
[17.03100031],[-1.2634338e-13],1301,-25,[14.45540831]
[17.03100031],[-1.2634338e-13],1301,-25,[14.45540831]
[17.03100031],[-1.2634338e-13],1301,-25,[14.45540831]
[17.03100031],[-1.2634338e-13],1301,-25,[14.45540831]
[17.03100031],[-1.2634338e-13],1301,-25,[14.45540831]
[17.03100031],[-1.2634338e-13],1301,-25,[14.45540831]
[17.03100031],[-1.2634338e-13],1301,-25,[14.45540831]
[17.03100031],[-1.2634338e-13],1301,-25,[14.45540831]
[17.03100031],[-1.2634338e-13],1301,-25,[14.45540831]
[17.03100031],[-1.2634338e-13],1301,-25,[14.45540831]
[17.03100031],[-1.2634338e-13],1301,-25,[14.45540831]
[17.03100031],[-1.2634338e-13],1301,-25,[14.45540831]
[17.03100031],[-1.2634338e-13],1301,-25,[14.45540831]
[17.03100031],[-1.2634338e-13],1301,-25,[14.45540831]
[17.03100031],[-1.2634338e-13],1301,-25,[14.45540831]
[17.03100031],[-1.2634338e-13],1301,-25,[14.45540831]
[17.03100031],[-1.2634338e-13],1301,-25,[14.45540831]
[17.03100031],[-1.2634338e-13],1301,-25,[14.45540831]
[17.03100031],[-1.2634338e-13],1301,-25,[14.45540831]
[17.03100031],[-1.2634338e-13],1301,-25,[14.45540831]
[17.03100031],[-1.2634338e-13],1301,-25,[14.45540831]
[17.03100031],[-1.2634338e-13],1301,-25,[14.45540831]
[17.03100031],[-1.2634338e-13],1301,-25,[14.45540831]
[17.03100031],[-1.2634338e-13],1301,-25,[14.45540831]
[17.03100031],[-1.2634338e-13],1301,-25,[14.45540831]
[17.03100031],[-1.2634338e-13],1301,-25,[14.45540831]
[17.03100031],[-1.2634338e-13],1301,-25,[14.45540831]
[17.03100031],[-1.2634338e-13],1301,-25,[14.45540831]
[17.03100031],[-1.2634338e-13],1301,-25,[14.45540831]
[17.03100031],[-1.2634338e-13],1301,-25,[14.45540831]
[17.03100031],[-1.2634338e-13],1301,-25,[14.45540831]
[17.03100031],[-1.2634338e-13],1301,-25,[14.45540831]
[17.03100031],[-1.2634338e-13],1301,-25,[14.45540831]
[17.03100031],[-1.2634338e-13],1301,-25,[14.45540831]
[17.03100031],[-1.2634338e-13],1301,-25,[14.45540831]
[17.03100031],[-1.2634338e-13],1301,-25,[14.45540831]
[17.03100031],[-1.2634338e-13],1301,-25,[14.45540831]
[17.03100031],[-1.2634338e-13],1301,-25,[14.45540831]
[17.03100031],[-1.2634338e-13],1301,-25,[14.45540831]
[17.03100031],[-1.2634338e-13],1301,-25,[14.45540831]
[17.03100031],[-1.2634338e-13],1301,-25,[14.45540831]
[17.03100031],[-1.2634338e-13],1301,-25,[14.45540831]
[17.03100031],[-1.2634338e-13],1301,-25,[14.45540831]
[17.03100031],[-1.2634338e-13],1301,-25,[14.45540831]
[17.03100031],[-1.2634338e-13],1301,-25,[14.45540831]
[17.03100031],[-1.2634338e-13],1301,-25,[14.45540831]
[17.03100031],[-1.2634338e-13],1301,-25,[14.45540831]
[17.03100031],[-1.2634338e-13],1301,-25,[14.45540831]
[17.03100031],[-1.2634338e-13],1301,-25,[14.45540831]
[17.03100031],[-1.2634338e-13],1301,-25,[14.45540831]
[17.03100031],[-1.2634338e-13],1301,-25,[14.45540831]
[17.03100031],[-1.2634338e-13],1301,-25,[14.45540831]
[17.03100031],[-1.2634338e-13],1301,-25,[14.45540831]
[17.03100031],[-1.2634338e-13],1301,-25,[14.45540831]
[17.03100031],[-1.2634338e-13],1301,-25,[14.45540831]
[17.03100031],[-1.2634338e-13],1301,-25,[14.45540831]
[17.03100031],[-1.2634338e-13],1301,-25,[14.45540831]
[17.03100031],[-1.2634338e-13],1301,-25,[14.45540831]
[17.03100031],[-1.2634338e-13],1301,-25,[14.45540831]
[17.03100031],[-1.2634338e-13],1301,-25,[14.45540831]
[17.03100031],[-1.2634338e-13],1301,-25,[14.45540831]
[17.03100031],[-1.2634338e-13],1301,-25,[14.45540831]
[17.03100031],[-1.2634338e-13],1301,-25,[14.45540831]
[17.03100031],[-1.2634338e-13],1301,-25,[14.45540831]
[17.03100031],[-1.2634338e-13],1301,-25,[14.45540831]
[17.03100031],[-1.2634338e-13],1301,-25,[14.45540831]
[17.03100031],[-1.2634338e-13],1301,-25,[14.45540831]
[17.03100031],[-1.2634338e-13],1301,-25,[14.45540831]
[17.03100031],[-1.2634338e-13],1301,-25,[14.45540831]
[17.03100031],[-1.2634338e-13],1301,-25,[14.45540831]
[17.03100031],[-1.2634338e-13],1301,-25,[14.45540831]
[17.03100031],[-1.2634338e-13],1301,-25,[14.45540831]
[17.03100031],[-1.2634338e-13],1301,-25,[14.45540831]
[17.03100031],[-1.2634338e-13],1301,-25,[14.45540831]
[17.03100031],[-1.2634338e-13],1301,-25,[14.45540831]
[17.03100031],[-1.2634338e-13],1301,-25,[14.45540831]
[17.03100031],[-1.2634338e-13],1301,-25,[14.45540831]
[17.03100031],[-1.2634338e-13],1301,-25,[14.45540831]
[17.03100031],[-1.2634338e-13],1301,-25,[14.45540831]
[17.03100031],[-1.2634338e-13],1301,-25,[14.45540831]
[17.03100031],[-1.2634338e-13],1301,-25,[14.45540831]
[17.03100031],[-1.2634338e-13],1301,-25,[14.45540831]
[17.03100031],[-1.2634338e-13],1301,-25,[14.45540831]
[17.03100031],[-1.2634338e-13],1301,-25,[14.45540831]
[17.03100031],[-1.2634338e-13],1301,-25,[14.45540831]
[17.03100031],[-1.2634338e-13],1301,-25,[14.45540831]
[17.03100031],[-1.2634338e-13],1301,-25,[14.45540831]
[17.03100031],[-1.2634338e-13],1301,-25,[14.45540831]
[17.03100031],[-1.2634338e-13],1301,-25,[14.45540831]
[17.03100031],[-1.2634338e-13],1301,-25,[14.45540831]
[17.03100031],[-1.2634338e-13],1301,-25,[14.45540831]
[17.03100031],[-1.2634338e-13],1301,-25,[14.45540831]
[17.03100031],[-1.2634338e-13],1301,-25,[14.45540831]
[17.03100031],[-1.2634338e-13],1301,-25,[14.45540831]
[17.03100031],[-1.2634338e-13],1301,-25,[14.45540831]
[17.03100031],[-1.2634338e-13],1301,-25,[14.45540831]
[17.03100031],[-1.2634338e-13],1301,-25,[14.45540831]
[17.03100031],[-1.2634338e-13],1301,-25,[14.45540831]
[17.03100031],[-1.2634338e-13],1301,-25,[14.45540831]
[17.03100031],[-1.2634338e-13],1301,-25,[14.45540831]
[17.03100031],[-1.2634338e-13],1301,-25,[14.45540831]
[17.03100031],[-1.2634338e-13],1301,-25,[14.45540831]
[17.03100031],[-1.2634338e-13],1301,-25,[14.45540831]
[17.03100031],[-1.2634338e-13],1301,-25,[14.45540831]
[17.03100031],[-1.2634338e-13],1301,-25,[14.45540831]
[17.03100031],[-1.2634338e-13],1301,-25,[14.45540831]
[17.03100031],[-1.2634338e-13],1301,-25,[14.45540831]
[17.03100031],[-1.2634338e-13],1301,-25,[14.45540831]
[17.03100031],[-1.2634338e-13],1301,-25,[14.45540831]
[17.03100031],[-1.2634338e-13],1301,-25,[14.45540831]
[17.03100031],[-1.2634338e-13],1301,-25,[14.45540831]
[17.03100031],[-1.2634338e-13],1301,-25,[14.45540831]
[17.03100031],[-1.2634338e-13],1301,-25,[14.45540831]
[17.03100031],[-1.2634338e-13],1301,-25,[14.45540831]
[17.03100031],[-1.2634338e-13],1301,-25,[14.45540831]
[17.03100031],[-1.2634338e-13],1301,-25,[14.45540831]
[17.03100031],[-1.2634338e-13],1301,-25,[14.45540831]
[17.03100031],[-1.2634338e-13],1301,-25,[14.45540831]
[17.03100031],[-1.2634338e-13],1301,-25,[14.45540831]
[17.03100031],[-1.2634338e-13],1301,-25,[14.45540831]
[17.03100031],[-1.2634338e-13],1301,-25,[14.45540831]
[17.03100031],[-1.2634338e-13],1301,-25,[14.45540831]
[17.03100031],[-1.2634338e-13],1301,-25,[14.45540831]
[17.03100031],[-1.2634338e-13],1301,-25,[14.45540831]
[17.03100031],[-1.2634338e-13],1301,-25,[14.45540831]
[17.03100031],[-1.2634338e-13],1301,-25,[14.45540831]
[17.03100031],[-1.2634338e-13],1301,-25,[14.45540831]
[17.03100031],[-1.2634338e-13],1301,-25,[14.45540831]
[17.03100031],[-1.2634338e-13],1301,-25,[14.45540831]
[17.03100031],[-1.2634338e-13],1301,-25,[14.45540831]
[17.03100031],[-1.2634338e-13],1301,-25,[14.45540831]
[17.03100031],[-1.2634338e-13],1301,-25,[14.45540831]
[17.03100031],[-1.2634338e-13],1301,-25,[14.45540831]
[17.03100031],[-1.2634338e-13],1301,-25,[14.45540831]
[17.03100031],[-1.2634338e-13],1301,-25,[14.45540831]
[17.03100031],[-1.2634338e-13],1301,-25,[14.45540831]
[17.03100031],[-1.2634338e-13],1301,-25,[14.45540831]
[17.03100031],[-1.2634338e-13],1301,-25,[14.45540831]
[17.03100031],[-1.2634338e-13],1301,-25,[14.45540831]
[17.03100031],[-1.2634338e-13],1301,-25,[14.45540831]
[17.03100031],[-1.2634338e-13],1301,-25,[14.45540831]
[17.03100031],[-1.2634338e-13],1301,-25,[14.45540831]
[17.03100031],[-1.2634338e-13],1301,-25,[14.45540831]
[17.03100031],[-1.2634338e-13],1301,-25,[14.45540831]
[17.03100031],[-1.2634338e-13],1301,-25,[14.45540831]
[17.03100031],[-1.2634338e-13],1301,-25,[14.45540831]
[17.03100031],[-1.2634338e-13],1301,-25,[14.45540831]
[17.03100031],[-1.2634338e-13],1301,-25,[14.45540831]
[17.03100031],[-1.2634338e-13],1301,-25,[14.45540831]
[17.03100031],[-1.2634338e-13],1301,-25,[14.45540831]
[17.03100031],[-1.2634338e-13],1301,-25,[14.45540831]
[17.03100031],[-1.2634338e-13],1301,-25,[14.45540831]
[17.03100031],[-1.2634338e-13],1301,-25,[14.45540831]
[17.03100031],[-1.2634338e-13],1301,-25,[14.45540831]
[17.03100031],[-1.2634338e-13],1301,-25,[14.45540831]
[17.03100031],[-1.2634338e-13],1301,-25,[14.45540831]
[17.03100031],[-1.2634338e-13],1301,-25,[14.45540831]
[17.03100031],[-1.2634338e-13],1301,-25,[14.45540831]
[17.03100031],[-1.2634338e-13],1301,-25,[14.45540831]
[17.03100031],[-1.2634338e-13],1301,-25,[14.45540831]
[17.03100031],[-1.2634338e-13],1301,-25,[14.45540831]
[17.03100031],[-1.2634338e-13],1301,-25,[14.45540831]
[17.03100031],[-1.2634338e-13],1301,-25,[14.45540831]
[17.03100031],[-1.2634338e-13],1301,-25,[14.45540831]
[17.03100031],[-1.2634338e-13],1301,-25,[14.45540831]
[17.03100031],[-1.2634338e-13],1301,-25,[14.45540831]
[17.03100031],[-1.2634338e-13],1301,-25,[14.45540831]
[17.03100031],[-1.2634338e-13],1301,-25,[14.45540831]
[17.03100031],[-1.2634338e-13],1301,-25,[14.45540831]
[17.03100031],[-1.2634338e-13],1301,-25,[14.45540831]
[17.03100031],[-1.2634338e-13],1301,-25,[14.45540831]
[17.03100031],[-1.2634338e-13],1301,-25,[14.45540831]
[17.03100031],[-1.2634338e-13],1301,-25,[14.45540831]
[17.03100031],[-1.2634338e-13],1301,-25,[14.45540831]
[17.03100031],[-1.2634338e-13],1301,-25,[14.45540831]
[17.03100031],[-1.2634338e-13],1301,-25,[14.45540831]
[17.03100031],[-1.2634338e-13],1301,-25,[14.45540831]
[17.03100031],[-1.2634338e-13],1301,-25,[14.45540831]
[17.03100031],[-1.2634338e-13],1301,-25,[14.45540831]
[17.03100031],[-1.2634338e-13],1301,-25,[14.45540831]
[17.03100031],[-1.2634338e-13],1301,-25,[14.45540831]
[17.03100031],[-1.2634338e-13],1301,-25,[14.45540831]
[17.03100031],[-1.2634338e-13],1301,-25,[14.45540831]
[17.03100031],[-1.2634338e-13],1301,-25,[14.45540831]
[17.03100031],[-1.2634338e-13],1301,-25,[14.45540831]
[17.03100031],[-1.2634338e-13],1301,-25,[14.45540831]
[17.03100031],[-1.2634338e-13],1301,-25,[14.45540831]
[17.03100031],[-1.2634338e-13],1301,-25,[14.45540831]
[17.03100031],[-1.2634338e-13],1301,-25,[14.45540831]
[17.03100031],[-1.2634338e-13],1301,-25,[14.45540831]
[17.03100031],[-1.2634338e-13],1301,-25,[14.45540831]
[17.03100031],[-1.2634338e-13],1301,-25,[14.45540831]
[17.03100031],[-1.2634338e-13],1301,-25,[14.45540831]
[17.03100031],[-1.2634338e-13],1301,-25,[14.45540831]
[17.03100031],[-1.2634338e-13],1301,-25,[14.45540831]
[17.03100031],[-1.2634338e-13],1301,-25,[14.45540831]
[17.03100031],[-1.2634338e-13],1301,-25,[14.45540831]
[17.03100031],[-1.2634338e-13],1301,-25,[14.45540831]
[17.03100031],[-1.2634338e-13],1301,-25,[14.45540831]
[17.03100031],[-1.2634338e-13],1301,-25,[14.45540831]
[17.03100031],[-1.2634338e-13],1301,-25,[14.45540831]
[17.03100031],[-1.2634338e-13],1301,-25,[14.45540831]
[17.03100031],[-1.2634338e-13],1301,-25,[14.45540831]
[17.03100031],[-1.2634338e-13],1301,-25,[14.45540831]
[17.03100031],[-1.2634338e-13],1301,-25,[14.45540831]
[17.03100031],[-1.2634338e-13],1301,-25,[14.45540831]
[17.03100031],[-1.2634338e-13],1301,-25,[14.45540831]
[17.03100031],[-1.2634338e-13],1301,-25,[14.45540831]
[17.03100031],[-1.2634338e-13],1301,-25,[14.45540831]
[17.03100031],[-1.2634338e-13],1301,-25,[14.45540831]
[17.03100031],[-1.2634338e-13],1301,-25,[14.45540831]
[17.03100031],[-1.2634338e-13],1301,-25,[14.45540831]
[17.03100031],[-1.2634338e-13],1301,-25,[14.45540831]
[17.03100031],[-1.2634338e-13],1301,-25,[14.45540831]
[17.03100031],[-1.2634338e-13],1301,-25,[14.45540831]
[17.03100031],[-1.2634338e-13],1301,-25,[14.45540831]
[17.03100031],[-1.2634338e-13],1301,-25,[14.45540831]
[17.03100031],[-1.2634338e-13],1301,-25,[14.45540831]
[17.03100031],[-1.2634338e-13],1301,-25,[14.45540831]
[17.03100031],[-1.2634338e-13],1301,-25,[14.45540831]
[17.03100031],[-1.2634338e-13],1301,-25,[14.45540831]
[17.03100031],[-1.2634338e-13],1301,-25,[14.45540831]
[17.03100031],[-1.2634338e-13],1301,-25,[14.45540831]
[17.03100031],[-1.2634338e-13],1301,-25,[14.45540831]
[17.03100031],[-1.2634338e-13],1301,-25,[14.45540831]
[17.03100031],[-1.2634338e-13],1301,-25,[14.45540831]
[17.03100031],[-1.2634338e-13],1301,-25,[14.45540831]
[17.03100031],[-1.2634338e-13],1301,-25,[14.45540831]
[17.03100031],[-1.2634338e-13],1301,-25,[14.45540831]
[17.03100031],[-1.2634338e-13],1301,-25,[14.45540831]
[17.03100031],[-1.2634338e-13],1301,-25,[14.45540831]
[17.03100031],[-1.2634338e-13],1301,-25,[14.45540831]
[17.03100031],[-1.2634338e-13],1301,-25,[14.45540831]
[17.03100031],[-1.2634338e-13],1301,-25,[14.45540831]
[17.03100031],[-1.2634338e-13],1301,-25,[14.45540831]
[17.03100031],[-1.2634338e-13],1301,-25,[14.45540831]
[17.03100031],[-1.2634338e-13],1301,-25,[14.45540831]
[17.03100031],[-1.2634338e-13],1301,-25,[14.45540831]
[17.03100031],[-1.2634338e-13],1301,-25,[14.45540831]
[17.03100031],[-1.2634338e-13],1301,-25,[14.45540831]
[17.03100031],[-1.2634338e-13],1301,-25,[14.45540831]
[17.03100031],[-1.2634338e-13],1301,-25,[14.45540831]
[17.03100031],[-1.2634338e-13],1301,-25,[14.45540831]
[17.03100031],[-1.2634338e-13],1301,-25,[14.45540831]
[17.03100031],[-1.2634338e-13],1301,-25,[14.45540831]
[17.03100031],[-1.2634338e-13],1301,-25,[14.45540831]
[17.03100031],[-1.2634338e-13],1301,-25,[14.45540831]
[17.03100031],[-1.2634338e-13],1301,-25,[14.45540831]
[17.03100031],[-1.2634338e-13],1301,-25,[14.45540831]
[17.03100031],[-1.2634338e-13],1301,-25,[14.45540831]
[17.03100031],[-1.2634338e-13],1301,-25,[14.45540831]
[17.03100031],[-1.2634338e-13],1301,-25,[14.45540831]
[17.03100031],[-1.2634338e-13],1301,-25,[14.45540831]
[17.03100031],[-1.2634338e-13],1301,-25,[14.45540831]
[17.03100031],[-1.2634338e-13],1301,-25,[14.45540831]
[17.03100031],[-1.2634338e-13],1301,-25,[14.45540831]
[17.03100031],[-1.2634338e-13],1301,-25,[14.45540831]
[17.03100031],[-1.2634338e-13],1301,-25,[14.45540831]
[17.03100031],[-1.2634338e-13],1301,-25,[14.45540831]
[17.03100031],[-1.2634338e-13],1301,-25,[14.45540831]
[17.03100031],[-1.2634338e-13],1301,-25,[14.45540831]
[17.03100031],[-1.2634338e-13],1301,-25,[14.45540831]
[17.03100031],[-1.2634338e-13],1301,-25,[14.45540831]
[17.03100031],[-1.2634338e-13],1301,-25,[14.45540831]
[17.03100031],[-1.2634338e-13],1301,-25,[14.45540831]
[17.03100031],[-1.2634338e-13],1301,-25,[14.45540831]
[17.03100031],[-1.2634338e-13],1301,-25,[14.45540831]
[17.03100031],[-1.2634338e-13],1301,-25,[14.45540831]
[17.03100031],[-1.2634338e-13],1301,-25,[14.45540831]
[17.03100031],[-1.2634338e-13],1301,-25,[14.45540831]
[17.03100031],[-1.2634338e-13],1301,-25,[14.45540831]
[17.03100031],[-1.2634338e-13],1301,-25,[14.45540831]
[17.03100031],[-1.2634338e-13],1301,-25,[14.45540831]
[17.03100031],[-1.2634338e-13],1301,-25,[14.45540831]
[17.03100031],[-1.2634338e-13],1301,-25,[14.45540831]
[17.03100031],[-1.2634338e-13],1301,-25,[14.45540831]
[17.03100031],[-1.2634338e-13],1301,-25,[14.45540831]
[17.03100031],[-1.2634338e-13],1301,-25,[14.45540831]
[17.03100031],[-1.2634338e-13],1301,-25,[14.45540831]
[17.03100031],[-1.2634338e-13],1301,-25,[14.45540831]
[17.03100031],[-1.2634338e-13],1301,-25,[14.45540831]
[17.03100031],[-1.2634338e-13],1301,-25,[14.45540831]
[17.03100031],[-1.2634338e-13],1301,-25,[14.45540831]
[17.03100031],[-1.2634338e-13],1301,-25,[14.45540831]
[17.03100031],[-1.2634338e-13],1301,-25,[14.45540831]
[17.03100031],[-1.2634338e-13],1301,-25,[14.45540831]
[17.03100031],[-1.2634338e-13],1301,-25,[14.45540831]
[17.03100031],[-1.2634338e-13],1301,-25,[14.45540831]
[17.03100031],[-1.2634338e-13],1301,-25,[14.45540831]
[17.03100031],[-1.2634338e-13],1301,-25,[14.45540831]
[17.03100031],[-1.2634338e-13],1301,-25,[14.45540831]
[17.03100031],[-1.2634338e-13],1301,-25,[14.45540831]
[17.03100031],[-1.2634338e-13],1301,-25,[14.45540831]
[17.03100031],[-1.2634338e-13],1301,-25,[14.45540831]
[17.03100031],[-1.2634338e-13],1301,-25,[14.45540831]
[17.03100031],[-1.2634338e-13],1301,-25,[14.45540831]
[17.03100031],[-1.2634338e-13],1301,-25,[14.45540831]
[17.03100031],[-1.2634338e-13],1301,-25,[14.45540831]
[17.03100031],[-1.2634338e-13],1301,-25,[14.45540831]
[17.03100031],[-1.2634338e-13],1301,-25,[14.45540831]
[17.03100031],[-1.2634338e-13],1301,-25,[14.45540831]
[17.03100031],[-1.2634338e-13],1301,-25,[14.45540831]
[17.03100031],[-1.2634338e-13],1301,-25,[14.45540831]
[17.03100031],[-1.2634338e-13],1301,-25,[14.45540831]
[17.03100031],[-1.2634338e-13],1301,-25,[14.45540831]
[17.03100031],[-1.2634338e-13],1301,-25,[14.45540831]
[17.03100031],[-1.2634338e-13],1301,-25,[14.45540831]
[17.03100031],[-1.2634338e-13],1301,-25,[14.45540831]
[17.03100031],[-1.2634338e-13],1301,-25,[14.45540831]
[17.03100031],[-1.2634338e-13],1301,-25,[14.45540831]
[17.03100031],[-1.2634338e-13],1301,-25,[14.45540831]
[17.03100031],[-1.2634338e-13],1301,-25,[14.45540831]
[17.03100031],[-1.2634338e-13],1301,-25,[14.45540831]
[17.03100031],[-1.2634338e-13],1301,-25,[14.45540831]
[17.03100031],[-1.2634338e-13],1301,-25,[14.45540831]
[17.03100031],[-1.2634338e-13],1301,-25,[14.45540831]
[17.03100031],[-1.2634338e-13],1301,-25,[14.45540831]
[17.03100031],[-1.2634338e-13],1301,-25,[14.45540831]
[17.03100031],[-1.2634338e-13],1301,-25,[14.45540831]
[17.03100031],[-1.2634338e-13],1301,-25,[14.45540831]
[17.03100031],[-1.2634338e-13],1301,-25,[14.45540831]
[17.03100031],[-1.2634338e-13],1301,-25,[14.45540831]
[17.03100031],[-1.2634338e-13],1301,-25,[14.45540831]
[17.03100031],[-1.2634338e-13],1301,-25,[14.45540831]
[17.03100031],[-1.2634338e-13],1301,-25,[14.45540831]
[17.03100031],[-1.2634338e-13],1301,-25,[14.45540831]
[17.03100031],[-1.2634338e-13],1301,-25,[14.45540831]
[17.03100031],[-1.2634338e-13],1301,-25,[14.45540831]
[17.03100031],[-1.2634338e-13],1301,-25,[14.45540831]
[17.03100031],[-1.2634338e-13],1301,-25,[14.45540831]
[17.03100031],[-1.2634338e-13],1301,-25,[14.45540831]
[17.03100031],[-1.2634338e-13],1301,-25,[14.45540831]
[17.03100031],[-1.2634338e-13],1301,-25,[14.45540831]
[17.03100031],[-1.2634338e-13],1301,-25,[14.45540831]
[17.03100031],[-1.2634338e-13],1301,-25,[14.45540831]
[17.03100031],[-1.2634338e-13],1301,-25,[14.45540831]
[17.03100031],[-1.2634338e-13],1301,-25,[14.45540831]
[17.03100031],[-1.2634338e-13],1301,-25,[14.45540831]
[17.03100031],[-1.2634338e-13],1301,-25,[14.45540831]
[17.03100031],[-1.2634338e-13],1301,-25,[14.45540831]
[17.03100031],[-1.2634338e-13],1301,-25,[14.45540831]
[17.03100031],[-1.2634338e-13],1301,-25,[14.45540831]
[17.03100031],[-1.2634338e-13],1301,-25,[14.45540831]
[17.03100031],[-1.2634338e-13],1301,-25,[14.45540831]
[17.03100031],[-1.2634338e-13],1301,-25,[14.45540831]
[17.03100031],[-1.2634338e-13],1301,-25,[14.45540831]
[17.03100031],[-1.2634338e-13],1301,-25,[14.45540831]
[17.03100031],[-1.2634338e-13],1301,-25,[14.45540831]
[17.03100031],[-1.2634338e-13],1301,-25,[14.45540831]
[17.03100031],[-1.2634338e-13],1301,-25,[14.45540831]
[17.03100031],[-1.2634338e-13],1301,-25,[14.45540831]
[17.03100031],[-1.2634338e-13],1301,-25,[14.45540831]
[17.03100031],[-1.2634338e-13],1301,-25,[14.45540831]
[17.03100031],[-1.2634338e-13],1301,-25,[14.45540831]
[17.03100031],[-1.2634338e-13],1301,-25,[14.45540831]
[17.03100031],[-1.2634338e-13],1301,-25,[14.45540831]
[17.03100031],[-1.2634338e-13],1301,-25,[14.45540831]
[17.03100031],[-1.2634338e-13],1301,-25,[14.45540831]
[17.03100031],[-1.2634338e-13],1301,-25,[14.45540831]
[17.03100031],[-1.2634338e-13],1301,-25,[14.45540831]
[17.03100031],[-1.2634338e-13],1301,-25,[14.45540831]
[17.03100031],[-1.2634338e-13],1301,-25,[14.45540831]
[17.03100031],[-1.2634338e-13],1301,-25,[14.45540831]
[17.03100031],[-1.2634338e-13],1301,-25,[14.45540831]
[17.03100031],[-1.2634338e-13],1301,-25,[14.45540831]
[17.03100031],[-1.2634338e-13],1301,-25,[14.45540831]
[17.03100031],[-1.2634338e-13],1301,-25,[14.45540831]
[17.03100031],[-1.2634338e-13],1301,-25,[14.45540831]
[17.03100031],[-1.2634338e-13],1301,-25,[14.45540831]
[17.03100031],[-1.2634338e-13],1301,-25,[14.45540831]
[17.03100031],[-1.2634338e-13],1301,-25,[14.45540831]
[17.03100031],[-1.2634338e-13],1301,-25,[14.45540831]
[17.03100031],[-1.2634338e-13],1301,-25,[14.45540831]
[17.03100031],[-1.2634338e-13],1301,-25,[14.45540831]
[17.03100031],[-1.2634338e-13],1301,-25,[14.45540831]
[17.03100031],[-1.2634338e-13],1301,-25,[14.45540831]
[17.03100031],[-1.2634338e-13],1301,-25,[14.45540831]
[17.03100031],[-1.2634338e-13],1301,-25,[14.45540831]
[17.03100031],[-1.2634338e-13],1301,-25,[14.45540831]
[17.03100031],[-1.2634338e-13],1301,-25,[14.45540831]
[17.03100031],[-1.2634338e-13],1301,-25,[14.45540831]
[17.03100031],[-1.2634338e-13],1301,-25,[14.45540831]
[17.03100031],[-1.2634338e-13],1301,-25,[14.45540831]
[17.03100031],[-1.2634338e-13],1301,-25,[14.45540831]
[17.03100031],[-1.2634338e-13],1301,-25,[14.45540831]
[17.03100031],[-1.2634338e-13],1301,-25,[14.45540831]
[17.03100031],[-1.2634338e-13],1301,-25,[14.45540831]
[17.03100031],[-1.2634338e-13],1301,-25,[14.45540831]
[17.03100031],[-1.2634338e-13],1301,-25,[14.45540831]
[17.03100031],[-1.2634338e-13],1301,-25,[14.45540831]
[17.03100031],[-1.2634338e-13],1301,-25,[14.45540831]
[17.03100031],[-1.2634338e-13],1301,-25,[14.45540831]
[17.03100031],[-1.2634338e-13],1301,-25,[14.45540831]
[17.03100031],[-1.2634338e-13],1301,-25,[14.45540831]
[17.03100031],[-1.2634338e-13],1301,-25,[14.45540831]
[17.03100031],[-1.2634338e-13],1301,-25,[14.45540831]
[17.03100031],[-1.2634338e-13],1301,-25,[14.45540831]
[17.03100031],[-1.2634338e-13],1301,-25,[14.45540831]
[17.03100031],[-1.2634338e-13],1301,-25,[14.45540831]
[17.03100031],[-1.2634338e-13],1301,-25,[14.45540831]
[17.03100031],[-1.2634338e-13],1301,-25,[14.45540831]
[17.03100031],[-1.2634338e-13],1301,-25,[14.45540831]
[17.03100031],[-1.2634338e-13],1301,-25,[14.45540831]
[17.03100031],[-1.2634338e-13],1301,-25,[14.45540831]
[17.03100031],[-1.2634338e-13],1301,-25,[14.45540831]
[17.03100031],[-1.2634338e-13],1301,-25,[14.45540831]
[17.03100031],[-1.2634338e-13],1301,-25,[14.45540831]
[17.03100031],[-1.2634338e-13],1301,-25,[14.45540831]
[17.03100031],[-1.2634338e-13],1301,-25,[14.45540831]
[17.03100031],[-1.2634338e-13],1301,-25,[14.45540831]
[17.03100031],[-1.2634338e-13],1301,-25,[14.45540831]
[17.03100031],[-1.2634338e-13],1301,-25,[14.45540831]
[17.03100031],[-1.2634338e-13],1301,-25,[14.45540831]
[17.03100031],[-1.2634338e-13],1301,-25,[14.45540831]
[17.03100031],[-1.2634338e-13],1301,-25,[14.45540831]
[17.03100031],[-1.2634338e-13],1301,-25,[14.45540831]
[17.03100031],[-1.2634338e-13],1301,-25,[14.45540831]
[17.03100031],[-1.2634338e-13],1301,-25,[14.45540831]
[17.03100031],[-1.2634338e-13],1301,-25,[14.45540831]
[17.03100031],[-1.2634338e-13],1301,-25,[14.45540831]
[17.03100031],[-1.2634338e-13],1301,-25,[14.45540831]
[17.03100031],[-1.2634338e-13],1301,-25,[14.45540831]
[17.03100031],[-1.2634338e-13],1301,-25,[14.45540831]
[17.03100031],[-1.2634338e-13],1301,-25,[14.45540831]
[17.03100031],[-1.2634338e-13],1301,-25,[14.45540831]
[17.03100031],[-1.2634338e-13],1301,-25,[14.45540831]
[17.03100031],[-1.2634338e-13],1301,-25,[14.45540831]
[17.03100031],[-1.2634338e-13],1301,-25,[14.45540831]
[17.03100031],[-1.2634338e-13],1301,-25,[14.45540831]
[17.03100031],[-1.2634338e-13],1301,-25,[14.45540831]
[17.03100031],[-1.2634338e-13],1301,-25,[14.45540831]
[17.03100031],[-1.2634338e-13],1301,-25,[14.45540831]
[17.03100031],[-1.2634338e-13],1301,-25,[14.45540831]
[17.03100031],[-1.2634338e-13],1301,-25,[14.45540831]
[17.03100031],[-1.2634338e-13],1301,-25,[14.45540831]
[17.03100031],[-1.2634338e-13],1301,-25,[14.45540831]
[17.03100031],[-1.2634338e-13],1301,-25,[14.45540831]
[17.03100031],[-1.2634338e-13],1301,-25,[14.45540831]
[17.03100031],[-1.2634338e-13],1301,-25,[14.45540831]
[17.03100031],[-1.2634338e-13],1301,-25,[14.45540831]
[17.03100031],[-1.2634338e-13],1301,-25,[14.45540831]
[17.03100031],[-1.2634338e-13],1301,-25,[14.45540831]
[17.03100031],[-1.2634338e-13],1301,-25,[14.45540831]
[17.03100031],[-1.2634338e-13],1301,-25,[14.45540831]
[17.03100031],[-1.2634338e-13],1301,-25,[14.45540831]
[17.03100031],[-1.2634338e-13],1301,-25,[14.45540831]
[17.03100031],[-1.2634338e-13],1301,-25,[14.45540831]
[17.03100031],[-1.2634338e-13],1301,-25,[14.45540831]
[17.03100031],[-1.2634338e-13],1301,-25,[14.45540831]
[17.03100031],[-1.2634338e-13],1301,-25,[14.45540831]
[17.03100031],[-1.2634338e-13],1301,-25,[14.45540831]
[17.03100031],[-1.2634338e-13],1301,-25,[14.45540831]
[17.03100031],[-1.2634338e-13],1301,-25,[14.45540831]
[17.03100031],[-1.2634338e-13],1301,-25,[14.45540831]
[17.03100031],[-1.2634338e-13],1301,-25,[14.45540831]
[17.03100031],[-1.2634338e-13],1301,-25,[14.45540831]
[17.03100031],[-1.2634338e-13],1301,-25,[14.45540831]
[17.03100031],[-1.2634338e-13],1301,-25,[14.45540831]
[17.03100031],[-1.2634338e-13],1301,-25,[14.45540831]
[17.03100031],[-1.2634338e-13],1301,-25,[14.45540831]
[17.03100031],[-1.2634338e-13],1301,-25,[14.45540831]
[17.03100031],[-1.2634338e-13],1301,-25,[14.45540831]
[17.03100031],[-1.2634338e-13],1301,-25,[14.45540831]
[17.03100031],[-1.2634338e-13],1301,-25,[14.45540831]
[17.03100031],[-1.2634338e-13],1301,-25,[14.45540831]
[17.03100031],[-1.2634338e-13],1301,-25,[14.45540831]
[17.03100031],[-1.2634338e-13],1301,-25,[14.45540831]
[17.03100031],[-1.2634338e-13],1301,-25,[14.45540831]
[17.03100031],[-1.2634338e-13],1301,-25,[14.45540831]
[17.03100031],[-1.2634338e-13],1301,-25,[14.45540831]
[17.03100031],[-1.2634338e-13],1301,-25,[14.45540831]
[17.03100031],[-1.2634338e-13],1301,-25,[14.45540831]
[17.03100031],[-1.2634338e-13],1301,-25,[14.45540831]
[17.03100031],[-1.2634338e-13],1301,-25,[14.45540831]
[17.03100031],[-1.2634338e-13],1301,-25,[14.45540831]
[17.03100031],[-1.2634338e-13],1301,-25,[14.45540831]
[17.03100031],[-1.2634338e-13],1301,-25,[14.45540831]
[17.03100031],[-1.2634338e-13],1301,-25,[14.45540831]
[17.03100031],[-1.2634338e-13],1301,-25,[14.45540831]
[17.03100031],[-1.2634338e-13],1301,-25,[14.45540831]
[17.03100031],[-1.2634338e-13],1301,-25,[14.45540831]
[17.03100031],[-1.2634338e-13],1301,-25,[14.45540831]
[17.03100031],[-1.2634338e-13],1301,-25,[14.45540831]
[17.03100031],[-1.2634338e-13],1301,-25,[14.45540831]
[17.03100031],[-1.2634338e-13],1301,-25,[14.45540831]
[17.03100031],[-1.2634338e-13],1301,-25,[14.45540831]
[17.03100031],[-1.2634338e-13],1301,-25,[14.45540831]
[17.03100031],[-1.2634338e-13],1301,-25,[14.45540831]
[17.03100031],[-1.2634338e-13],1301,-25,[14.45540831]
[17.03100031],[-1.2634338e-13],1301,-25,[14.45540831]
[17.03100031],[-1.2634338e-13],1301,-25,[14.45540831]
[17.03100031],[-1.2634338e-13],1301,-25,[14.45540831]
[17.03100031],[-1.2634338e-13],1301,-25,[14.45540831]
[17.03100031],[-1.2634338e-13],1301,-25,[14.45540831]
[17.03100031],[-1.2634338e-13],1301,-25,[14.45540831]
[17.03100031],[-1.2634338e-13],1301,-25,[14.45540831]
[17.03100031],[-1.2634338e-13],1301,-25,[14.45540831]
[17.03100031],[-1.2634338e-13],1301,-25,[14.45540831]
[17.03100031],[-1.2634338e-13],1301,-25,[14.45540831]
[17.03100031],[-1.2634338e-13],1301,-25,[14.45540831]
[17.03100031],[-1.2634338e-13],1301,-25,[14.45540831]
[17.03100031],[-1.2634338e-13],1301,-25,[14.45540831]
[17.03100031],[-1.2634338e-13],1301,-25,[14.45540831]
[17.03100031],[-1.2634338e-13],1301,-25,[14.45540831]
[17.03100031],[-1.2634338e-13],1301,-25,[14.45540831]
[17.03100031],[-1.2634338e-13],1301,-25,[14.45540831]
[17.03100031],[-1.2634338e-13],1301,-25,[14.45540831]
[17.03100031],[-1.2634338e-13],1301,-25,[14.45540831]
[17.03100031],[-1.2634338e-13],1301,-25,[14.45540831]
[17.03100031],[-1.2634338e-13],1301,-25,[14.45540831]
[17.03100031],[-1.2634338e-13],1301,-25,[14.45540831]
[17.03100031],[-1.2634338e-13],1301,-25,[14.45540831]
[17.03100031],[-1.2634338e-13],1301,-25,[14.45540831]
[17.03100031],[-1.2634338e-13],1301,-25,[14.45540831]
[17.03100031],[-1.2634338e-13],1301,-25,[14.45540831]
[17.03100031],[-1.2634338e-13],1301,-25,[14.45540831]
[17.03100031],[-1.2634338e-13],1301,-25,[14.45540831]
[17.03100031],[-1.2634338e-13],1301,-25,[14.45540831]
[17.03100031],[-1.2634338e-13],1301,-25,[14.45540831]
[17.03100031],[-1.2634338e-13],1301,-25,[14.45540831]
[17.03100031],[-1.2634338e-13],1301,-25,[14.45540831]
[17.03100031],[-1.2634338e-13],1301,-25,[14.45540831]
[17.03100031],[-1.2634338e-13],1301,-25,[14.45540831]
[17.03100031],[-1.2634338e-13],1301,-25,[14.45540831]
[17.03100031],[-1.2634338e-13],1301,-25,[14.45540831]
[17.03100031],[-1.2634338e-13],1301,-25,[14.45540831]
[17.03100031],[-1.2634338e-13],1301,-25,[14.45540831]
[17.03100031],[-1.2634338e-13],1301,-25,[14.45540831]
[17.03100031],[-1.2634338e-13],1301,-25,[14.45540831]
[17.03100031],[-1.2634338e-13],1301,-25,[14.45540831]
[17.03100031],[-1.2634338e-13],1301,-25,[14.45540831]
[17.03100031],[-1.2634338e-13],1301,-25,[14.45540831]
[17.03100031],[-1.2634338e-13],1301,-25,[14.45540831]
[17.03100031],[-1.2634338e-13],1301,-25,[14.45540831]
[17.03100031],[-1.2634338e-13],1301,-25,[14.45540831]
[17.03100031],[-1.2634338e-13],1301,-25,[14.45540831]
[17.03100031],[-1.2634338e-13],1301,-25,[14.45540831]
[17.03100031],[-1.2634338e-13],1301,-25,[14.45540831]
[17.03100031],[-1.2634338e-13],1301,-25,[14.45540831]
[17.03100031],[-1.2634338e-13],1301,-25,[14.45540831]
[17.03100031],[-1.2634338e-13],1301,-25,[14.45540831]
[17.03100031],[-1.2634338e-13],1301,-25,[14.45540831]
[17.03100031],[-1.2634338e-13],1301,-25,[14.45540831]
[17.03100031],[-1.2634338e-13],1301,-25,[14.45540831]
[17.03100031],[-1.2634338e-13],1301,-25,[14.45540831]
[17.03100031],[-1.2634338e-13],1301,-25,[14.45540831]
[17.03100031],[-1.2634338e-13],1301,-25,[14.45540831]
[17.03100031],[-1.2634338e-13],1301,-25,[14.45540831]
[17.03100031],[-1.2634338e-13],1301,-25,[14.45540831]
[17.03100031],[-1.2634338e-13],1301,-25,[14.45540831]
[17.03100031],[-1.2634338e-13],1301,-25,[14.45540831]
[17.03100031],[-1.2634338e-13],1301,-25,[14.45540831]
[17.03100031],[-1.2634338e-13],1301,-25,[14.45540831]
[17.03100031],[-1.2634338e-13],1301,-25,[14.45540831]
[17.03100031],[-1.2634338e-13],1301,-25,[14.45540831]
[17.03100031],[-1.2634338e-13],1301,-25,[14.45540831]
[17.03100031],[-1.2634338e-13],1301,-25,[14.45540831]
[17.03100031],[-1.2634338e-13],1301,-25,[14.45540831]
[17.03100031],[-1.2634338e-13],1301,-25,[14.45540831]
[17.03100031],[-1.2634338e-13],1301,-25,[14.45540831]
[17.03100031],[-1.2634338e-13],1301,-25,[14.45540831]
[17.03100031],[-1.2634338e-13],1301,-25,[14.45540831]
[17.03100031],[-1.2634338e-13],1301,-25,[14.45540831]
[17.03100031],[-1.2634338e-13],1301,-25,[14.45540831]
[17.03100031],[-1.2634338e-13],1301,-25,[14.45540831]
[17.03100031],[-1.2634338e-13],1301,-25,[14.45540831]
[17.03100031],[-1.2634338e-13],1301,-25,[14.45540831]
[17.03100031],[-1.2634338e-13],1301,-25,[14.45540831]
[17.03100031],[-1.2634338e-13],1301,-25,[14.45540831]
[17.03100031],[-1.2634338e-13],1301,-25,[14.45540831]
[17.03100031],[-1.2634338e-13],1301,-25,[14.45540831]
[17.03100031],[-1.2634338e-13],1301,-25,[14.45540831]
[17.03100031],[-1.2634338e-13],1301,-25,[14.45540831]
[17.03100031],[-1.2634338e-13],1301,-25,[14.45540831]
[17.03100031],[-1.2634338e-13],1301,-25,[14.45540831]
[17.03100031],[-1.2634338e-13],1301,-25,[14.45540831]
[17.03100031],[-1.2634338e-13],1301,-25,[14.45540831]
[17.03100031],[-1.2634338e-13],1301,-25,[14.45540831]
[17.03100031],[-1.2634338e-13],1301,-25,[14.45540831]
[17.03100031],[-1.2634338e-13],1301,-25,[14.45540831]
[17.03100031],[-1.2634338e-13],1301,-25,[14.45540831]
[17.03100031],[-1.2634338e-13],1301,-25,[14.45540831]
[17.03100031],[-1.2634338e-13],1301,-25,[14.45540831]
[17.03100031],[-1.2634338e-13],1301,-25,[14.45540831]
[17.03100031],[-1.2634338e-13],1301,-25,[14.45540831]
[17.03100031],[-1.2634338e-13],1301,-25,[14.45540831]
[17.03100031],[-1.2634338e-13],1301,-25,[14.45540831]
[17.03100031],[-1.2634338e-13],1301,-25,[14.45540831]
[17.03100031],[-1.2634338e-13],1301,-25,[14.45540831]
[17.03100031],[-1.2634338e-13],1301,-25,[14.45540831]
[17.03100031],[-1.2634338e-13],1301,-25,[14.45540831]
[17.03100031],[-1.2634338e-13],1301,-25,[14.45540831]
[17.03100031],[-1.2634338e-13],1301,-25,[14.45540831]
[17.03100031],[-1.2634338e-13],1301,-25,[14.45540831]
[17.03100031],[-1.2634338e-13],1301,-25,[14.45540831]
[17.03100031],[-1.2634338e-13],1301,-25,[14.45540831]
[17.03100031],[-1.2634338e-13],1301,-25,[14.45540831]
[17.03100031],[-1.2634338e-13],1301,-25,[14.45540831]
[17.03100031],[-1.2634338e-13],1301,-25,[14.45540831]
[17.03100031],[-1.2634338e-13],1301,-25,[14.45540831]
[17.03100031],[-1.2634338e-13],1301,-25,[14.45540831]
[17.03100031],[-1.2634338e-13],1301,-25,[14.45540831]
[17.03100031],[-1.2634338e-13],1301,-25,[14.45540831]
[17.03100031],[-1.2634338e-13],1301,-25,[14.45540831]
[17.03100031],[-1.2634338e-13],1301,-25,[14.45540831]
[17.03100031],[-1.2634338e-13],1301,-25,[14.45540831]
[17.03100031],[-1.2634338e-13],1301,-25,[14.45540831]
[17.03100031],[-1.2634338e-13],1301,-25,[14.45540831]
[17.03100031],[-1.2634338e-13],1301,-25,[14.45540831]
[17.03100031],[-1.2634338e-13],1301,-25,[14.45540831]
[17.03100031],[-1.2634338e-13],1301,-25,[14.45540831]
[17.03100031],[-1.2634338e-13],1301,-25,[14.45540831]
[17.03100031],[-1.2634338e-13],1301,-25,[14.45540831]
[17.03100031],[-1.2634338e-13],1301,-25,[14.45540831]
[17.03100031],[-1.2634338e-13],1301,-25,[14.45540831]
[17.03100031],[-1.2634338e-13],1301,-25,[14.45540831]
[17.03100031],[-1.2634338e-13],1301,-25,[14.45540831]
[17.03100031],[-1.2634338e-13],1301,-25,[14.45540831]
[17.03100031],[-1.2634338e-13],1301,-25,[14.45540831]
[17.03100031],[-1.2634338e-13],1301,-25,[14.45540831]
[17.03100031],[-1.2634338e-13],1301,-25,[14.45540831]
[17.03100031],[-1.2634338e-13],1301,-25,[14.45540831]
[17.03100031],[-1.2634338e-13],1301,-25,[14.45540831]
[17.03100031],[-1.2634338e-13],1301,-25,[14.45540831]
[17.03100031],[-1.2634338e-13],1301,-25,[14.45540831]
[17.03100031],[-1.2634338e-13],1301,-25,[14.45540831]
[17.03100031],[-1.2634338e-13],1301,-25,[14.45540831]
[17.03100031],[-1.2634338e-13],1301,-25,[14.45540831]
[17.03100031],[-1.2634338e-13],1301,-25,[14.45540831]
[17.03100031],[-1.2634338e-13],1301,-25,[14.45540831]
[17.03100031],[-1.2634338e-13],1301,-25,[14.45540831]
[17.03100031],[-1.2634338e-13],1301,-25,[14.45540831]
[17.03100031],[-1.2634338e-13],1301,-25,[14.45540831]
[17.03100031],[-1.2634338e-13],1301,-25,[14.45540831]
[17.03100031],[-1.2634338e-13],1301,-25,[14.45540831]
[17.03100031],[-1.2634338e-13],1301,-25,[14.45540831]
[17.03100031],[-1.2634338e-13],1301,-25,[14.45540831]
[17.03100031],[-1.2634338e-13],1301,-25,[14.45540831]
[17.03100031],[-1.2634338e-13],1301,-25,[14.45540831]
[17.03100031],[-1.2634338e-13],1301,-25,[14.45540831]
[17.03100031],[-1.2634338e-13],1301,-25,[14.45540831]
[17.03100031],[-1.2634338e-13],1301,-25,[14.45540831]
[17.03100031],[-1.2634338e-13],1301,-25,[14.45540831]
[17.03100031],[-1.2634338e-13],1301,-25,[14.45540831]
[17.03100031],[-1.2634338e-13],1301,-25,[14.45540831]
[17.03100031],[-1.2634338e-13],1301,-25,[14.45540831]
[17.03100031],[-1.2634338e-13],1301,-25,[14.45540831]
[17.03100031],[-1.2634338e-13],1301,-25,[14.45540831]
[17.03100031],[-1.2634338e-13],1301,-25,[14.45540831]
[17.03100031],[-1.2634338e-13],1301,-25,[14.45540831]
[17.03100031],[-1.2634338e-13],1301,-25,[14.45540831]
[17.03100031],[-1.2634338e-13],1301,-25,[14.45540831]
[17.03100031],[-1.2634338e-13],1301,-25,[14.45540831]
[17.03100031],[-1.2634338e-13],1301,-25,[14.45540831]
[17.03100031],[-1.2634338e-13],1301,-25,[14.45540831]
[17.03100031],[-1.2634338e-13],1301,-25,[14.45540831]
[17.03100031],[-1.2634338e-13],1301,-25,[14.45540831]
[17.03100031],[-1.2634338e-13],1301,-25,[14.45540831]
[17.03100031],[-1.2634338e-13],1301,-25,[14.45540831]
[17.03100031],[-1.2634338e-13],1301,-25,[14.45540831]
[17.03100031],[-1.2634338e-13],1301,-25,[14.45540831]
[17.03100031],[-1.2634338e-13],1301,-25,[14.45540831]
[17.03100031],[-1.2634338e-13],1301,-25,[14.45540831]
[17.03100031],[-1.2634338e-13],1301,-25,[14.45540831]
[17.03100031],[-1.2634338e-13],1301,-25,[14.45540831]
[17.03100031],[-1.2634338e-13],1301,-25,[14.45540831]
[17.03100031],[-1.2634338e-13],1301,-25,[14.45540831]
[17.03100031],[-1.2634338e-13],1301,-25,[14.45540831]
[17.03100031],[-1.2634338e-13],1301,-25,[14.45540831]
[17.03100031],[-1.2634338e-13],1301,-25,[14.45540831]
[17.03100031],[-1.2634338e-13],1301,-25,[14.45540831]
[17.03100031],[-1.2634338e-13],1301,-25,[14.45540831]
[17.03100031],[-1.2634338e-13],1301,-25,[14.45540831]
[17.03100031],[-1.2634338e-13],1301,-25,[14.45540831]
[17.03100031],[-1.2634338e-13],1301,-25,[14.45540831]
[17.03100031],[-1.2634338e-13],1301,-25,[14.45540831]
[17.03100031],[-1.2634338e-13],1301,-25,[14.45540831]
[17.03100031],[-1.2634338e-13],1301,-25,[14.45540831]
[17.03100031],[-1.2634338e-13],1301,-25,[14.45540831]
[17.03100031],[-1.2634338e-13],1301,-25,[14.45540831]
[17.03100031],[-1.2634338e-13],1301,-25,[14.45540831]
[17.03100031],[-1.2634338e-13],1301,-25,[14.45540831]
[17.03100031],[-1.2634338e-13],1301,-25,[14.45540831]
[17.03100031],[-1.2634338e-13],1301,-25,[14.45540831]
[17.03100031],[-1.2634338e-13],1301,-25,[14.45540831]
[17.03100031],[-1.2634338e-13],1301,-25,[14.45540831]
[17.03100031],[-1.2634338e-13],1301,-25,[14.45540831]
[17.03100031],[-1.2634338e-13],1301,-25,[14.45540831]
[17.03100031],[-1.2634338e-13],1301,-25,[14.45540831]
[17.03100031],[-1.2634338e-13],1301,-25,[14.45540831]
[17.03100031],[-1.2634338e-13],1301,-25,[14.45540831]
[17.03100031],[-1.2634338e-13],1301,-25,[14.45540831]
[17.03100031],[-1.2634338e-13],1301,-25,[14.45540831]
[17.03100031],[-1.2634338e-13],1301,-25,[14.45540831]
[17.03100031],[-1.2634338e-13],1301,-25,[14.45540831]
[17.03100031],[-1.2634338e-13],1301,-25,[14.45540831]
[17.03100031],[-1.2634338e-13],1301,-25,[14.45540831]
[17.03100031],[-1.2634338e-13],1301,-25,[14.45540831]
[17.03100031],[-1.2634338e-13],1301,-25,[14.45540831]
[17.03100031],[-1.2634338e-13],1301,-25,[14.45540831]
[17.03100031],[-1.2634338e-13],1301,-25,[14.45540831]
[17.03100031],[-1.2634338e-13],1301,-25,[14.45540831]
[17.03100031],[-1.2634338e-13],1301,-25,[14.45540831]
[17.03100031],[-1.2634338e-13],1301,-25,[14.45540831]
[17.03100031],[-1.2634338e-13],1301,-25,[14.45540831]
[17.03100031],[-1.2634338e-13],1301,-25,[14.45540831]
[17.03100031],[-1.2634338e-13],1301,-25,[14.45540831]
[17.03100031],[-1.2634338e-13],1301,-25,[14.45540831]
[17.03100031],[-1.2634338e-13],1301,-25,[14.45540831]
[17.03100031],[-1.2634338e-13],1301,-25,[14.45540831]
[17.03100031],[-1.2634338e-13],1301,-25,[14.45540831]
[17.03100031],[-1.2634338e-13],1301,-25,[14.45540831]
[17.03100031],[-1.2634338e-13],1301,-25,[14.45540831]
[17.03100031],[-1.2634338e-13],1301,-25,[14.45540831]
[17.03100031],[-1.2634338e-13],1301,-25,[14.45540831]
[17.03100031],[-1.2634338e-13],1301,-25,[14.45540831]
[17.03100031],[-1.2634338e-13],1301,-25,[14.45540831]
[17.03100031],[-1.2634338e-13],1301,-25,[14.45540831]
[17.03100031],[-1.2634338e-13],1301,-25,[14.45540831]
[17.03100031],[-1.2634338e-13],1301,-25,[14.45540831]
[17.03100031],[-1.2634338e-13],1301,-25,[14.45540831]
[17.03100031],[-1.2634338e-13],1301,-25,[14.45540831]
[17.03100031],[-1.2634338e-13],1301,-25,[14.45540831]
[17.03100031],[-1.2634338e-13],1301,-25,[14.45540831]
[17.03100031],[-1.2634338e-13],1301,-25,[14.45540831]
[17.03100031],[-1.2634338e-13],1301,-25,[14.45540831]
[17.03100031],[-1.2634338e-13],1301,-25,[14.45540831]
[17.03100031],[-1.2634338e-13],1301,-25,[14.45540831]
[17.03100031],[-1.2634338e-13],1301,-25,[14.45540831]
[17.03100031],[-1.2634338e-13],1301,-25,[14.45540831]
[17.03100031],[-1.2634338e-13],1301,-25,[14.45540831]
[17.03100031],[-1.2634338e-13],1301,-25,[14.45540831]
[17.03100031],[-1.2634338e-13],1301,-25,[14.45540831]
[17.03100031],[-1.2634338e-13],1301,-25,[14.45540831]
[17.03100031],[-1.2634338e-13],1301,-25,[14.45540831]
[17.03100031],[-1.2634338e-13],1301,-25,[14.45540831]
[17.03100031],[-1.2634338e-13],1301,-25,[14.45540831]
[17.03100031],[-1.2634338e-13],1301,-25,[14.45540831]
[17.03100031],[-1.2634338e-13],1301,-25,[14.45540831]
[17.03100031],[-1.2634338e-13],1301,-25,[14.45540831]
[17.03100031],[-1.2634338e-13],1301,-25,[14.45540831]
[17.03100031],[-1.2634338e-13],1301,-25,[14.45540831]
[17.03100031],[-1.2634338e-13],1301,-25,[14.45540831]
[17.03100031],[-1.2634338e-13],1301,-25,[14.45540831]
[17.03100031],[-1.2634338e-13],1301,-25,[14.45540831]
[17.03100031],[-1.2634338e-13],1301,-25,[14.45540831]
[17.03100031],[-1.2634338e-13],1301,-25,[14.45540831]
[17.03100031],[-1.2634338e-13],1301,-25,[14.45540831]
[17.03100031],[-1.2634338e-13],1301,-25,[14.45540831]
[17.03100031],[-1.2634338e-13],1301,-25,[14.45540831]
[17.03100031],[-1.2634338e-13],1301,-25,[14.45540831]
[17.03100031],[-1.2634338e-13],1301,-25,[14.45540831]
[17.03100031],[-1.2634338e-13],1301,-25,[14.45540831]
[17.03100031],[-1.2634338e-13],1301,-25,[14.45540831]
[17.03100031],[-1.2634338e-13],1301,-25,[14.45540831]
[17.03100031],[-1.2634338e-13],1301,-25,[14.45540831]
[17.03100031],[-1.2634338e-13],1301,-25,[14.45540831]
[17.03100031],[-1.2634338e-13],1301,-25,[14.45540831]
[17.03100031],[-1.2634338e-13],1301,-25,[14.45540831]
[17.03100031],[-1.2634338e-13],1301,-25,[14.45540831]
[17.03100031],[-1.2634338e-13],1301,-25,[14.45540831]
[17.03100031],[-1.2634338e-13],1301,-25,[14.45540831]
[17.03100031],[-1.2634338e-13],1301,-25,[14.45540831]
[17.03100031],[-1.2634338e-13],1301,-25,[14.45540831]
[17.03100031],[-1.2634338e-13],1301,-25,[14.45540831]
[17.03100031],[-1.2634338e-13],1301,-25,[14.45540831]
[17.03100031],[-1.2634338e-13],1301,-25,[14.45540831]
[17.03100031],[-1.2634338e-13],1301,-25,[14.45540831]
[17.03100031],[-1.2634338e-13],1301,-25,[14.45540831]
[17.03100031],[-1.2634338e-13],1301,-25,[14.45540831]
[17.03100031],[-1.2634338e-13],1301,-25,[14.45540831]
[17.03100031],[-1.2634338e-13],1301,-25,[14.45540831]
[17.03100031],[-1.2634338e-13],1301,-25,[14.45540831]
[17.03100031],[-1.2634338e-13],1301,-25,[14.45540831]
[17.03100031],[-1.2634338e-13],1301,-25,[14.45540831]
[17.03100031],[-1.2634338e-13],1301,-25,[14.45540831]
[17.03100031],[-1.2634338e-13],1301,-25,[14.45540831]
[17.03100031],[-1.2634338e-13],1301,-25,[14.45540831]
[17.03100031],[-1.2634338e-13],1301,-25,[14.45540831]
[17.03100031],[-1.2634338e-13],1301,-25,[14.45540831]
[17.03100031],[-1.2634338e-13],1301,-25,[14.45540831]
[17.03100031],[-1.2634338e-13],1301,-25,[14.45540831]
[17.03100031],[-1.2634338e-13],1301,-25,[14.45540831]
[17.03100031],[-1.2634338e-13],1301,-25,[14.45540831]
[17.03100031],[-1.2634338e-13],1301,-25,[14.45540831]
[17.03100031],[-1.2634338e-13],1301,-25,[14.45540831]
[17.03100031],[-1.2634338e-13],1301,-25,[14.45540831]
[17.03100031],[-1.2634338e-13],1301,-25,[14.45540831]
[17.03100031],[-1.2634338e-13],1301,-25,[14.45540831]
[17.03100031],[-1.2634338e-13],1301,-25,[14.45540831]
[17.03100031],[-1.2634338e-13],1301,-25,[14.45540831]
[17.03100031],[-1.2634338e-13],1301,-25,[14.45540831]
[17.03100031],[-1.2634338e-13],1301,-25,[14.45540831]
[17.03100031],[-1.2634338e-13],1301,-25,[14.45540831]
[17.03100031],[-1.2634338e-13],1301,-25,[14.45540831]
[17.03100031],[-1.2634338e-13],1301,-25,[14.45540831]
[17.03100031],[-1.2634338e-13],1301,-25,[14.45540831]
[17.03100031],[-1.2634338e-13],1301,-25,[14.45540831]
[17.03100031],[-1.2634338e-13],1301,-25,[14.45540831]
[17.03100031],[-1.2634338e-13],1301,-25,[14.45540831]
[17.03100031],[-1.2634338e-13],1301,-25,[14.45540831]
[17.03100031],[-1.2634338e-13],1301,-25,[14.45540831]
[17.03100031],[-1.2634338e-13],1301,-25,[14.45540831]
[17.03100031],[-1.2634338e-13],1301,-25,[14.45540831]
[17.03100031],[-1.2634338e-13],1301,-25,[14.45540831]
[17.03100031],[-1.2634338e-13],1301,-25,[14.45540831]
[17.03100031],[-1.2634338e-13],1301,-25,[14.45540831]
[17.03100031],[-1.2634338e-13],1301,-25,[14.45540831]
[17.03100031],[-1.2634338e-13],1301,-25,[14.45540831]
[17.03100031],[-1.2634338e-13],1301,-25,[14.45540831]
[17.03100031],[-1.2634338e-13],1301,-25,[14.45540831]
[17.03100031],[-1.2634338e-13],1301,-25,[14.45540831]
[17.03100031],[-1.2634338e-13],1301,-25,[14.45540831]
[17.03100031],[-1.2634338e-13],1301,-25,[14.45540831]
[17.03100031],[-1.2634338e-13],1301,-25,[14.45540831]
[17.03100031],[-1.2634338e-13],1301,-25,[14.45540831]
[17.03100031],[-1.2634338e-13],1301,-25,[14.45540831]
[17.03100031],[-1.2634338e-13],1301,-25,[14.45540831]
[17.03100031],[-1.2634338e-13],1301,-25,[14.45540831]
[17.03100031],[-1.2634338e-13],1301,-25,[14.45540831]
[17.03100031],[-1.2634338e-13],1301,-25,[14.45540831]
[17.03100031],[-1.2634338e-13],1301,-25,[14.45540831]
[17.03100031],[-1.2634338e-13],1301,-25,[14.45540831]
[17.03100031],[-1.2634338e-13],1301,-25,[14.45540831]
[17.03100031],[-1.2634338e-13],1301,-25,[14.45540831]
[17.03100031],[-1.2634338e-13],1301,-25,[14.45540831]
[17.03100031],[-1.2634338e-13],1301,-25,[14.45540831]
[17.03100031],[-1.2634338e-13],1301,-25,[14.45540831]
[17.03100031],[-1.2634338e-13],1301,-25,[14.45540831]
[17.03100031],[-1.2634338e-13],1301,-25,[14.45540831]
[17.03100031],[-1.2634338e-13],1301,-25,[14.45540831]
[17.03100031],[-1.2634338e-13],1301,-25,[14.45540831]
[17.03100031],[-1.2634338e-13],1301,-25,[14.45540831]
[17.03100031],[-1.2634338e-13],1301,-25,[14.45540831]
[17.03100031],[-1.2634338e-13],1301,-25,[14.45540831]
[17.03100031],[-1.2634338e-13],1301,-25,[14.45540831]
[17.03100031],[-1.2634338e-13],1301,-25,[14.45540831]
[17.03100031],[-1.2634338e-13],1301,-25,[14.45540831]
[17.03100031],[-1.2634338e-13],1301,-25,[14.45540831]
[17.03100031],[-1.2634338e-13],1301,-25,[14.45540831]
[17.03100031],[-1.2634338e-13],1301,-25,[14.45540831]
[17.03100031],[-1.2634338e-13],1301,-25,[14.45540831]
[17.03100031],[-1.2634338e-13],1301,-25,[14.45540831]
[17.03100031],[-1.2634338e-13],1301,-25,[14.45540831]
[17.03100031],[-1.2634338e-13],1301,-25,[14.45540831]
[17.03100031],[-1.2634338e-13],1301,-25,[14.45540831]
[17.03100031],[-1.2634338e-13],1301,-25,[14.45540831]
[17.03100031],[-1.2634338e-13],1301,-25,[14.45540831]
[17.03100031],[-1.2634338e-13],1301,-25,[14.45540831]
[17.03100031],[-1.2634338e-13],1301,-25,[14.45540831]
[17.03100031],[-1.2634338e-13],1301,-25,[14.45540831]
[17.03100031],[-1.2634338e-13],1301,-25,[14.45540831]
[17.03100031],[-1.2634338e-13],1301,-25,[14.45540831]
[17.03100031],[-1.2634338e-13],1301,-25,[14.45540831]
[17.03100031],[-1.2634338e-13],1301,-25,[14.45540831]
[17.03100031],[-1.2634338e-13],1301,-25,[14.45540831]
[17.03100031],[-1.2634338e-13],1301,-25,[14.45540831]
[17.03100031],[-1.2634338e-13],1301,-25,[14.45540831]
[17.03100031],[-1.2634338e-13],1301,-25,[14.45540831]
[17.03100031],[-1.2634338e-13],1301,-25,[14.45540831]
[17.03100031],[-1.2634338e-13],1301,-25,[14.45540831]
[17.03100031],[-1.2634338e-13],1301,-25,[14.45540831]
[17.03100031],[-1.2634338e-13],1301,-25,[14.45540831]
[17.03100031],[-1.2634338e-13],1301,-25,[14.45540831]
[17.03100031],[-1.2634338e-13],1301,-25,[14.45540831]
[17.03100031],[-1.2634338e-13],1301,-25,[14.45540831]
[17.03100031],[-1.2634338e-13],1301,-25,[14.45540831]
[17.03100031],[-1.2634338e-13],1301,-25,[14.45540831]
[17.03100031],[-1.2634338e-13],1301,-25,[14.45540831]
[17.03100031],[-1.2634338e-13],1301,-25,[14.45540831]
[17.03100031],[-1.2634338e-13],1301,-25,[14.45540831]
[17.03100031],[-1.2634338e-13],1301,-25,[14.45540831]
[17.03100031],[-1.2634338e-13],1301,-25,[14.45540831]
[17.03100031],[-1.2634338e-13],1301,-25,[14.45540831]
[17.03100031],[-1.2634338e-13],1301,-25,[14.45540831]
[17.03100031],[-1.2634338e-13],1301,-25,[14.45540831]
[17.03100031],[-1.2634338e-13],1301,-25,[14.45540831]
[17.03100031],[-1.2634338e-13],1301,-25,[14.45540831]
[17.03100031],[-1.2634338e-13],1301,-25,[14.45540831]
[17.03100031],[-1.2634338e-13],1301,-25,[14.45540831]
[17.03100031],[-1.2634338e-13],1301,-25,[14.45540831]
[17.03100031],[-1.2634338e-13],1301,-25,[14.45540831]
[17.03100031],[-1.2634338e-13],1301,-25,[14.45540831]
[17.03100031],[-1.2634338e-13],1301,-25,[14.45540831]
[17.03100031],[-1.2634338e-13],1301,-25,[14.45540831]
[17.03100031],[-1.2634338e-13],1301,-25,[14.45540831]
[17.03100031],[-1.2634338e-13],1301,-25,[14.45540831]
[17.03100031],[-1.2634338e-13],1301,-25,[14.45540831]
[17.03100031],[-1.2634338e-13],1301,-25,[14.45540831]
[17.03100031],[-1.2634338e-13],1301,-25,[14.45540831]
[17.03100031],[-1.2634338e-13],1301,-25,[14.45540831]
[17.03100031],[-1.2634338e-13],1301,-25,[14.45540831]
[17.03100031],[-1.2634338e-13],1301,-25,[14.45540831]
[17.03100031],[-1.2634338e-13],1301,-25,[14.45540831]
[17.03100031],[-1.2634338e-13],1301,-25,[14.45540831]
[17.03100031],[-1.2634338e-13],1301,-25,[14.45540831]
[17.03100031],[-1.2634338e-13],1301,-25,[14.45540831]
[17.03100031],[-1.2634338e-13],1301,-25,[14.45540831]
[17.03100031],[-1.2634338e-13],1301,-25,[14.45540831]
[17.03100031],[-1.2634338e-13],1301,-25,[14.45540831]
[17.03100031],[-1.2634338e-13],1301,-25,[14.45540831]
[17.03100031],[-1.2634338e-13],1301,-25,[14.45540831]
[17.03100031],[-1.2634338e-13],1301,-25,[14.45540831]
[17.03100031],[-1.2634338e-13],1301,-25,[14.45540831]
[17.03100031],[-1.2634338e-13],1301,-25,[14.45540831]
[17.03100031],[-1.2634338e-13],1301,-25,[14.45540831]
[17.03100031],[-1.2634338e-13],1301,-25,[14.45540831]
[17.03100031],[-1.2634338e-13],1301,-25,[14.45540831]
[17.03100031],[-1.2634338e-13],1301,-25,[14.45540831]
[17.03100031],[-1.2634338e-13],1301,-25,[14.45540831]
[17.03100031],[-1.2634338e-13],1301,-25,[14.45540831]
[17.03100031],[-1.2634338e-13],1301,-25,[14.45540831]
[17.03100031],[-1.2634338e-13],1301,-25,[14.45540831]
[17.03100031],[-1.2634338e-13],1301,-25,[14.45540831]
[17.03100031],[-1.2634338e-13],1301,-25,[14.45540831]
[17.03100031],[-1.2634338e-13],1301,-25,[14.45540831]
[17.03100031],[-1.2634338e-13],1301,-25,[14.45540831]
[17.03100031],[-1.2634338e-13],1301,-25,[14.45540831]
[17.03100031],[-1.2634338e-13],1301,-25,[14.45540831]
[17.03100031],[-1.2634338e-13],1301,-25,[14.45540831]
[17.03100031],[-1.2634338e-13],1301,-25,[14.45540831]
[17.03100031],[-1.2634338e-13],1301,-25,[14.45540831]
[17.03100031],[-1.2634338e-13],1301,-25,[14.45540831]
[17.03100031],[-1.2634338e-13],1301,-25,[14.45540831]
[17.03100031],[-1.2634338e-13],1301,-25,[14.45540831]
[17.03100031],[-1.2634338e-13],1301,-25,[14.45540831]
[17.03100031],[-1.2634338e-13],1301,-25,[14.45540831]
[17.03100031],[-1.2634338e-13],1301,-25,[14.45540831]
[17.03100031],[-1.2634338e-13],1301,-25,[14.45540831]
[17.03100031],[-1.2634338e-13],1301,-25,[14.45540831]
[17.03100031],[-1.2634338e-13],1301,-25,[14.45540831]
[17.03100031],[-1.2634338e-13],1301,-25,[14.45540831]
[17.03100031],[-1.2634338e-13],1301,-25,[14.45540831]
[17.03100031],[-1.2634338e-13],1301,-25,[14.45540831]
[17.03100031],[-1.2634338e-13],1301,-25,[14.45540831]
[17.03100031],[-1.2634338e-13],1301,-25,[14.45540831]
[17.03100031],[-1.2634338e-13],1301,-25,[14.45540831]
[17.03100031],[-1.2634338e-13],1301,-25,[14.45540831]
[17.03100031],[-1.2634338e-13],1301,-25,[14.45540831]
[17.03100031],[-1.2634338e-13],1301,-25,[14.45540831]
[17.03100031],[-1.2634338e-13],1301,-25,[14.45540831]
[17.03100031],[-1.2634338e-13],1301,-25,[14.45540831]
[17.03100031],[-1.2634338e-13],1301,-25,[14.45540831]
[17.03100031],[-1.2634338e-13],1301,-25,[14.45540831]
[17.03100031],[-1.2634338e-13],1301,-25,[14.45540831]
[17.03100031],[-1.2634338e-13],1301,-25,[14.45540831]
[17.03100031],[-1.2634338e-13],1301,-25,[14.45540831]
[17.03100031],[-1.2634338e-13],1301,-25,[14.45540831]
[17.03100031],[-1.2634338e-13],1301,-25,[14.45540831]
[17.03100031],[-1.2634338e-13],1301,-25,[14.45540831]
[17.03100031],[-1.2634338e-13],1301,-25,[14.45540831]
[17.03100031],[-1.2634338e-13],1301,-25,[14.45540831]
[17.03100031],[-1.2634338e-13],1301,-25,[14.45540831]
[17.03100031],[-1.2634338e-13],1301,-25,[14.45540831]
[17.03100031],[-1.2634338e-13],1301,-25,[14.45540831]
[17.03100031],[-1.2634338e-13],1301,-25,[14.45540831]
[17.03100031],[-1.2634338e-13],1301,-25,[14.45540831]
[17.03100031],[-1.2634338e-13],1301,-25,[14.45540831]
[17.03100031],[-1.2634338e-13],1301,-25,[14.45540831]
[17.03100031],[-1.2634338e-13],1301,-25,[14.45540831]
[17.03100031],[-1.2634338e-13],1301,-25,[14.45540831]
[17.03100031],[-1.2634338e-13],1301,-25,[14.45540831]
[17.03100031],[-1.2634338e-13],1301,-25,[14.45540831]
[17.03100031],[-1.2634338e-13],1301,-25,[14.45540831]
[17.03100031],[-1.2634338e-13],1301,-25,[14.45540831]
[17.03100031],[-1.2634338e-13],1301,-25,[14.45540831]
[17.03100031],[-1.2634338e-13],1301,-25,[14.45540831]
[17.03100031],[-1.2634338e-13],1301,-25,[14.45540831]
[17.03100031],[-1.2634338e-13],1301,-25,[14.45540831]
[17.03100031],[-1.2634338e-13],1301,-25,[14.45540831]
[17.03100031],[-1.2634338e-13],1301,-25,[14.45540831]
[17.03100031],[-1.2634338e-13],1301,-25,[14.45540831]
[17.03100031],[-1.2634338e-13],1301,-25,[14.45540831]
[17.03100031],[-1.2634338e-13],1301,-25,[14.45540831]
[17.03100031],[-1.2634338e-13],1301,-25,[14.45540831]
[17.03100031],[-1.2634338e-13],1301,-25,[14.45540831]
[17.03100031],[-1.2634338e-13],1301,-25,[14.45540831]
[17.03100031],[-1.2634338e-13],1301,-25,[14.45540831]
[17.03100031],[-1.2634338e-13],1301,-25,[14.45540831]
[17.03100031],[-1.2634338e-13],1301,-25,[14.45540831]
[17.03100031],[-1.2634338e-13],1301,-25,[14.45540831]
[17.03100031],[-1.2634338e-13],1301,-25,[14.45540831]
[17.03100031],[-1.2634338e-13],1301,-25,[14.45540831]
[17.03100031],[-1.2634338e-13],1301,-25,[14.45540831]
[17.03100031],[-1.2634338e-13],1301,-25,[14.45540831]
[17.03100031],[-1.2634338e-13],1301,-25,[14.45540831]
[17.03100031],[-1.2634338e-13],1301,-25,[14.45540831]
[17.03100031],[-1.2634338e-13],1301,-25,[14.45540831]
[17.03100031],[-1.2634338e-13],1301,-25,[14.45540831]
[17.03100031],[-1.2634338e-13],1301,-25,[14.45540831]
[17.03100031],[-1.2634338e-13],1301,-25,[14.45540831]
[17.03100031],[-1.2634338e-13],1301,-25,[14.45540831]
[17.03100031],[-1.2634338e-13],1301,-25,[14.45540831]
[17.03100031],[-1.2634338e-13],1301,-25,[14.45540831]
[17.03100031],[-1.2634338e-13],1301,-25,[14.45540831]
[17.03100031],[-1.2634338e-13],1301,-25,[14.45540831]
[17.03100031],[-1.2634338e-13],1301,-25,[14.45540831]
[17.03100031],[-1.2634338e-13],1301,-25,[14.45540831]
[17.03100031],[-1.2634338e-13],1301,-25,[14.45540831]
[17.03100031],[-1.2634338e-13],1301,-25,[14.45540831]
[17.03100031],[-1.2634338e-13],1301,-25,[14.45540831]
[17.03100031],[-1.2634338e-13],1301,-25,[14.45540831]
[17.03100031],[-1.2634338e-13],1301,-25,[14.45540831]
[17.03100031],[-1.2634338e-13],1301,-25,[14.45540831]
[17.03100031],[-1.2634338e-13],1301,-25,[14.45540831]
[17.03100031],[-1.2634338e-13],1301,-25,[14.45540831]
[17.03100031],[-1.2634338e-13],1301,-25,[14.45540831]
[17.03100031],[-1.2634338e-13],1301,-25,[14.45540831]
[17.03100031],[-1.2634338e-13],1301,-25,[14.45540831]
[17.03100031],[-1.2634338e-13],1301,-25,[14.45540831]
[17.03100031],[-1.2634338e-13],1301,-25,[14.45540831]
[17.03100031],[-1.2634338e-13],1301,-25,[14.45540831]
[17.03100031],[-1.2634338e-13],1301,-25,[14.45540831]
[17.03100031],[-1.2634338e-13],1301,-25,[14.45540831]
[17.03100031],[-1.2634338e-13],1301,-25,[14.45540831]
[17.03100031],[-1.2634338e-13],1301,-25,[14.45540831]
[17.03100031],[-1.2634338e-13],1301,-25,[14.45540831]
[17.03100031],[-1.2634338e-13],1301,-25,[14.45540831]
[17.03100031],[-1.2634338e-13],1301,-25,[14.45540831]
[17.03100031],[-1.2634338e-13],1301,-25,[14.45540831]
[17.03100031],[-1.2634338e-13],1301,-25,[14.45540831]
[17.03100031],[-1.2634338e-13],1301,-25,[14.45540831]
[17.03100031],[-1.2634338e-13],1301,-25,[14.45540831]
[17.03100031],[-1.2634338e-13],1301,-25,[14.45540831]
[17.03100031],[-1.2634338e-13],1301,-25,[14.45540831]
[17.03100031],[-1.2634338e-13],1301,-25,[14.45540831]
[17.03100031],[-1.2634338e-13],1301,-25,[14.45540831]
[17.03100031],[-1.2634338e-13],1301,-25,[14.45540831]
[17.03100031],[-1.2634338e-13],1301,-25,[14.45540831]
[17.03100031],[-1.2634338e-13],1301,-25,[14.45540831]
[17.03100031],[-1.2634338e-13],1301,-25,[14.45540831]
[17.03100031],[-1.2634338e-13],1301,-25,[14.45540831]
[17.03100031],[-1.2634338e-13],1301,-25,[14.45540831]
[17.03100031],[-1.2634338e-13],1301,-25,[14.45540831]
[17.03100031],[-1.2634338e-13],1301,-25,[14.45540831]
[17.03100031],[-1.2634338e-13],1301,-25,[14.45540831]
[17.03100031],[-1.2634338e-13],1301,-25,[14.45540831]
[17.03100031],[-1.2634338e-13],1301,-25,[14.45540831]
[17.03100031],[-1.2634338e-13],1301,-25,[14.45540831]
[17.03100031],[-1.2634338e-13],1301,-25,[14.45540831]
[17.03100031],[-1.2634338e-13],1301,-25,[14.45540831]
[17.03100031],[-1.2634338e-13],1301,-25,[14.45540831]
[17.03100031],[-1.2634338e-13],1301,-25,[14.45540831]
[17.03100031],[-1.2634338e-13],1301,-25,[14.45540831]
[17.03100031],[-1.2634338e-13],1301,-25,[14.45540831]
[17.03100031],[-1.2634338e-13],1301,-25,[14.45540831]
[17.03100031],[-1.2634338e-13],1301,-25,[14.45540831]
[17.03100031],[-1.2634338e-13],1301,-25,[14.45540831]
[17.03100031],[-1.2634338e-13],1301,-25,[14.45540831]
[17.03100031],[-1.2634338e-13],1301,-25,[14.45540831]
[17.03100031],[-1.2634338e-13],1301,-25,[14.45540831]
[17.03100031],[-1.2634338e-13],1301,-25,[14.45540831]
[17.03100031],[-1.2634338e-13],1301,-25,[14.45540831]
[17.03100031],[-1.2634338e-13],1301,-25,[14.45540831]
[17.03100031],[-1.2634338e-13],1301,-25,[14.45540831]
[17.03100031],[-1.2634338e-13],1301,-25,[14.45540831]
[17.03100031],[-1.2634338e-13],1301,-25,[14.45540831]
[17.03100031],[-1.2634338e-13],1301,-25,[14.45540831]
[17.03100031],[-1.2634338e-13],1301,-25,[14.45540831]
[17.03100031],[-1.2634338e-13],1301,-25,[14.45540831]
[17.03100031],[-1.2634338e-13],1301,-25,[14.45540831]
[17.03100031],[-1.2634338e-13],1301,-25,[14.45540831]
[17.03100031],[-1.2634338e-13],1301,-25,[14.45540831]
[17.03100031],[-1.2634338e-13],1301,-25,[14.45540831]
[17.03100031],[-1.2634338e-13],1301,-25,[14.45540831]
[17.03100031],[-1.2634338e-13],1301,-25,[14.45540831]
[17.03100031],[-1.2634338e-13],1301,-25,[14.45540831]
[17.03100031],[-1.2634338e-13],1301,-25,[14.45540831]
[17.03100031],[-1.2634338e-13],1301,-25,[14.45540831]
[17.03100031],[-1.2634338e-13],1301,-25,[14.45540831]
[17.03100031],[-1.2634338e-13],1301,-25,[14.45540831]
[17.03100031],[-1.2634338e-13],1301,-25,[14.45540831]
[17.03100031],[-1.2634338e-13],1301,-25,[14.45540831]
[17.03100031],[-1.2634338e-13],1301,-25,[14.45540831]
[17.03100031],[-1.2634338e-13],1301,-25,[14.45540831]
[17.03100031],[-1.2634338e-13],1301,-25,[14.45540831]
[17.03100031],[-1.2634338e-13],1301,-25,[14.45540831]
[17.03100031],[-1.2634338e-13],1301,-25,[14.45540831]
[17.03100031],[-1.2634338e-13],1301,-25,[14.45540831]
[17.03100031],[-1.2634338e-13],1301,-25,[14.45540831]
[17.03100031],[-1.2634338e-13],1301,-25,[14.45540831]
[17.03100031],[-1.2634338e-13],1301,-25,[14.45540831]
[17.03100031],[-1.2634338e-13],1301,-25,[14.45540831]
[17.03100031],[-1.2634338e-13],1301,-25,[14.45540831]
[17.03100031],[-1.2634338e-13],1301,-25,[14.45540831]
[17.03100031],[-1.2634338e-13],1301,-25,[14.45540831]
[17.03100031],[-1.2634338e-13],1301,-25,[14.45540831]
[17.03100031],[-1.2634338e-13],1301,-25,[14.45540831]
[17.03100031],[-1.2634338e-13],1301,-25,[14.45540831]
[17.03100031],[-1.2634338e-13],1301,-25,[14.45540831]
[17.03100031],[-1.2634338e-13],1301,-25,[14.45540831]
[17.03100031],[-1.2634338e-13],1301,-25,[14.45540831]
[17.03100031],[-1.2634338e-13],1301,-25,[14.45540831]
[17.03100031],[-1.2634338e-13],1301,-25,[14.45540831]
[17.03100031],[-1.2634338e-13],1301,-25,[14.45540831]
[17.03100031],[-1.2634338e-13],1301,-25,[14.45540831]
[17.03100031],[-1.2634338e-13],1301,-25,[14.45540831]
[17.03100031],[-1.2634338e-13],1301,-25,[14.45540831]
[17.03100031],[-1.2634338e-13],1301,-25,[14.45540831]
[17.03100031],[-1.2634338e-13],1301,-25,[14.45540831]
[17.03100031],[-1.2634338e-13],1301,-25,[14.45540831]
[17.03100031],[-1.2634338e-13],1301,-25,[14.45540831]
[17.03100031],[-1.2634338e-13],1301,-25,[14.45540831]
[17.03100031],[-1.2634338e-13],1301,-25,[14.45540831]
[17.03100031],[-1.2634338e-13],1301,-25,[14.45540831]
[17.03100031],[-1.2634338e-13],1301,-25,[14.45540831]
[17.03100031],[-1.2634338e-13],1301,-25,[14.45540831]
[17.03100031],[-1.2634338e-13],1301,-25,[14.45540831]
[17.03100031],[-1.2634338e-13],1301,-25,[14.45540831]
[17.03100031],[-1.2634338e-13],1301,-25,[14.45540831]
[17.03100031],[-1.2634338e-13],1301,-25,[14.45540831]
[17.03100031],[-1.2634338e-13],1301,-25,[14.45540831]
[17.03100031],[-1.2634338e-13],1301,-25,[14.45540831]
[17.03100031],[-1.2634338e-13],1301,-25,[14.45540831]
[17.03100031],[-1.2634338e-13],1301,-25,[14.45540831]
[17.03100031],[-1.2634338e-13],1301,-25,[14.45540831]
[17.03100031],[-1.2634338e-13],1301,-25,[14.45540831]
[17.03100031],[-1.2634338e-13],1301,-25,[14.45540831]
[17.03100031],[-1.2634338e-13],1301,-25,[14.45540831]
[17.03100031],[-1.2634338e-13],1301,-25,[14.45540831]
[17.03100031],[-1.2634338e-13],1301,-25,[14.45540831]
[17.03100031],[-1.2634338e-13],1301,-25,[14.45540831]
[17.03100031],[-1.2634338e-13],1301,-25,[14.45540831]
[17.03100031],[-1.2634338e-13],1301,-25,[14.45540831]
[17.03100031],[-1.2634338e-13],1301,-25,[14.45540831]
[17.03100031],[-1.2634338e-13],1301,-25,[14.45540831]
[17.03100031],[-1.2634338e-13],1301,-25,[14.45540831]
[17.03100031],[-1.2634338e-13],1301,-25,[14.45540831]
[17.03100031],[-1.2634338e-13],1301,-25,[14.45540831]
[17.03100031],[-1.2634338e-13],1301,-25,[14.45540831]
[17.03100031],[-1.2634338e-13],1301,-25,[14.45540831]
[17.03100031],[-1.2634338e-13],1301,-25,[14.45540831]
[17.03100031],[-1.2634338e-13],1301,-25,[14.45540831]
[17.03100031],[-1.2634338e-13],1301,-25,[14.45540831]
[17.03100031],[-1.2634338e-13],1301,-25,[14.45540831]
[17.03100031],[-1.2634338e-13],1301,-25,[14.45540831]
[17.03100031],[-1.2634338e-13],1301,-25,[14.45540831]
[17.03100031],[-1.2634338e-13],1301,-25,[14.45540831]
[17.03100031],[-1.2634338e-13],1301,-25,[14.45540831]
[17.03100031],[-1.2634338e-13],1301,-25,[14.45540831]
[17.03100031],[-1.2634338e-13],1301,-25,[14.45540831]
[17.03100031],[-1.2634338e-13],1301,-25,[14.45540831]
[17.03100031],[-1.2634338e-13],1301,-25,[14.45540831]
[17.03100031],[-1.2634338e-13],1301,-25,[14.45540831]
[17.03100031],[-1.2634338e-13],1301,-25,[14.45540831]
[17.03100031],[-1.2634338e-13],1301,-25,[14.45540831]
[17.03100031],[-1.2634338e-13],1301,-25,[14.45540831]
[17.03100031],[-1.2634338e-13],1301,-25,[14.45540831]
[17.03100031],[-1.2634338e-13],1301,-25,[14.45540831]
[17.03100031],[-1.2634338e-13],1301,-25,[14.45540831]
[17.03100031],[-1.2634338e-13],1301,-25,[14.45540831]
[17.03100031],[-1.2634338e-13],1301,-25,[14.45540831]
[17.03100031],[-1.2634338e-13],1301,-25,[14.45540831]
[17.03100031],[-1.2634338e-13],1301,-25,[14.45540831]
[17.03100031],[-1.2634338e-13],1301,-25,[14.45540831]
[17.03100031],[-1.2634338e-13],1301,-25,[14.45540831]
[17.03100031],[-1.2634338e-13],1301,-25,[14.45540831]
[17.03100031],[-1.2634338e-13],1301,-25,[14.45540831]
[17.03100031],[-1.2634338e-13],1301,-25,[14.45540831]
[17.03100031],[-1.2634338e-13],1301,-25,[14.45540831]
[17.03100031],[-1.2634338e-13],1301,-25,[14.45540831]
[17.03100031],[-1.2634338e-13],1301,-25,[14.45540831]
[17.03100031],[-1.2634338e-13],1301,-25,[14.45540831]
[17.03100031],[-1.2634338e-13],1301,-25,[14.45540831]
[17.03100031],[-1.2634338e-13],1301,-25,[14.45540831]
[17.03100031],[-1.2634338e-13],1301,-25,[14.45540831]
[17.03100031],[-1.2634338e-13],1301,-25,[14.45540831]
[17.03100031],[-1.2634338e-13],1301,-25,[14.45540831]
[17.03100031],[-1.2634338e-13],1301,-25,[14.45540831]
[17.03100031],[-1.2634338e-13],1301,-25,[14.45540831]
[17.03100031],[-1.2634338e-13],1301,-25,[14.45540831]
[17.03100031],[-1.2634338e-13],1301,-25,[14.45540831]
[17.03100031],[-1.2634338e-13],1301,-25,[14.45540831]
[17.03100031],[-1.2634338e-13],1301,-25,[14.45540831]
[17.03100031],[-1.2634338e-13],1301,-25,[14.45540831]
[17.03100031],[-1.2634338e-13],1301,-25,[14.45540831]
[17.03100031],[-1.2634338e-13],1301,-25,[14.45540831]
[17.03100031],[-1.2634338e-13],1301,-25,[14.45540831]
[17.03100031],[-1.2634338e-13],1301,-25,[14.45540831]
[17.03100031],[-1.2634338e-13],1301,-25,[14.45540831]
[17.03100031],[-1.2634338e-13],1301,-25,[14.45540831]
[17.03100031],[-1.2634338e-13],1301,-25,[14.45540831]
[17.03100031],[-1.2634338e-13],1301,-25,[14.45540831]
[17.03100031],[-1.2634338e-13],1301,-25,[14.45540831]
[17.03100031],[-1.2634338e-13],1301,-25,[14.45540831]
[17.03100031],[-1.2634338e-13],1301,-25,[14.45540831]
[17.03100031],[-1.2634338e-13],1301,-25,[14.45540831]
[17.03100031],[-1.2634338e-13],1301,-25,[14.45540831]
[17.03100031],[-1.2634338e-13],1301,-25,[14.45540831]
[17.03100031],[-1.2634338e-13],1301,-25,[14.45540831]
[17.03100031],[-1.2634338e-13],1301,-25,[14.45540831]
[17.03100031],[-1.2634338e-13],1301,-25,[14.45540831]
[17.03100031],[-1.2634338e-13],1301,-25,[14.45540831]
[17.03100031],[-1.2634338e-13],1301,-25,[14.45540831]
[17.03100031],[-1.2634338e-13],1301,-25,[14.45540831]
[17.03100031],[-1.2634338e-13],1301,-25,[14.45540831]
[17.03100031],[-1.2634338e-13],1301,-25,[14.45540831]
[17.03100031],[-1.2634338e-13],1301,-25,[14.45540831]
[17.03100031],[-1.2634338e-13],1301,-25,[14.45540831]
[17.03100031],[-1.2634338e-13],1301,-25,[14.45540831]
[17.03100031],[-1.2634338e-13],1301,-25,[14.45540831]
[17.03100031],[-1.2634338e-13],1301,-25,[14.45540831]
[17.03100031],[-1.2634338e-13],1301,-25,[14.45540831]
[17.03100031],[-1.2634338e-13],1301,-25,[14.45540831]
[17.03100031],[-1.2634338e-13],1301,-25,[14.45540831]
[17.03100031],[-1.2634338e-13],1301,-25,[14.45540831]
[17.03100031],[-1.2634338e-13],1301,-25,[14.45540831]
[17.03100031],[-1.2634338e-13],1301,-25,[14.45540831]
[17.03100031],[-1.2634338e-13],1301,-25,[14.45540831]
[17.03100031],[-1.2634338e-13],1301,-25,[14.45540831]
[17.03100031],[-1.2634338e-13],1301,-25,[14.45540831]
[17.03100031],[-1.2634338e-13],1301,-25,[14.45540831]
[17.03100031],[-1.2634338e-13],1301,-25,[14.45540831]
[17.03100031],[-1.2634338e-13],1301,-25,[14.45540831]
[17.03100031],[-1.2634338e-13],1301,-25,[14.45540831]
[17.03100031],[-1.2634338e-13],1301,-25,[14.45540831]
[17.03100031],[-1.2634338e-13],1301,-25,[14.45540831]
[17.03100031],[-1.2634338e-13],1301,-25,[14.45540831]
[17.03100031],[-1.2634338e-13],1301,-25,[14.45540831]
[17.03100031],[-1.2634338e-13],1301,-25,[14.45540831]
[17.03100031],[-1.2634338e-13],1301,-25,[14.45540831]
[17.03100031],[-1.2634338e-13],1301,-25,[14.45540831]
[17.03100031],[-1.2634338e-13],1301,-25,[14.45540831]
[17.03100031],[-1.2634338e-13],1301,-25,[14.45540831]
[17.03100031],[-1.2634338e-13],1301,-25,[14.45540831]
[17.03100031],[-1.2634338e-13],1301,-25,[14.45540831]
[17.03100031],[-1.2634338e-13],1301,-25,[14.45540831]
[17.03100031],[-1.2634338e-13],1301,-25,[14.45540831]
[17.03100031],[-1.2634338e-13],1301,-25,[14.45540831]
[17.03100031],[-1.2634338e-13],1301,-25,[14.45540831]
[17.03100031],[-1.2634338e-13],1301,-25,[14.45540831]
[17.03100031],[-1.2634338e-13],1301,-25,[14.45540831]
[17.03100031],[-1.2634338e-13],1301,-25,[14.45540831]
[17.03100031],[-1.2634338e-13],1301,-25,[14.45540831]
[17.03100031],[-1.2634338e-13],1301,-25,[14.45540831]
[17.03100031],[-1.2634338e-13],1301,-25,[14.45540831]
[17.03100031],[-1.2634338e-13],1301,-25,[14.45540831]
[17.03100031],[-1.2634338e-13],1301,-25,[14.45540831]
[17.03100031],[-1.2634338e-13],1301,-25,[14.45540831]
[17.03100031],[-1.2634338e-13],1301,-25,[14.45540831]
[17.03100031],[-1.2634338e-13],1301,-25,[14.45540831]
[17.03100031],[-1.2634338e-13],1301,-25,[14.45540831]
[17.03100031],[-1.2634338e-13],1301,-25,[14.45540831]
[17.03100031],[-1.2634338e-13],1301,-25,[14.45540831]
[17.03100031],[-1.2634338e-13],1301,-25,[14.45540831]
[17.03100031],[-1.2634338e-13],1301,-25,[14.45540831]
[17.03100031],[-1.2634338e-13],1301,-25,[14.45540831]
[17.03100031],[-1.2634338e-13],1301,-25,[14.45540831]
[17.03100031],[-1.2634338e-13],1301,-25,[14.45540831]
[17.03100031],[-1.2634338e-13],1301,-25,[14.45540831]
[17.03100031],[-1.2634338e-13],1301,-25,[14.45540831]
[17.03100031],[-1.2634338e-13],1301,-25,[14.45540831]
[17.03100031],[-1.2634338e-13],1301,-25,[14.45540831]
[17.03100031],[-1.2634338e-13],1301,-25,[14.45540831]
[17.03100031],[-1.2634338e-13],1301,-25,[14.45540831]
[17.03100031],[-1.2634338e-13],1301,-25,[14.45540831]
[17.03100031],[-1.2634338e-13],1301,-25,[14.45540831]
[17.03100031],[-1.2634338e-13],1301,-25,[14.45540831]
[17.03100031],[-1.2634338e-13],1301,-25,[14.45540831]
[17.03100031],[-1.2634338e-13],1301,-25,[14.45540831]
[17.03100031],[-1.2634338e-13],1301,-25,[14.45540831]
[17.03100031],[-1.2634338e-13],1301,-25,[14.45540831]
[17.03100031],[-1.2634338e-13],1301,-25,[14.45540831]
[17.03100031],[-1.2634338e-13],1301,-25,[14.45540831]
[17.03100031],[-1.2634338e-13],1301,-25,[14.45540831]
[17.03100031],[-1.2634338e-13],1301,-25,[14.45540831]
[17.03100031],[-1.2634338e-13],1301,-25,[14.45540831]
[17.03100031],[-1.2634338e-13],1301,-25,[14.45540831]
[17.03100031],[-1.2634338e-13],1301,-25,[14.45540831]
[17.03100031],[-1.2634338e-13],1301,-25,[14.45540831]
[17.03100031],[-1.2634338e-13],1301,-25,[14.45540831]
[17.03100031],[-1.2634338e-13],1301,-25,[14.45540831]
[17.03100031],[-1.2634338e-13],1301,-25,[14.45540831]
[17.03100031],[-1.2634338e-13],1301,-25,[14.45540831]
[17.03100031],[-1.2634338e-13],1301,-25,[14.45540831]
[17.03100031],[-1.2634338e-13],1301,-25,[14.45540831]
[17.03100031],[-1.2634338e-13],1301,-25,[14.45540831]
[17.03100031],[-1.2634338e-13],1301,-25,[14.45540831]
[17.03100031],[-1.2634338e-13],1301,-25,[14.45540831]
[17.03100031],[-1.2634338e-13],1301,-25,[14.45540831]
[17.03100031],[-1.2634338e-13],1301,-25,[14.45540831]
[17.03100031],[-1.2634338e-13],1301,-25,[14.45540831]
[17.03100031],[-1.2634338e-13],1301,-25,[14.45540831]
[17.03100031],[-1.2634338e-13],1301,-25,[14.45540831]
[17.03100031],[-1.2634338e-13],1301,-25,[14.45540831]
[17.03100031],[-1.2634338e-13],1301,-25,[14.45540831]
[17.03100031],[-1.2634338e-13],1301,-25,[14.45540831]
[17.03100031],[-1.2634338e-13],1301,-25,[14.45540831]
[17.03100031],[-1.2634338e-13],1301,-25,[14.45540831]
[17.03100031],[-1.2634338e-13],1301,-25,[14.45540831]
[17.03100031],[-1.2634338e-13],1301,-25,[14.45540831]
[17.03100031],[-1.2634338e-13],1301,-25,[14.45540831]
[17.03100031],[-1.2634338e-13],1301,-25,[14.45540831]
[17.03100031],[-1.2634338e-13],1301,-25,[14.45540831]
[17.03100031],[-1.2634338e-13],1301,-25,[14.45540831]
[17.03100031],[-1.2634338e-13],1301,-25,[14.45540831]
[17.03100031],[-1.2634338e-13],1301,-25,[14.45540831]
[17.03100031],[-1.2634338e-13],1301,-25,[14.45540831]
[17.03100031],[-1.2634338e-13],1301,-25,[14.45540831]
[17.03100031],[-1.2634338e-13],1301,-25,[14.45540831]
[17.03100031],[-1.2634338e-13],1301,-25,[14.45540831]
[17.03100031],[-1.2634338e-13],1301,-25,[14.45540831]
[17.03100031],[-1.2634338e-13],1301,-25,[14.45540831]
[17.03100031],[-1.2634338e-13],1301,-25,[14.45540831]
[17.03100031],[-1.2634338e-13],1301,-25,[14.45540831]
[17.03100031],[-1.2634338e-13],1301,-25,[14.45540831]
[17.03100031],[-1.2634338e-13],1301,-25,[14.45540831]
[17.03100031],[-1.2634338e-13],1301,-25,[14.45540831]
[17.03100031],[-1.2634338e-13],1301,-25,[14.45540831]
[17.03100031],[-1.2634338e-13],1301,-25,[14.45540831]
[17.03100031],[-1.2634338e-13],1301,-25,[14.45540831]
[17.03100031],[-1.2634338e-13],1301,-25,[14.45540831]
[17.03100031],[-1.2634338e-13],1301,-25,[14.45540831]
[17.03100031],[-1.2634338e-13],1301,-25,[14.45540831]
[17.03100031],[-1.2634338e-13],1301,-25,[14.45540831]
[17.03100031],[-1.2634338e-13],1301,-25,[14.45540831]
[17.03100031],[-1.2634338e-13],1301,-25,[14.45540831]
[17.03100031],[-1.2634338e-13],1301,-25,[14.45540831]
[17.03100031],[-1.2634338e-13],1301,-25,[14.45540831]
[17.03100031],[-1.2634338e-13],1301,-25,[14.45540831]
[17.03100031],[-1.2634338e-13],1301,-25,[14.45540831]
[17.03100031],[-1.2634338e-13],1301,-25,[14.45540831]
[17.03100031],[-1.2634338e-13],1301,-25,[14.45540831]
[17.03100031],[-1.2634338e-13],1301,-25,[14.45540831]
[17.03100031],[-1.2634338e-13],1301,-25,[14.45540831]
[17.03100031],[-1.2634338e-13],1301,-25,[14.45540831]
[17.03100031],[-1.2634338e-13],1301,-25,[14.45540831]
[17.03100031],[-1.2634338e-13],1301,-25,[14.45540831]
[17.03100031],[-1.2634338e-13],1301,-25,[14.45540831]
[17.03100031],[-1.2634338e-13],1301,-25,[14.45540831]
[17.03100031],[-1.2634338e-13],1301,-25,[14.45540831]
[17.03100031],[-1.2634338e-13],1301,-25,[14.45540831]
[17.03100031],[-1.2634338e-13],1301,-25,[14.45540831]
[17.03100031],[-1.2634338e-13],1301,-25,[14.45540831]
[17.03100031],[-1.2634338e-13],1301,-25,[14.45540831]
[17.03100031],[-1.2634338e-13],1301,-25,[14.45540831]
[17.03100031],[-1.2634338e-13],1301,-25,[14.45540831]
[17.03100031],[-1.2634338e-13],1301,-25,[14.45540831]
[17.03100031],[-1.2634338e-13],1301,-25,[14.45540831]
[17.03100031],[-1.2634338e-13],1301,-25,[14.45540831]
[17.03100031],[-1.2634338e-13],1301,-25,[14.45540831]
[17.03100031],[-1.2634338e-13],1301,-25,[14.45540831]
[17.03100031],[-1.2634338e-13],1301,-25,[14.45540831]
[17.03100031],[-1.2634338e-13],1301,-25,[14.45540831]
[17.03100031],[-1.2634338e-13],1301,-25,[14.45540831]
[17.03100031],[-1.2634338e-13],1301,-25,[14.45540831]
[17.03100031],[-1.2634338e-13],1301,-25,[14.45540831]
[17.03100031],[-1.2634338e-13],1301,-25,[14.45540831]
[17.03100031],[-1.2634338e-13],1301,-25,[14.45540831]
[17.03100031],[-1.2634338e-13],1301,-25,[14.45540831]
[17.03100031],[-1.2634338e-13],1301,-25,[14.45540831]
[17.03100031],[-1.2634338e-13],1301,-25,[14.45540831]
[17.03100031],[-1.2634338e-13],1301,-25,[14.45540831]
[17.03100031],[-1.2634338e-13],1301,-25,[14.45540831]
[17.03100031],[-1.2634338e-13],1301,-25,[14.45540831]
[17.03100031],[-1.2634338e-13],1301,-25,[14.45540831]
[17.03100031],[-1.2634338e-13],1301,-25,[14.45540831]
[17.03100031],[-1.2634338e-13],1301,-25,[14.45540831]
[17.03100031],[-1.2634338e-13],1301,-25,[14.45540831]
[17.03100031],[-1.2634338e-13],1301,-25,[14.45540831]
[17.03100031],[-1.2634338e-13],1301,-25,[14.45540831]
[17.03100031],[-1.2634338e-13],1301,-25,[14.45540831]
[17.03100031],[-1.2634338e-13],1301,-25,[14.45540831]
[17.03100031],[-1.2634338e-13],1301,-25,[14.45540831]
[17.03100031],[-1.2634338e-13],1301,-25,[14.45540831]
[17.03100031],[-1.2634338e-13],1301,-25,[14.45540831]
[17.03100031],[-1.2634338e-13],1301,-25,[14.45540831]
[17.03100031],[-1.2634338e-13],1301,-25,[14.45540831]
[17.03100031],[-1.2634338e-13],1301,-25,[14.45540831]
[17.03100031],[-1.2634338e-13],1301,-25,[14.45540831]
[17.03100031],[-1.2634338e-13],1301,-25,[14.45540831]
[17.03100031],[-1.2634338e-13],1301,-25,[14.45540831]
[17.03100031],[-1.2634338e-13],1301,-25,[14.45540831]
[17.03100031],[-1.2634338e-13],1301,-25,[14.45540831]
[17.03100031],[-1.2634338e-13],1301,-25,[14.45540831]
[17.03100031],[-1.2634338e-13],1301,-25,[14.45540831]
[17.03100031],[-1.2634338e-13],1301,-25,[14.45540831]
[17.03100031],[-1.2634338e-13],1301,-25,[14.45540831]
[17.03100031],[-1.2634338e-13],1301,-25,[14.45540831]
[17.03100031],[-1.2634338e-13],1301,-25,[14.45540831]
[17.03100031],[-1.2634338e-13],1301,-25,[14.45540831]
[17.03100031],[-1.2634338e-13],1301,-25,[14.45540831]
[17.03100031],[-1.2634338e-13],1301,-25,[14.45540831]
[17.03100031],[-1.2634338e-13],1301,-25,[14.45540831]
[17.03100031],[-1.2634338e-13],1301,-25,[14.45540831]
[17.03100031],[-1.2634338e-13],1301,-25,[14.45540831]
[17.03100031],[-1.2634338e-13],1301,-25,[14.45540831]
[17.03100031],[-1.2634338e-13],1301,-25,[14.45540831]
[17.03100031],[-1.2634338e-13],1301,-25,[14.45540831]
[17.03100031],[-1.2634338e-13],1301,-25,[14.45540831]
[17.03100031],[-1.2634338e-13],1301,-25,[14.45540831]
[17.03100031],[-1.2634338e-13],1301,-25,[14.45540831]
[17.03100031],[-1.2634338e-13],1301,-25,[14.45540831]
[17.03100031],[-1.2634338e-13],1301,-25,[14.45540831]
[17.03100031],[-1.2634338e-13],1301,-25,[14.45540831]
[17.03100031],[-1.2634338e-13],1301,-25,[14.45540831]
[17.03100031],[-1.2634338e-13],1301,-25,[14.45540831]
[17.03100031],[-1.2634338e-13],1301,-25,[14.45540831]
[17.03100031],[-1.2634338e-13],1301,-25,[14.45540831]
[17.03100031],[-1.2634338e-13],1301,-25,[14.45540831]
[17.03100031],[-1.2634338e-13],1301,-25,[14.45540831]
[17.03100031],[-1.2634338e-13],1301,-25,[14.45540831]
[17.03100031],[-1.2634338e-13],1301,-25,[14.45540831]
[17.03100031],[-1.2634338e-13],1301,-25,[14.45540831]
[17.03100031],[-1.2634338e-13],1301,-25,[14.45540831]
[17.03100031],[-1.2634338e-13],1301,-25,[14.45540831]
[17.03100031],[-1.2634338e-13],1301,-25,[14.45540831]
[17.03100031],[-1.2634338e-13],1301,-25,[14.45540831]
[17.03100031],[-1.2634338e-13],1301,-25,[14.45540831]
[17.03100031],[-1.2634338e-13],1301,-25,[14.45540831]
[17.03100031],[-1.2634338e-13],1301,-25,[14.45540831]
[17.03100031],[-1.2634338e-13],1301,-25,[14.45540831]
[17.03100031],[-1.2634338e-13],1301,-25,[14.45540831]
[17.03100031],[-1.2634338e-13],1301,-25,[14.45540831]
[17.03100031],[-1.2634338e-13],1301,-25,[14.45540831]
[17.03100031],[-1.2634338e-13],1301,-25,[14.45540831]
[17.03100031],[-1.2634338e-13],1301,-25,[14.45540831]
[17.03100031],[-1.2634338e-13],1301,-25,[14.45540831]
[17.03100031],[-1.2634338e-13],1301,-25,[14.45540831]
[17.03100031],[-1.2634338e-13],1301,-25,[14.45540831]
[17.03100031],[-1.2634338e-13],1301,-25,[14.45540831]
[17.03100031],[-1.2634338e-13],1301,-25,[14.45540831]
[17.03100031],[-1.2634338e-13],1301,-25,[14.45540831]
[17.03100031],[-1.2634338e-13],1301,-25,[14.45540831]
[17.03100031],[-1.2634338e-13],1301,-25,[14.45540831]
[17.03100031],[-1.2634338e-13],1301,-25,[14.45540831]
[17.03100031],[-1.2634338e-13],1301,-25,[14.45540831]
[17.03100031],[-1.2634338e-13],1301,-25,[14.45540831]
[17.03100031],[-1.2634338e-13],1301,-25,[14.45540831]
[17.03100031],[-1.2634338e-13],1301,-25,[14.45540831]
[17.03100031],[-1.2634338e-13],1301,-25,[14.45540831]
[17.03100031],[-1.2634338e-13],1301,-25,[14.45540831]
[17.03100031],[-1.2634338e-13],1301,-25,[14.45540831]
[17.03100031],[-1.2634338e-13],1301,-25,[14.45540831]
[17.03100031],[-1.2634338e-13],1301,-25,[14.45540831]
[17.03100031],[-1.2634338e-13],1301,-25,[14.45540831]
[17.03100031],[-1.2634338e-13],1301,-25,[14.45540831]
[17.03100031],[-1.2634338e-13],1301,-25,[14.45540831]
[17.03100031],[-1.2634338e-13],1301,-25,[14.45540831]
[17.03100031],[-1.2634338e-13],1301,-25,[14.45540831]
[17.03100031],[-1.2634338e-13],1301,-25,[14.45540831]
[17.03100031],[-1.2634338e-13],1301,-25,[14.45540831]
[17.03100031],[-1.2634338e-13],1301,-25,[14.45540831]
[17.03100031],[-1.2634338e-13],1301,-25,[14.45540831]
[17.03100031],[-1.2634338e-13],1301,-25,[14.45540831]
[17.03100031],[-1.2634338e-13],1301,-25,[14.45540831]
[17.03100031],[-1.2634338e-13],1301,-25,[14.45540831]
[17.03100031],[-1.2634338e-13],1301,-25,[14.45540831]
[17.03100031],[-1.2634338e-13],1301,-25,[14.45540831]
[17.03100031],[-1.2634338e-13],1301,-25,[14.45540831]
[17.03100031],[-1.2634338e-13],1301,-25,[14.45540831]
[17.03100031],[-1.2634338e-13],1301,-25,[14.45540831]
[17.03100031],[-1.2634338e-13],1301,-25,[14.45540831]
[17.03100031],[-1.2634338e-13],1301,-25,[14.45540831]
[17.03100031],[-1.2634338e-13],1301,-25,[14.45540831]
[17.03100031],[-1.2634338e-13],1301,-25,[14.45540831]
[17.03100031],[-1.2634338e-13],1301,-25,[14.45540831]
[17.03100031],[-1.2634338e-13],1301,-25,[14.45540831]
[17.03100031],[-1.2634338e-13],1301,-25,[14.45540831]
[17.03100031],[-1.2634338e-13],1301,-25,[14.45540831]
[17.03100031],[-1.2634338e-13],1301,-25,[14.45540831]
[17.03100031],[-1.2634338e-13],1301,-25,[14.45540831]
[17.03100031],[-1.2634338e-13],1301,-25,[14.45540831]
[17.03100031],[-1.2634338e-13],1301,-25,[14.45540831]
[17.03100031],[-1.2634338e-13],1301,-25,[14.45540831]
[17.03100031],[-1.2634338e-13],1301,-25,[14.45540831]
[17.03100031],[-1.2634338e-13],1301,-25,[14.45540831]
[17.03100031],[-1.2634338e-13],1301,-25,[14.45540831]
[17.03100031],[-1.2634338e-13],1301,-25,[14.45540831]
[17.03100031],[-1.2634338e-13],1301,-25,[14.45540831]
[17.03100031],[-1.2634338e-13],1301,-25,[14.45540831]
[17.03100031],[-1.2634338e-13],1301,-25,[14.45540831]
[17.03100031],[-1.2634338e-13],1301,-25,[14.45540831]
[17.03100031],[-1.2634338e-13],1301,-25,[14.45540831]
[17.03100031],[-1.2634338e-13],1301,-25,[14.45540831]
[17.03100031],[-1.2634338e-13],1301,-25,[14.45540831]
[17.03100031],[-1.2634338e-13],1301,-25,[14.45540831]
[17.03100031],[-1.2634338e-13],1301,-25,[14.45540831]
[17.03100031],[-1.2634338e-13],1301,-25,[14.45540831]
[17.03100031],[-1.2634338e-13],1301,-25,[14.45540831]
[17.03100031],[-1.2634338e-13],1301,-25,[14.45540831]
[17.03100031],[-1.2634338e-13],1301,-25,[14.45540831]
[17.03100031],[-1.2634338e-13],1301,-25,[14.45540831]
[17.03100031],[-1.2634338e-13],1301,-25,[14.45540831]
[17.03100031],[-1.2634338e-13],1301,-25,[14.45540831]
[17.03100031],[-1.2634338e-13],1301,-25,[14.45540831]
[17.03100031],[-1.2634338e-13],1301,-25,[14.45540831]
[17.03100031],[-1.2634338e-13],1301,-25,[14.45540831]
[17.03100031],[-1.2634338e-13],1301,-25,[14.45540831]
[17.03100031],[-1.2634338e-13],1301,-25,[14.45540831]
[17.03100031],[-1.2634338e-13],1301,-25,[14.45540831]
[17.03100031],[-1.2634338e-13],1301,-25,[14.45540831]
[17.03100031],[-1.2634338e-13],1301,-25,[14.45540831]
[17.03100031],[-1.2634338e-13],1301,-25,[14.45540831]
[17.03100031],[-1.2634338e-13],1301,-25,[14.45540831]
[17.03100031],[-1.2634338e-13],1301,-25,[14.45540831]
[17.03100031],[-1.2634338e-13],1301,-25,[14.45540831]
[17.03100031],[-1.2634338e-13],1301,-25,[14.45540831]
[17.03100031],[-1.2634338e-13],1301,-25,[14.45540831]
[17.03100031],[-1.2634338e-13],1301,-25,[14.45540831]
[17.03100031],[-1.2634338e-13],1301,-25,[14.45540831]
[17.03100031],[-1.2634338e-13],1301,-25,[14.45540831]
[17.03100031],[-1.2634338e-13],1301,-25,[14.45540831]
[17.03100031],[-1.2634338e-13],1301,-25,[14.45540831]
[17.03100031],[-1.2634338e-13],1301,-25,[14.45540831]
[17.03100031],[-1.2634338e-13],1301,-25,[14.45540831]
[17.03100031],[-1.2634338e-13],1301,-25,[14.45540831]
[17.03100031],[-1.2634338e-13],1301,-25,[14.45540831]
[17.03100031],[-1.2634338e-13],1301,-25,[14.45540831]
[17.03100031],[-1.2634338e-13],1301,-25,[14.45540831]
[17.03100031],[-1.2634338e-13],1301,-25,[14.45540831]
[17.03100031],[-1.2634338e-13],1301,-25,[14.45540831]
[17.03100031],[-1.2634338e-13],1301,-25,[14.45540831]
[17.03100031],[-1.2634338e-13],1301,-25,[14.45540831]
[17.03100031],[-1.2634338e-13],1301,-25,[14.45540831]
[17.03100031],[-1.2634338e-13],1301,-25,[14.45540831]
[17.03100031],[-1.2634338e-13],1301,-25,[14.45540831]
[17.03100031],[-1.2634338e-13],1301,-25,[14.45540831]
[17.03100031],[-1.2634338e-13],1301,-25,[14.45540831]
[17.03100031],[-1.2634338e-13],1301,-25,[14.45540831]
[17.03100031],[-1.2634338e-13],1301,-25,[14.45540831]
[17.03100031],[-1.2634338e-13],1301,-25,[14.45540831]
[17.03100031],[-1.2634338e-13],1301,-25,[14.45540831]
[17.03100031],[-1.2634338e-13],1301,-25,[14.45540831]
[17.03100031],[-1.2634338e-13],1301,-25,[14.45540831]
[17.03100031],[-1.2634338e-13],1301,-25,[14.45540831]
[17.03100031],[-1.2634338e-13],1301,-25,[14.45540831]
[17.03100031],[-1.2634338e-13],1301,-25,[14.45540831]
[17.03100031],[-1.2634338e-13],1301,-25,[14.45540831]
[17.03100031],[-1.2634338e-13],1301,-25,[14.45540831]
[17.03100031],[-1.2634338e-13],1301,-25,[14.45540831]
[17.03100031],[-1.2634338e-13],1301,-25,[14.45540831]
[17.03100031],[-1.2634338e-13],1301,-25,[14.45540831]
[17.03100031],[-1.2634338e-13],1301,-25,[14.45540831]
[17.03100031],[-1.2634338e-13],1301,-25,[14.45540831]
[17.03100031],[-1.2634338e-13],1301,-25,[14.45540831]
[17.03100031],[-1.2634338e-13],1301,-25,[14.45540831]
[17.03100031],[-1.2634338e-13],1301,-25,[14.45540831]
[17.03100031],[-1.2634338e-13],1301,-25,[14.45540831]
[17.03100031],[-1.2634338e-13],1301,-25,[14.45540831]
[17.03100031],[-1.2634338e-13],1301,-25,[14.45540831]
[17.03100031],[-1.2634338e-13],1301,-25,[14.45540831]
[17.03100031],[-1.2634338e-13],1301,-25,[14.45540831]
[17.03100031],[-1.2634338e-13],1301,-25,[14.45540831]
[17.03100031],[-1.2634338e-13],1301,-25,[14.45540831]
[17.03100031],[-1.2634338e-13],1301,-25,[14.45540831]
[17.03100031],[-1.2634338e-13],1301,-25,[14.45540831]
[17.03100031],[-1.2634338e-13],1301,-25,[14.45540831]
[17.03100031],[-1.2634338e-13],1301,-25,[14.45540831]
[17.03100031],[-1.2634338e-13],1301,-25,[14.45540831]
[17.03100031],[-1.2634338e-13],1301,-25,[14.45540831]
[17.03100031],[-1.2634338e-13],1301,-25,[14.45540831]
[17.03100031],[-1.2634338e-13],1301,-25,[14.45540831]
[17.03100031],[-1.2634338e-13],1301,-25,[14.45540831]
[17.03100031],[-1.2634338e-13],1301,-25,[14.45540831]
[17.03100031],[-1.2634338e-13],1301,-25,[14.45540831]
[17.03100031],[-1.2634338e-13],1301,-25,[14.45540831]
[17.03100031],[-1.2634338e-13],1301,-25,[14.45540831]
[17.03100031],[-1.2634338e-13],1301,-25,[14.45540831]
[17.03100031],[-1.2634338e-13],1301,-25,[14.45540831]
[17.03100031],[-1.2634338e-13],1301,-25,[14.45540831]
[17.03100031],[-1.2634338e-13],1301,-25,[14.45540831]
[17.03100031],[-1.2634338e-13],1301,-25,[14.45540831]
[17.03100031],[-1.2634338e-13],1301,-25,[14.45540831]
[17.03100031],[-1.2634338e-13],1301,-25,[14.45540831]
[17.03100031],[-1.2634338e-13],1301,-25,[14.45540831]
[17.03100031],[-1.2634338e-13],1301,-25,[14.45540831]
[17.03100031],[-1.2634338e-13],1301,-25,[14.45540831]
[17.03100031],[-1.2634338e-13],1301,-25,[14.45540831]
[17.03100031],[-1.2634338e-13],1301,-25,[14.45540831]
[17.03100031],[-1.2634338e-13],1301,-25,[14.45540831]
[17.03100031],[-1.2634338e-13],1301,-25,[14.45540831]
[17.03100031],[-1.2634338e-13],1301,-25,[14.45540831]
[17.03100031],[-1.2634338e-13],1301,-25,[14.45540831]
[17.03100031],[-1.2634338e-13],1301,-25,[14.45540831]
[17.03100031],[-1.2634338e-13],1301,-25,[14.45540831]
[17.03100031],[-1.2634338e-13],1301,-25,[14.45540831]
[17.03100031],[-1.2634338e-13],1301,-25,[14.45540831]
[17.03100031],[-1.2634338e-13],1301,-25,[14.45540831]
[17.03100031],[-1.2634338e-13],1301,-25,[14.45540831]
[17.03100031],[-1.2634338e-13],1301,-25,[14.45540831]
[17.03100031],[-1.2634338e-13],1301,-25,[14.45540831]
[17.03100031],[-1.2634338e-13],1301,-25,[14.45540831]
[17.03100031],[-1.2634338e-13],1301,-25,[14.45540831]
[17.03100031],[-1.2634338e-13],1301,-25,[14.45540831]
[17.03100031],[-1.2634338e-13],1301,-25,[14.45540831]
[17.03100031],[-1.2634338e-13],1301,-25,[14.45540831]
[17.03100031],[-1.2634338e-13],1301,-25,[14.45540831]
[17.03100031],[-1.2634338e-13],1301,-25,[14.45540831]
[17.03100031],[-1.2634338e-13],1301,-25,[14.45540831]
[17.03100031],[-1.2634338e-13],1301,-25,[14.45540831]
[17.03100031],[-1.2634338e-13],1301,-25,[14.45540831]
[17.03100031],[-1.2634338e-13],1301,-25,[14.45540831]
[17.03100031],[-1.2634338e-13],1301,-25,[14.45540831]
[17.03100031],[-1.2634338e-13],1301,-25,[14.45540831]
[17.03100031],[-1.2634338e-13],1301,-25,[14.45540831]
[17.03100031],[-1.2634338e-13],1301,-25,[14.45540831]
[17.03100031],[-1.2634338e-13],1301,-25,[14.45540831]
[17.03100031],[-1.2634338e-13],1301,-25,[14.45540831]
[17.03100031],[-1.2634338e-13],1301,-25,[14.45540831]
[17.03100031],[-1.2634338e-13],1301,-25,[14.45540831]
[17.03100031],[-1.2634338e-13],1301,-25,[14.45540831]
[17.03100031],[-1.2634338e-13],1301,-25,[14.45540831]
[17.03100031],[-1.2634338e-13],1301,-25,[14.45540831]
[17.03100031],[-1.2634338e-13],1301,-25,[14.45540831]
[17.03100031],[-1.2634338e-13],1301,-25,[14.45540831]
[17.03100031],[-1.2634338e-13],1301,-25,[14.45540831]
[17.03100031],[-1.2634338e-13],1301,-25,[14.45540831]
[17.03100031],[-1.2634338e-13],1301,-25,[14.45540831]
[17.03100031],[-1.2634338e-13],1301,-25,[14.45540831]
[17.03100031],[-1.2634338e-13],1301,-25,[14.45540831]
[17.03100031],[-1.2634338e-13],1301,-25,[14.45540831]
[17.03100031],[-1.2634338e-13],1301,-25,[14.45540831]
[17.03100031],[-1.2634338e-13],1301,-25,[14.45540831]
[17.03100031],[-1.2634338e-13],1301,-25,[14.45540831]
[17.03100031],[-1.2634338e-13],1301,-25,[14.45540831]
[17.03100031],[-1.2634338e-13],1301,-25,[14.45540831]
[17.03100031],[-1.2634338e-13],1301,-25,[14.45540831]
[17.03100031],[-1.2634338e-13],1301,-25,[14.45540831]
[17.03100031],[-1.2634338e-13],1301,-25,[14.45540831]
[17.03100031],[-1.2634338e-13],1301,-25,[14.45540831]
[17.03100031],[-1.2634338e-13],1301,-25,[14.45540831]
[17.03100031],[-1.2634338e-13],1301,-25,[14.45540831]
[17.03100031],[-1.2634338e-13],1301,-25,[14.45540831]
[17.03100031],[-1.2634338e-13],1301,-25,[14.45540831]
[17.03100031],[-1.2634338e-13],1301,-25,[14.45540831]
[17.03100031],[-1.2634338e-13],1301,-25,[14.45540831]
[17.03100031],[-1.2634338e-13],1301,-25,[14.45540831]
[17.03100031],[-1.2634338e-13],1301,-25,[14.45540831]
[17.03100031],[-1.2634338e-13],1301,-25,[14.45540831]
[17.03100031],[-1.2634338e-13],1301,-25,[14.45540831]
[17.03100031],[-1.2634338e-13],1301,-25,[14.45540831]
[17.03100031],[-1.2634338e-13],1301,-25,[14.45540831]
[17.03100031],[-1.2634338e-13],1301,-25,[14.45540831]
[17.03100031],[-1.2634338e-13],1301,-25,[14.45540831]
[17.03100031],[-1.2634338e-13],1301,-25,[14.45540831]
[17.03100031],[-1.2634338e-13],1301,-25,[14.45540831]
[17.03100031],[-1.2634338e-13],1301,-25,[14.45540831]
[17.03100031],[-1.2634338e-13],1301,-25,[14.45540831]
[17.03100031],[-1.2634338e-13],1301,-25,[14.45540831]
[17.03100031],[-1.2634338e-13],1301,-25,[14.45540831]
[17.03100031],[-1.2634338e-13],1301,-25,[14.45540831]
[17.03100031],[-1.2634338e-13],1301,-25,[14.45540831]
[17.03100031],[-1.2634338e-13],1301,-25,[14.45540831]
[17.03100031],[-1.2634338e-13],1301,-25,[14.45540831]
[17.03100031],[-1.2634338e-13],1301,-25,[14.45540831]
[17.03100031],[-1.2634338e-13],1301,-25,[14.45540831]
[17.03100031],[-1.2634338e-13],1301,-25,[14.45540831]
[17.03100031],[-1.2634338e-13],1301,-25,[14.45540831]
[17.03100031],[-1.2634338e-13],1301,-25,[14.45540831]
[17.03100031],[-1.2634338e-13],1301,-25,[14.45540831]
[17.03100031],[-1.2634338e-13],1301,-25,[14.45540831]
[17.03100031],[-1.2634338e-13],1301,-25,[14.45540831]
[17.03100031],[-1.2634338e-13],1301,-25,[14.45540831]
[17.03100031],[-1.2634338e-13],1301,-25,[14.45540831]
[17.03100031],[-1.2634338e-13],1301,-25,[14.45540831]
[17.03100031],[-1.2634338e-13],1301,-25,[14.45540831]
[17.03100031],[-1.2634338e-13],1301,-25,[14.45540831]
[17.03100031],[-1.2634338e-13],1301,-25,[14.45540831]
[17.03100031],[-1.2634338e-13],1301,-25,[14.45540831]
[17.03100031],[-1.2634338e-13],1301,-25,[14.45540831]
[17.03100031],[-1.2634338e-13],1301,-25,[14.45540831]
[17.03100031],[-1.2634338e-13],1301,-25,[14.45540831]
[17.03100031],[-1.2634338e-13],1301,-25,[14.45540831]
[17.03100031],[-1.2634338e-13],1301,-25,[14.45540831]
[17.03100031],[-1.2634338e-13],1301,-25,[14.45540831]
[17.03100031],[-1.2634338e-13],1301,-25,[14.45540831]
[17.03100031],[-1.2634338e-13],1301,-25,[14.45540831]
[17.03100031],[-1.2634338e-13],1301,-25,[14.45540831]
[17.03100031],[-1.2634338e-13],1301,-25,[14.45540831]
[17.03100031],[-1.2634338e-13],1301,-25,[14.45540831]
[17.03100031],[-1.2634338e-13],1301,-25,[14.45540831]
[17.03100031],[-1.2634338e-13],1301,-25,[14.45540831]
[17.03100031],[-1.2634338e-13],1301,-25,[14.45540831]
[17.03100031],[-1.2634338e-13],1301,-25,[14.45540831]
[17.03100031],[-1.2634338e-13],1301,-25,[14.45540831]
[17.03100031],[-1.2634338e-13],1301,-25,[14.45540831]
[17.03100031],[-1.2634338e-13],1301,-25,[14.45540831]
[17.03100031],[-1.2634338e-13],1301,-25,[14.45540831]
[17.03100031],[-1.2634338e-13],1301,-25,[14.45540831]
[17.03100031],[-1.2634338e-13],1301,-25,[14.45540831]
[17.03100031],[-1.2634338e-13],1301,-25,[14.45540831]
[17.03100031],[-1.2634338e-13],1301,-25,[14.45540831]
[17.03100031],[-1.2634338e-13],1301,-25,[14.45540831]
[17.03100031],[-1.2634338e-13],1301,-25,[14.45540831]
[17.03100031],[-1.2634338e-13],1301,-25,[14.45540831]
[17.03100031],[-1.2634338e-13],1301,-25,[14.45540831]
[17.03100031],[-1.2634338e-13],1301,-25,[14.45540831]
[17.03100031],[-1.2634338e-13],1301,-25,[14.45540831]
[17.03100031],[-1.2634338e-13],1301,-25,[14.45540831]
[17.03100031],[-1.2634338e-13],1301,-25,[14.45540831]
[17.03100031],[-1.2634338e-13],1301,-25,[14.45540831]
[17.03100031],[-1.2634338e-13],1301,-25,[14.45540831]
[17.03100031],[-1.2634338e-13],1301,-25,[14.45540831]
[17.03100031],[-1.2634338e-13],1301,-25,[14.45540831]
[17.03100031],[-1.2634338e-13],1301,-25,[14.45540831]
[17.03100031],[-1.2634338e-13],1301,-25,[14.45540831]
[17.03100031],[-1.2634338e-13],1301,-25,[14.45540831]
[17.03100031],[-1.2634338e-13],1301,-25,[14.45540831]
[17.03100031],[-1.2634338e-13],1301,-25,[14.45540831]
[17.03100031],[-1.2634338e-13],1301,-25,[14.45540831]
[17.03100031],[-1.2634338e-13],1301,-25,[14.45540831]
[17.03100031],[-1.2634338e-13],1301,-25,[14.45540831]
[17.03100031],[-1.2634338e-13],1301,-25,[14.45540831]
[17.03100031],[-1.2634338e-13],1301,-25,[14.45540831]
[17.03100031],[-1.2634338e-13],1301,-25,[14.45540831]
[17.03100031],[-1.2634338e-13],1301,-25,[14.45540831]
[17.03100031],[-1.2634338e-13],1301,-25,[14.45540831]
[17.03100031],[-1.2634338e-13],1301,-25,[14.45540831]
[17.03100031],[-1.2634338e-13],1301,-25,[14.45540831]
[17.03100031],[-1.2634338e-13],1301,-25,[14.45540831]
[17.03100031],[-1.2634338e-13],1301,-25,[14.45540831]
[17.03100031],[-1.2634338e-13],1301,-25,[14.45540831]
[17.03100031],[-1.2634338e-13],1301,-25,[14.45540831]
[17.03100031],[-1.2634338e-13],1301,-25,[14.45540831]
[17.03100031],[-1.2634338e-13],1301,-25,[14.45540831]
[17.03100031],[-1.2634338e-13],1301,-25,[14.45540831]
[17.03100031],[-1.2634338e-13],1301,-25,[14.45540831]
[17.03100031],[-1.2634338e-13],1301,-25,[14.45540831]
[17.03100031],[-1.2634338e-13],1301,-25,[14.45540831]
[17.03100031],[-1.2634338e-13],1301,-25,[14.45540831]
[17.03100031],[-1.2634338e-13],1301,-25,[14.45540831]
[17.03100031],[-1.2634338e-13],1301,-25,[14.45540831]
[17.03100031],[-1.2634338e-13],1301,-25,[14.45540831]
[17.03100031],[-1.2634338e-13],1301,-25,[14.45540831]
[17.03100031],[-1.2634338e-13],1301,-25,[14.45540831]
[17.03100031],[-1.2634338e-13],1301,-25,[14.45540831]
[17.03100031],[-1.2634338e-13],1301,-25,[14.45540831]
[17.03100031],[-1.2634338e-13],1301,-25,[14.45540831]
[17.03100031],[-1.2634338e-13],1301,-25,[14.45540831]
[17.03100031],[-1.2634338e-13],1301,-25,[14.45540831]
[17.03100031],[-1.2634338e-13],1301,-25,[14.45540831]
[17.03100031],[-1.2634338e-13],1301,-25,[14.45540831]
[17.03100031],[-1.2634338e-13],1301,-25,[14.45540831]
[17.03100031],[-1.2634338e-13],1301,-25,[14.45540831]
[17.03100031],[-1.2634338e-13],1301,-25,[14.45540831]
[17.03100031],[-1.2634338e-13],1301,-25,[14.45540831]
[17.03100031],[-1.2634338e-13],1301,-25,[14.45540831]
[17.03100031],[-1.2634338e-13],1301,-25,[14.45540831]
[17.03100031],[-1.2634338e-13],1301,-25,[14.45540831]
[17.03100031],[-1.2634338e-13],1301,-25,[14.45540831]
[17.03100031],[-1.2634338e-13],1301,-25,[14.45540831]
[17.03100031],[-1.2634338e-13],1301,-25,[14.45540831]
[17.03100031],[-1.2634338e-13],1301,-25,[14.45540831]
[17.03100031],[-1.2634338e-13],1301,-25,[14.45540831]
[17.03100031],[-1.2634338e-13],1301,-25,[14.45540831]
[17.03100031],[-1.2634338e-13],1301,-25,[14.45540831]
[17.03100031],[-1.2634338e-13],1301,-25,[14.45540831]
[17.03100031],[-1.2634338e-13],1301,-25,[14.45540831]
[17.03100031],[-1.2634338e-13],1301,-25,[14.45540831]
[17.03100031],[-1.2634338e-13],1301,-25,[14.45540831]
[17.03100031],[-1.2634338e-13],1301,-25,[14.45540831]
[17.03100031],[-1.2634338e-13],1301,-25,[14.45540831]
[17.03100031],[-1.2634338e-13],1301,-25,[14.45540831]
[17.03100031],[-1.2634338e-13],1301,-25,[14.45540831]
[17.03100031],[-1.2634338e-13],1301,-25,[14.45540831]
[17.03100031],[-1.2634338e-13],1301,-25,[14.45540831]
[17.03100031],[-1.2634338e-13],1301,-25,[14.45540831]
[17.03100031],[-1.2634338e-13],1301,-25,[14.45540831]
[17.03100031],[-1.2634338e-13],1301,-25,[14.45540831]
[17.03100031],[-1.2634338e-13],1301,-25,[14.45540831]
[17.03100031],[-1.2634338e-13],1301,-25,[14.45540831]
[17.03100031],[-1.2634338e-13],1301,-25,[14.45540831]
[17.03100031],[-1.2634338e-13],1301,-25,[14.45540831]
[17.03100031],[-1.2634338e-13],1301,-25,[14.45540831]
[17.03100031],[-1.2634338e-13],1301,-25,[14.45540831]
[17.03100031],[-1.2634338e-13],1301,-25,[14.45540831]
[17.03100031],[-1.2634338e-13],1301,-25,[14.45540831]
[17.03100031],[-1.2634338e-13],1301,-25,[14.45540831]
[17.03100031],[-1.2634338e-13],1301,-25,[14.45540831]
[17.03100031],[-1.2634338e-13],1301,-25,[14.45540831]
[17.03100031],[-1.2634338e-13],1301,-25,[14.45540831]
[17.03100031],[-1.2634338e-13],1301,-25,[14.45540831]
[17.03100031],[-1.2634338e-13],1301,-25,[14.45540831]
[17.03100031],[-1.2634338e-13],1301,-25,[14.45540831]
[17.03100031],[-1.2634338e-13],1301,-25,[14.45540831]
[17.03100031],[-1.2634338e-13],1301,-25,[14.45540831]
[17.03100031],[-1.2634338e-13],1301,-25,[14.45540831]
[17.03100031],[-1.2634338e-13],1301,-25,[14.45540831]
[17.03100031],[-1.2634338e-13],1301,-25,[14.45540831]
[17.03100031],[-1.2634338e-13],1301,-25,[14.45540831]
[17.03100031],[-1.2634338e-13],1301,-25,[14.45540831]
[17.03100031],[-1.2634338e-13],1301,-25,[14.45540831]
[17.03100031],[-1.2634338e-13],1301,-25,[14.45540831]
[17.03100031],[-1.2634338e-13],1301,-25,[14.45540831]
[17.03100031],[-1.2634338e-13],1301,-25,[14.45540831]
[17.03100031],[-1.2634338e-13],1301,-25,[14.45540831]
[17.03100031],[-1.2634338e-13],1301,-25,[14.45540831]
[17.03100031],[-1.2634338e-13],1301,-25,[14.45540831]
[17.03100031],[-1.2634338e-13],1301,-25,[14.45540831]
[17.03100031],[-1.2634338e-13],1301,-25,[14.45540831]
[17.03100031],[-1.2634338e-13],1301,-25,[14.45540831]
[17.03100031],[-1.2634338e-13],1301,-25,[14.45540831]
[17.03100031],[-1.2634338e-13],1301,-25,[14.45540831]
[17.03100031],[-1.2634338e-13],1301,-25,[14.45540831]
[17.03100031],[-1.2634338e-13],1301,-25,[14.45540831]
[17.03100031],[-1.2634338e-13],1301,-25,[14.45540831]
[17.03100031],[-1.2634338e-13],1301,-25,[14.45540831]
[17.03100031],[-1.2634338e-13],1301,-25,[14.45540831]
[17.03100031],[-1.2634338e-13],1301,-25,[14.45540831]
[17.03100031],[-1.2634338e-13],1301,-25,[14.45540831]
[17.03100031],[-1.2634338e-13],1301,-25,[14.45540831]
[17.03100031],[-1.2634338e-13],1301,-25,[14.45540831]
[17.03100031],[-1.2634338e-13],1301,-25,[14.45540831]
[17.03100031],[-1.2634338e-13],1301,-25,[14.45540831]
[17.03100031],[-1.2634338e-13],1301,-25,[14.45540831]
[17.03100031],[-1.2634338e-13],1301,-25,[14.45540831]
[17.03100031],[-1.2634338e-13],1301,-25,[14.45540831]
[17.03100031],[-1.2634338e-13],1301,-25,[14.45540831]
[17.03100031],[-1.2634338e-13],1301,-25,[14.45540831]
[17.03100031],[-1.2634338e-13],1301,-25,[14.45540831]
[17.03100031],[-1.2634338e-13],1301,-25,[14.45540831]
[17.03100031],[-1.2634338e-13],1301,-25,[14.45540831]
[17.03100031],[-1.2634338e-13],1301,-25,[14.45540831]
[17.03100031],[-1.2634338e-13],1301,-25,[14.45540831]
[17.03100031],[-1.2634338e-13],1301,-25,[14.45540831]
[17.03100031],[-1.2634338e-13],1301,-25,[14.45540831]
[17.03100031],[-1.2634338e-13],1301,-25,[14.45540831]
[17.03100031],[-1.2634338e-13],1301,-25,[14.45540831]
[17.03100031],[-1.2634338e-13],1301,-25,[14.45540831]
[17.03100031],[-1.2634338e-13],1301,-25,[14.45540831]
[17.03100031],[-1.2634338e-13],1301,-25,[14.45540831]
[17.03100031],[-1.2634338e-13],1301,-25,[14.45540831]
[17.03100031],[-1.2634338e-13],1301,-25,[14.45540831]
[17.03100031],[-1.2634338e-13],1301,-25,[14.45540831]
[17.03100031],[-1.2634338e-13],1301,-25,[14.45540831]
[17.03100031],[-1.2634338e-13],1301,-25,[14.45540831]
[17.03100031],[-1.2634338e-13],1301,-25,[14.45540831]
[17.03100031],[-1.2634338e-13],1301,-25,[14.45540831]
[17.03100031],[-1.2634338e-13],1301,-25,[14.45540831]
[17.03100031],[-1.2634338e-13],1301,-25,[14.45540831]
[17.03100031],[-1.2634338e-13],1301,-25,[14.45540831]
[17.03100031],[-1.2634338e-13],1301,-25,[14.45540831]
[17.03100031],[-1.2634338e-13],1301,-25,[14.45540831]
[17.03100031],[-1.2634338e-13],1301,-25,[14.45540831]
[17.03100031],[-1.2634338e-13],1301,-25,[14.45540831]
[17.03100031],[-1.2634338e-13],1301,-25,[14.45540831]
[17.03100031],[-1.2634338e-13],1301,-25,[14.45540831]
[17.03100031],[-1.2634338e-13],1301,-25,[14.45540831]
[17.03100031],[-1.2634338e-13],1301,-25,[14.45540831]
[17.03100031],[-1.2634338e-13],1301,-25,[14.45540831]
[17.03100031],[-1.2634338e-13],1301,-25,[14.45540831]
[17.03100031],[-1.2634338e-13],1301,-25,[14.45540831]
[17.03100031],[-1.2634338e-13],1301,-25,[14.45540831]
[17.03100031],[-1.2634338e-13],1301,-25,[14.45540831]
[17.03100031],[-1.2634338e-13],1301,-25,[14.45540831]
[17.03100031],[-1.2634338e-13],1301,-25,[14.45540831]
[17.03100031],[-1.2634338e-13],1301,-25,[14.45540831]
[17.03100031],[-1.2634338e-13],1301,-25,[14.45540831]
[17.03100031],[-1.2634338e-13],1301,-25,[14.45540831]
[17.03100031],[-1.2634338e-13],1301,-25,[14.45540831]
[17.03100031],[-1.2634338e-13],1301,-25,[14.45540831]
[17.03100031],[-1.2634338e-13],1301,-25,[14.45540831]
[17.03100031],[-1.2634338e-13],1301,-25,[14.45540831]
[17.03100031],[-1.2634338e-13],1301,-25,[14.45540831]
[17.03100031],[-1.2634338e-13],1301,-25,[14.45540831]
[17.03100031],[-1.2634338e-13],1301,-25,[14.45540831]
[17.03100031],[-1.2634338e-13],1301,-25,[14.45540831]
[17.03100031],[-1.2634338e-13],1301,-25,[14.45540831]
[17.03100031],[-1.2634338e-13],1301,-25,[14.45540831]
[17.03100031],[-1.2634338e-13],1301,-25,[14.45540831]
[17.03100031],[-1.2634338e-13],1301,-25,[14.45540831]
[17.03100031],[-1.2634338e-13],1301,-25,[14.45540831]
[17.03100031],[-1.2634338e-13],1301,-25,[14.45540831]
[17.03100031],[-1.2634338e-13],1301,-25,[14.45540831]
[17.03100031],[-1.2634338e-13],1301,-25,[14.45540831]
[17.03100031],[-1.2634338e-13],1301,-25,[14.45540831]
[17.03100031],[-1.2634338e-13],1301,-25,[14.45540831]
[17.03100031],[-1.2634338e-13],1301,-25,[14.45540831]
[17.03100031],[-1.2634338e-13],1301,-25,[14.45540831]
[17.03100031],[-1.2634338e-13],1301,-25,[14.45540831]
[17.03100031],[-1.2634338e-13],1301,-25,[14.45540831]
[17.03100031],[-1.2634338e-13],1301,-25,[14.45540831]
[17.03100031],[-1.2634338e-13],1301,-25,[14.45540831]
[17.03100031],[-1.2634338e-13],1301,-25,[14.45540831]
[17.03100031],[-1.2634338e-13],1301,-25,[14.45540831]
[17.03100031],[-1.2634338e-13],1301,-25,[14.45540831]
[17.03100031],[-1.2634338e-13],1301,-25,[14.45540831]
[17.03100031],[-1.2634338e-13],1301,-25,[14.45540831]
[17.03100031],[-1.2634338e-13],1301,-25,[14.45540831]
[17.03100031],[-1.2634338e-13],1301,-25,[14.45540831]
[17.03100031],[-1.2634338e-13],1301,-25,[14.45540831]
[17.03100031],[-1.2634338e-13],1301,-25,[14.45540831]
[17.03100031],[-1.2634338e-13],1301,-25,[14.45540831]
[17.03100031],[-1.2634338e-13],1301,-25,[14.45540831]
[17.03100031],[-1.2634338e-13],1301,-25,[14.45540831]
[17.03100031],[-1.2634338e-13],1301,-25,[14.45540831]
[17.03100031],[-1.2634338e-13],1301,-25,[14.45540831]
[17.03100031],[-1.2634338e-13],1301,-25,[14.45540831]
[17.03100031],[-1.2634338e-13],1301,-25,[14.45540831]
[17.03100031],[-1.2634338e-13],1301,-25,[14.45540831]
[17.03100031],[-1.2634338e-13],1301,-25,[14.45540831]
[17.03100031],[-1.2634338e-13],1301,-25,[14.45540831]
[17.03100031],[-1.2634338e-13],1301,-25,[14.45540831]
[17.03100031],[-1.2634338e-13],1301,-25,[14.45540831]
[17.03100031],[-1.2634338e-13],1301,-25,[14.45540831]
[17.03100031],[-1.2634338e-13],1301,-25,[14.45540831]
[17.03100031],[-1.2634338e-13],1301,-25,[14.45540831]
[17.03100031],[-1.2634338e-13],1301,-25,[14.45540831]
[17.03100031],[-1.2634338e-13],1301,-25,[14.45540831]
[17.03100031],[-1.2634338e-13],1301,-25,[14.45540831]
[17.03100031],[-1.2634338e-13],1301,-25,[14.45540831]
[17.03100031],[-1.2634338e-13],1301,-25,[14.45540831]
[17.03100031],[-1.2634338e-13],1301,-25,[14.45540831]
[17.03100031],[-1.2634338e-13],1301,-25,[14.45540831]
[17.03100031],[-1.2634338e-13],1301,-25,[14.45540831]
[17.03100031],[-1.2634338e-13],1301,-25,[14.45540831]
[17.03100031],[-1.2634338e-13],1301,-25,[14.45540831]
[17.03100031],[-1.2634338e-13],1301,-25,[14.45540831]
[17.03100031],[-1.2634338e-13],1301,-25,[14.45540831]
[17.03100031],[-1.2634338e-13],1301,-25,[14.45540831]
[17.03100031],[-1.2634338e-13],1301,-25,[14.45540831]
[17.03100031],[-1.2634338e-13],1301,-25,[14.45540831]
[17.03100031],[-1.2634338e-13],1301,-25,[14.45540831]
[17.03100031],[-1.2634338e-13],1301,-25,[14.45540831]
[17.03100031],[-1.2634338e-13],1301,-25,[14.45540831]
[17.03100031],[-1.2634338e-13],1301,-25,[14.45540831]
[17.03100031],[-1.2634338e-13],1301,-25,[14.45540831]
[17.03100031],[-1.2634338e-13],1301,-25,[14.45540831]
[17.03100031],[-1.2634338e-13],1301,-25,[14.45540831]
[17.03100031],[-1.2634338e-13],1301,-25,[14.45540831]
[17.03100031],[-1.2634338e-13],1301,-25,[14.45540831]
[17.03100031],[-1.2634338e-13],1301,-25,[14.45540831]
[17.03100031],[-1.2634338e-13],1301,-25,[14.45540831]
[17.03100031],[-1.2634338e-13],1301,-25,[14.45540831]
[17.03100031],[-1.2634338e-13],1301,-25,[14.45540831]
[17.03100031],[-1.2634338e-13],1301,-25,[14.45540831]
[17.03100031],[-1.2634338e-13],1301,-25,[14.45540831]
[17.03100031],[-1.2634338e-13],1301,-25,[14.45540831]
[17.03100031],[-1.2634338e-13],1301,-25,[14.45540831]
[17.03100031],[-1.2634338e-13],1301,-25,[14.45540831]
[17.03100031],[-1.2634338e-13],1301,-25,[14.45540831]
[17.03100031],[-1.2634338e-13],1301,-25,[14.45540831]
[17.03100031],[-1.2634338e-13],1301,-25,[14.45540831]
[17.03100031],[-1.2634338e-13],1301,-25,[14.45540831]
[17.03100031],[-1.2634338e-13],1301,-25,[14.45540831]
[17.03100031],[-1.2634338e-13],1301,-25,[14.45540831]
[17.03100031],[-1.2634338e-13],1301,-25,[14.45540831]
[17.03100031],[-1.2634338e-13],1301,-25,[14.45540831]
[17.03100031],[-1.2634338e-13],1301,-25,[14.45540831]
[17.03100031],[-1.2634338e-13],1301,-25,[14.45540831]
[17.03100031],[-1.2634338e-13],1301,-25,[14.45540831]
[17.03100031],[-1.2634338e-13],1301,-25,[14.45540831]
[17.03100031],[-1.2634338e-13],1301,-25,[14.45540831]
[17.03100031],[-1.2634338e-13],1301,-25,[14.45540831]
[17.03100031],[-1.2634338e-13],1301,-25,[14.45540831]
[17.03100031],[-1.2634338e-13],1301,-25,[14.45540831]
[17.03100031],[-1.2634338e-13],1301,-25,[14.45540831]
[17.03100031],[-1.2634338e-13],1301,-25,[14.45540831]
[17.03100031],[-1.2634338e-13],1301,-25,[14.45540831]
[17.03100031],[-1.2634338e-13],1301,-25,[14.45540831]
[17.03100031],[-1.2634338e-13],1301,-25,[14.45540831]
[17.03100031],[-1.2634338e-13],1301,-25,[14.45540831]
[17.03100031],[-1.2634338e-13],1301,-25,[14.45540831]
[17.03100031],[-1.2634338e-13],1301,-25,[14.45540831]
[17.03100031],[-1.2634338e-13],1301,-25,[14.45540831]
[17.03100031],[-1.2634338e-13],1301,-25,[14.45540831]
[17.03100031],[-1.2634338e-13],1301,-25,[14.45540831]
[17.03100031],[-1.2634338e-13],1301,-25,[14.45540831]
[17.03100031],[-1.2634338e-13],1301,-25,[14.45540831]
[17.03100031],[-1.2634338e-13],1301,-25,[14.45540831]
[17.03100031],[-1.2634338e-13],1301,-25,[14.45540831]
[17.03100031],[-1.2634338e-13],1301,-25,[14.45540831]
[17.03100031],[-1.2634338e-13],1301,-25,[14.45540831]
[17.03100031],[-1.2634338e-13],1301,-25,[14.45540831]
[17.03100031],[-1.2634338e-13],1301,-25,[14.45540831]
[17.03100031],[-1.2634338e-13],1301,-25,[14.45540831]
[17.03100031],[-1.2634338e-13],1301,-25,[14.45540831]
[17.03100031],[-1.2634338e-13],1301,-25,[14.45540831]
[17.03100031],[-1.2634338e-13],1301,-25,[14.45540831]
[17.03100031],[-1.2634338e-13],1301,-25,[14.45540831]
[17.03100031],[-1.2634338e-13],1301,-25,[14.45540831]
[17.03100031],[-1.2634338e-13],1301,-25,[14.45540831]
[17.03100031],[-1.2634338e-13],1301,-25,[14.45540831]
[17.03100031],[-1.2634338e-13],1301,-25,[14.45540831]
[17.03100031],[-1.2634338e-13],1301,-25,[14.45540831]
[17.03100031],[-1.2634338e-13],1301,-25,[14.45540831]
[17.03100031],[-1.2634338e-13],1301,-25,[14.45540831]
[17.03100031],[-1.2634338e-13],1301,-25,[14.45540831]
[17.03100031],[-1.2634338e-13],1301,-25,[14.45540831]
[17.03100031],[-1.2634338e-13],1301,-25,[14.45540831]
[17.03100031],[-1.2634338e-13],1301,-25,[14.45540831]
[17.03100031],[-1.2634338e-13],1301,-25,[14.45540831]
[17.03100031],[-1.2634338e-13],1301,-25,[14.45540831]
[17.03100031],[-1.2634338e-13],1301,-25,[14.45540831]
[17.03100031],[-1.2634338e-13],1301,-25,[14.45540831]
[17.03100031],[-1.2634338e-13],1301,-25,[14.45540831]
[17.03100031],[-1.2634338e-13],1301,-25,[14.45540831]
[17.03100031],[-1.2634338e-13],1301,-25,[14.45540831]
[17.03100031],[-1.2634338e-13],1301,-25,[14.45540831]
[17.03100031],[-1.2634338e-13],1301,-25,[14.45540831]
[17.03100031],[-1.2634338e-13],1301,-25,[14.45540831]
[17.03100031],[-1.2634338e-13],1301,-25,[14.45540831]
[17.03100031],[-1.2634338e-13],1301,-25,[14.45540831]
[17.03100031],[-1.2634338e-13],1301,-25,[14.45540831]
[17.03100031],[-1.2634338e-13],1301,-25,[14.45540831]
[17.03100031],[-1.2634338e-13],1301,-25,[14.45540831]
[17.03100031],[-1.2634338e-13],1301,-25,[14.45540831]
[17.03100031],[-1.2634338e-13],1301,-25,[14.45540831]
[17.03100031],[-1.2634338e-13],1301,-25,[14.45540831]
[17.03100031],[-1.2634338e-13],1301,-25,[14.45540831]
[17.03100031],[-1.2634338e-13],1301,-25,[14.45540831]
[17.03100031],[-1.2634338e-13],1301,-25,[14.45540831]
[17.03100031],[-1.2634338e-13],1301,-25,[14.45540831]
[17.03100031],[-1.2634338e-13],1301,-25,[14.45540831]
[17.03100031],[-1.2634338e-13],1301,-25,[14.45540831]
[17.03100031],[-1.2634338e-13],1301,-25,[14.45540831]
[17.03100031],[-1.2634338e-13],1301,-25,[14.45540831]
[17.03100031],[-1.2634338e-13],1301,-25,[14.45540831]
[17.03100031],[-1.2634338e-13],1301,-25,[14.45540831]
[17.03100031],[-1.2634338e-13],1301,-25,[14.45540831]
[17.03100031],[-1.2634338e-13],1301,-25,[14.45540831]
[17.03100031],[-1.2634338e-13],1301,-25,[14.45540831]
[17.03100031],[-1.2634338e-13],1301,-25,[14.45540831]
[17.03100031],[-1.2634338e-13],1301,-25,[14.45540831]
[17.03100031],[-1.2634338e-13],1301,-25,[14.45540831]
[17.03100031],[-1.2634338e-13],1301,-25,[14.45540831]
[17.03100031],[-1.2634338e-13],1301,-25,[14.45540831]
[17.03100031],[-1.2634338e-13],1301,-25,[14.45540831]
[17.03100031],[-1.2634338e-13],1301,-25,[14.45540831]
[17.03100031],[-1.2634338e-13],1301,-25,[14.45540831]
[17.03100031],[-1.2634338e-13],1301,-25,[14.45540831]
[17.03100031],[-1.2634338e-13],1301,-25,[14.45540831]
[17.03100031],[-1.2634338e-13],1301,-25,[14.45540831]
[17.03100031],[-1.2634338e-13],1301,-25,[14.45540831]
[17.03100031],[-1.2634338e-13],1301,-25,[14.45540831]
[17.03100031],[-1.2634338e-13],1301,-25,[14.45540831]
[17.03100031],[-1.2634338e-13],1301,-25,[14.45540831]
[17.03100031],[-1.2634338e-13],1301,-25,[14.45540831]
[17.03100031],[-1.2634338e-13],1301,-25,[14.45540831]
[17.03100031],[-1.2634338e-13],1301,-25,[14.45540831]
[17.03100031],[-1.2634338e-13],1301,-25,[14.45540831]
[17.03100031],[-1.2634338e-13],1301,-25,[14.45540831]
[17.03100031],[-1.2634338e-13],1301,-25,[14.45540831]
[17.03100031],[-1.2634338e-13],1301,-25,[14.45540831]
[17.03100031],[-1.2634338e-13],1301,-25,[14.45540831]
[17.03100031],[-1.2634338e-13],1301,-25,[14.45540831]
[17.03100031],[-1.2634338e-13],1301,-25,[14.45540831]
[17.03100031],[-1.2634338e-13],1301,-25,[14.45540831]
[17.03100031],[-1.2634338e-13],1301,-25,[14.45540831]
[17.03100031],[-1.2634338e-13],1301,-25,[14.45540831]
[17.03100031],[-1.2634338e-13],1301,-25,[14.45540831]
[17.03100031],[-1.2634338e-13],1301,-25,[14.45540831]
[17.03100031],[-1.2634338e-13],1301,-25,[14.45540831]
[17.03100031],[-1.2634338e-13],1301,-25,[14.45540831]
[17.03100031],[-1.2634338e-13],1301,-25,[14.45540831]
[17.03100031],[-1.2634338e-13],1301,-25,[14.45540831]
[17.03100031],[-1.2634338e-13],1301,-25,[14.45540831]
[17.03100031],[-1.2634338e-13],1301,-25,[14.45540831]
[17.03100031],[-1.2634338e-13],1301,-25,[14.45540831]
[17.03100031],[-1.2634338e-13],1301,-25,[14.45540831]
[17.03100031],[-1.2634338e-13],1301,-25,[14.45540831]
[17.03100031],[-1.2634338e-13],1301,-25,[14.45540831]
[17.03100031],[-1.2634338e-13],1301,-25,[14.45540831]
[17.03100031],[-1.2634338e-13],1301,-25,[14.45540831]
[17.03100031],[-1.2634338e-13],1301,-25,[14.45540831]
[17.03100031],[-1.2634338e-13],1301,-25,[14.45540831]
[17.03100031],[-1.2634338e-13],1301,-25,[14.45540831]
[17.03100031],[-1.2634338e-13],1301,-25,[14.45540831]
[17.03100031],[-1.2634338e-13],1301,-25,[14.45540831]
[17.03100031],[-1.2634338e-13],1301,-25,[14.45540831]
[17.03100031],[-1.2634338e-13],1301,-25,[14.45540831]
[17.03100031],[-1.2634338e-13],1301,-25,[14.45540831]
[17.03100031],[-1.2634338e-13],1301,-25,[14.45540831]
[17.03100031],[-1.2634338e-13],1301,-25,[14.45540831]
[17.03100031],[-1.2634338e-13],1301,-25,[14.45540831]
[17.03100031],[-1.2634338e-13],1301,-25,[14.45540831]
[17.03100031],[-1.2634338e-13],1301,-25,[14.45540831]
[17.03100031],[-1.2634338e-13],1301,-25,[14.45540831]
[17.03100031],[-1.2634338e-13],1301,-25,[14.45540831]
[17.03100031],[-1.2634338e-13],1301,-25,[14.45540831]
[17.03100031],[-1.2634338e-13],1301,-25,[14.45540831]
[17.03100031],[-1.2634338e-13],1301,-25,[14.45540831]
[17.03100031],[-1.2634338e-13],1301,-25,[14.45540831]
[17.03100031],[-1.2634338e-13],1301,-25,[14.45540831]
[17.03100031],[-1.2634338e-13],1301,-25,[14.45540831]
[17.03100031],[-1.2634338e-13],1301,-25,[14.45540831]
[17.03100031],[-1.2634338e-13],1301,-25,[14.45540831]
[17.03100031],[-1.2634338e-13],1301,-25,[14.45540831]
[17.03100031],[-1.2634338e-13],1301,-25,[14.45540831]
[17.03100031],[-1.2634338e-13],1301,-25,[14.45540831]
[17.03100031],[-1.2634338e-13],1301,-25,[14.45540831]
[17.03100031],[-1.2634338e-13],1301,-25,[14.45540831]
[17.03100031],[-1.2634338e-13],1301,-25,[14.45540831]
[17.03100031],[-1.2634338e-13],1301,-25,[14.45540831]
[17.03100031],[-1.2634338e-13],1301,-25,[14.45540831]
[17.03100031],[-1.2634338e-13],1301,-25,[14.45540831]
[17.03100031],[-1.2634338e-13],1301,-25,[14.45540831]
[17.03100031],[-1.2634338e-13],1301,-25,[14.45540831]
[17.03100031],[-1.2634338e-13],1301,-25,[14.45540831]
[17.03100031],[-1.2634338e-13],1301,-25,[14.45540831]
[17.03100031],[-1.2634338e-13],1301,-25,[14.45540831]
[17.03100031],[-1.2634338e-13],1301,-25,[14.45540831]
[17.03100031],[-1.2634338e-13],1301,-25,[14.45540831]
[17.03100031],[-1.2634338e-13],1301,-25,[14.45540831]
[17.03100031],[-1.2634338e-13],1301,-25,[14.45540831]
[17.03100031],[-1.2634338e-13],1301,-25,[14.45540831]
[17.03100031],[-1.2634338e-13],1301,-25,[14.45540831]
[17.03100031],[-1.2634338e-13],1301,-25,[14.45540831]
[17.03100031],[-1.2634338e-13],1301,-25,[14.45540831]
[17.03100031],[-1.2634338e-13],1301,-25,[14.45540831]
[17.03100031],[-1.2634338e-13],1301,-25,[14.45540831]
[17.03100031],[-1.2634338e-13],1301,-25,[14.45540831]
[17.03100031],[-1.2634338e-13],1301,-25,[14.45540831]
[17.03100031],[-1.2634338e-13],1301,-25,[14.45540831]
[17.03100031],[-1.2634338e-13],1301,-25,[14.45540831]
[17.03100031],[-1.2634338e-13],1301,-25,[14.45540831]
[17.03100031],[-1.2634338e-13],1301,-25,[14.45540831]
[17.03100031],[-1.2634338e-13],1301,-25,[14.45540831]
[17.03100031],[-1.2634338e-13],1301,-25,[14.45540831]
[17.03100031],[-1.2634338e-13],1301,-25,[14.45540831]
[17.03100031],[-1.2634338e-13],1301,-25,[14.45540831]
[17.03100031],[-1.2634338e-13],1301,-25,[14.45540831]
[17.03100031],[-1.2634338e-13],1301,-25,[14.45540831]
[17.03100031],[-1.2634338e-13],1301,-25,[14.45540831]
[17.03100031],[-1.2634338e-13],1301,-25,[14.45540831]
[17.03100031],[-1.2634338e-13],1301,-25,[14.45540831]
[17.03100031],[-1.2634338e-13],1301,-25,[14.45540831]
[17.03100031],[-1.2634338e-13],1301,-25,[14.45540831]
[17.03100031],[-1.2634338e-13],1301,-25,[14.45540831]
[17.03100031],[-1.2634338e-13],1301,-25,[14.45540831]
[17.03100031],[-1.2634338e-13],1301,-25,[14.45540831]
[17.03100031],[-1.2634338e-13],1301,-25,[14.45540831]
[17.03100031],[-1.2634338e-13],1301,-25,[14.45540831]
[17.03100031],[-1.2634338e-13],1301,-25,[14.45540831]
[17.03100031],[-1.2634338e-13],1301,-25,[14.45540831]
[17.03100031],[-1.2634338e-13],1301,-25,[14.45540831]
[17.03100031],[-1.2634338e-13],1301,-25,[14.45540831]
[17.03100031],[-1.2634338e-13],1301,-25,[14.45540831]
[17.03100031],[-1.2634338e-13],1301,-25,[14.45540831]
[17.03100031],[-1.2634338e-13],1301,-25,[14.45540831]
[17.03100031],[-1.2634338e-13],1301,-25,[14.45540831]
[17.03100031],[-1.2634338e-13],1301,-25,[14.45540831]
[17.03100031],[-1.2634338e-13],1301,-25,[14.45540831]
[17.03100031],[-1.2634338e-13],1301,-25,[14.45540831]
[17.03100031],[-1.2634338e-13],1301,-25,[14.45540831]
[17.03100031],[-1.2634338e-13],1301,-25,[14.45540831]
[17.03100031],[-1.2634338e-13],1301,-25,[14.45540831]
[17.03100031],[-1.2634338e-13],1301,-25,[14.45540831]
[17.03100031],[-1.2634338e-13],1301,-25,[14.45540831]
[17.03100031],[-1.2634338e-13],1301,-25,[14.45540831]
[17.03100031],[-1.2634338e-13],1301,-25,[14.45540831]
[17.03100031],[-1.2634338e-13],1301,-25,[14.45540831]
[17.03100031],[-1.2634338e-13],1301,-25,[14.45540831]
[17.03100031],[-1.2634338e-13],1301,-25,[14.45540831]
[17.03100031],[-1.2634338e-13],1301,-25,[14.45540831]
[17.03100031],[-1.2634338e-13],1301,-25,[14.45540831]
[17.03100031],[-1.2634338e-13],1301,-25,[14.45540831]
[17.03100031],[-1.2634338e-13],1301,-25,[14.45540831]
[17.03100031],[-1.2634338e-13],1301,-25,[14.45540831]
[17.03100031],[-1.2634338e-13],1301,-25,[14.45540831]
[17.03100031],[-1.2634338e-13],1301,-25,[14.45540831]
[17.03100031],[-1.2634338e-13],1301,-25,[14.45540831]
[17.03100031],[-1.2634338e-13],1301,-25,[14.45540831]
[17.03100031],[-1.2634338e-13],1301,-25,[14.45540831]
[17.03100031],[-1.2634338e-13],1301,-25,[14.45540831]
[17.03100031],[-1.2634338e-13],1301,-25,[14.45540831]
[17.03100031],[-1.2634338e-13],1301,-25,[14.45540831]
[17.03100031],[-1.2634338e-13],1301,-25,[14.45540831]
[17.03100031],[-1.2634338e-13],1301,-25,[14.45540831]
[17.03100031],[-1.2634338e-13],1301,-25,[14.45540831]
[17.03100031],[-1.2634338e-13],1301,-25,[14.45540831]
[17.03100031],[-1.2634338e-13],1301,-25,[14.45540831]
[17.03100031],[-1.2634338e-13],1301,-25,[14.45540831]
[17.03100031],[-1.2634338e-13],1301,-25,[14.45540831]
[17.03100031],[-1.2634338e-13],1301,-25,[14.45540831]
[17.03100031],[-1.2634338e-13],1301,-25,[14.45540831]
[17.03100031],[-1.2634338e-13],1301,-25,[14.45540831]
[17.03100031],[-1.2634338e-13],1301,-25,[14.45540831]
[17.03100031],[-1.2634338e-13],1301,-25,[14.45540831]
[17.03100031],[-1.2634338e-13],1301,-25,[14.45540831]
[17.03100031],[-1.2634338e-13],1301,-25,[14.45540831]
[17.03100031],[-1.2634338e-13],1301,-25,[14.45540831]
[17.03100031],[-1.2634338e-13],1301,-25,[14.45540831]
[17.03100031],[-1.2634338e-13],1301,-25,[14.45540831]
[17.03100031],[-1.2634338e-13],1301,-25,[14.45540831]
[17.03100031],[-1.2634338e-13],1301,-25,[14.45540831]
[17.03100031],[-1.2634338e-13],1301,-25,[14.45540831]
[17.03100031],[-1.2634338e-13],1301,-25,[14.45540831]
[17.03100031],[-1.2634338e-13],1301,-25,[14.45540831]
[17.03100031],[-1.2634338e-13],1301,-25,[14.45540831]
[17.03100031],[-1.2634338e-13],1301,-25,[14.45540831]
[17.03100031],[-1.2634338e-13],1301,-25,[14.45540831]
[17.03100031],[-1.2634338e-13],1301,-25,[14.45540831]
[17.03100031],[-1.2634338e-13],1301,-25,[14.45540831]
[17.03100031],[-1.2634338e-13],1301,-25,[14.45540831]
[17.03100031],[-1.2634338e-13],1301,-25,[14.45540831]
[17.03100031],[-1.2634338e-13],1301,-25,[14.45540831]
[17.03100031],[-1.2634338e-13],1301,-25,[14.45540831]
[17.03100031],[-1.2634338e-13],1301,-25,[14.45540831]
[17.03100031],[-1.2634338e-13],1301,-25,[14.45540831]
[17.03100031],[-1.2634338e-13],1301,-25,[14.45540831]
[17.03100031],[-1.2634338e-13],1301,-25,[14.45540831]
[17.03100031],[-1.2634338e-13],1301,-25,[14.45540831]
[17.03100031],[-1.2634338e-13],1301,-25,[14.45540831]
[17.03100031],[-1.2634338e-13],1301,-25,[14.45540831]
[17.03100031],[-1.2634338e-13],1301,-25,[14.45540831]
[17.03100031],[-1.2634338e-13],1301,-25,[14.45540831]
[17.03100031],[-1.2634338e-13],1301,-25,[14.45540831]
[17.03100031],[-1.2634338e-13],1301,-25,[14.45540831]
[17.03100031],[-1.2634338e-13],1301,-25,[14.45540831]
[17.03100031],[-1.2634338e-13],1301,-25,[14.45540831]
[17.03100031],[-1.2634338e-13],1301,-25,[14.45540831]
[17.03100031],[-1.2634338e-13],1301,-25,[14.45540831]
[17.03100031],[-1.2634338e-13],1301,-25,[14.45540831]
[17.03100031],[-1.2634338e-13],1301,-25,[14.45540831]
[17.03100031],[-1.2634338e-13],1301,-25,[14.45540831]
[17.03100031],[-1.2634338e-13],1301,-25,[14.45540831]
[17.03100031],[-1.2634338e-13],1301,-25,[14.45540831]
[17.03100031],[-1.2634338e-13],1301,-25,[14.45540831]
[17.03100031],[-1.2634338e-13],1301,-25,[14.45540831]
[17.03100031],[-1.2634338e-13],1301,-25,[14.45540831]
[17.03100031],[-1.2634338e-13],1301,-25,[14.45540831]
[17.03100031],[-1.2634338e-13],1301,-25,[14.45540831]
[17.03100031],[-1.2634338e-13],1301,-25,[14.45540831]
[17.03100031],[-1.2634338e-13],1301,-25,[14.45540831]
[17.03100031],[-1.2634338e-13],1301,-25,[14.45540831]
[17.03100031],[-1.2634338e-13],1301,-25,[14.45540831]
[17.03100031],[-1.2634338e-13],1301,-25,[14.45540831]
[17.03100031],[-1.2634338e-13],1301,-25,[14.45540831]
[17.03100031],[-1.2634338e-13],1301,-25,[14.45540831]
[17.03100031],[-1.2634338e-13],1301,-25,[14.45540831]
[17.03100031],[-1.2634338e-13],1301,-25,[14.45540831]
[17.03100031],[-1.2634338e-13],1301,-25,[14.45540831]
[17.03100031],[-1.2634338e-13],1301,-25,[14.45540831]
[17.03100031],[-1.2634338e-13],1301,-25,[14.45540831]
[17.03100031],[-1.2634338e-13],1301,-25,[14.45540831]
[17.03100031],[-1.2634338e-13],1301,-25,[14.45540831]
[17.03100031],[-1.2634338e-13],1301,-25,[14.45540831]
[17.03100031],[-1.2634338e-13],1301,-25,[14.45540831]
[17.03100031],[-1.2634338e-13],1301,-25,[14.45540831]
[17.03100031],[-1.2634338e-13],1301,-25,[14.45540831]
[17.03100031],[-1.2634338e-13],1301,-25,[14.45540831]
[17.03100031],[-1.2634338e-13],1301,-25,[14.45540831]
[17.03100031],[-1.2634338e-13],1301,-25,[14.45540831]
[17.03100031],[-1.2634338e-13],1301,-25,[14.45540831]
[17.03100031],[-1.2634338e-13],1301,-25,[14.45540831]
[17.03100031],[-1.2634338e-13],1301,-25,[14.45540831]
[17.03100031],[-1.2634338e-13],1301,-25,[14.45540831]
[17.03100031],[-1.2634338e-13],1301,-25,[14.45540831]
[17.03100031],[-1.2634338e-13],1301,-25,[14.45540831]
[17.03100031],[-1.2634338e-13],1301,-25,[14.45540831]
[17.03100031],[-1.2634338e-13],1301,-25,[14.45540831]
[17.03100031],[-1.2634338e-13],1301,-25,[14.45540831]
[17.03100031],[-1.2634338e-13],1301,-25,[14.45540831]
[17.03100031],[-1.2634338e-13],1301,-25,[14.45540831]
[17.03100031],[-1.2634338e-13],1301,-25,[14.45540831]
[17.03100031],[-1.2634338e-13],1301,-25,[14.45540831]
[17.03100031],[-1.2634338e-13],1301,-25,[14.45540831]
[17.03100031],[-1.2634338e-13],1301,-25,[14.45540831]
[17.03100031],[-1.2634338e-13],1301,-25,[14.45540831]
[17.03100031],[-1.2634338e-13],1301,-25,[14.45540831]
[17.03100031],[-1.2634338e-13],1301,-25,[14.45540831]
[17.03100031],[-1.2634338e-13],1301,-25,[14.45540831]
[17.03100031],[-1.2634338e-13],1301,-25,[14.45540831]
[17.03100031],[-1.2634338e-13],1301,-25,[14.45540831]
[17.03100031],[-1.2634338e-13],1301,-25,[14.45540831]
[17.03100031],[-1.2634338e-13],1301,-25,[14.45540831]
[17.03100031],[-1.2634338e-13],1301,-25,[14.45540831]
[17.03100031],[-1.2634338e-13],1301,-25,[14.45540831]
[17.03100031],[-1.2634338e-13],1301,-25,[14.45540831]
[17.03100031],[-1.2634338e-13],1301,-25,[14.45540831]
[17.03100031],[-1.2634338e-13],1301,-25,[14.45540831]
[17.03100031],[-1.2634338e-13],1301,-25,[14.45540831]
[17.03100031],[-1.2634338e-13],1301,-25,[14.45540831]
[17.03100031],[-1.2634338e-13],1301,-25,[14.45540831]
[17.03100031],[-1.2634338e-13],1301,-25,[14.45540831]
[17.03100031],[-1.2634338e-13],1301,-25,[14.45540831]
[17.03100031],[-1.2634338e-13],1301,-25,[14.45540831]
[17.03100031],[-1.2634338e-13],1301,-25,[14.45540831]
[17.03100031],[-1.2634338e-13],1301,-25,[14.45540831]
[17.03100031],[-1.2634338e-13],1301,-25,[14.45540831]
[17.03100031],[-1.2634338e-13],1301,-25,[14.45540831]
[17.03100031],[-1.2634338e-13],1301,-25,[14.45540831]
[17.03100031],[-1.2634338e-13],1301,-25,[14.45540831]
[17.03100031],[-1.2634338e-13],1301,-25,[14.45540831]
[17.03100031],[-1.2634338e-13],1301,-25,[14.45540831]
[17.03100031],[-1.2634338e-13],1301,-25,[14.45540831]
[17.03100031],[-1.2634338e-13],1301,-25,[14.45540831]
[17.03100031],[-1.2634338e-13],1301,-25,[14.45540831]
[17.03100031],[-1.2634338e-13],1301,-25,[14.45540831]
[17.03100031],[-1.2634338e-13],1301,-25,[14.45540831]
[17.03100031],[-1.2634338e-13],1301,-25,[14.45540831]
[17.03100031],[-1.2634338e-13],1301,-25,[14.45540831]
[17.03100031],[-1.2634338e-13],1301,-25,[14.45540831]
[17.03100031],[-1.2634338e-13],1301,-25,[14.45540831]
[17.03100031],[-1.2634338e-13],1301,-25,[14.45540831]
[17.03100031],[-1.2634338e-13],1301,-25,[14.45540831]
[17.03100031],[-1.2634338e-13],1301,-25,[14.45540831]
[17.03100031],[-1.2634338e-13],1301,-25,[14.45540831]
[17.03100031],[-1.2634338e-13],1301,-25,[14.45540831]
[17.03100031],[-1.2634338e-13],1301,-25,[14.45540831]
[17.03100031],[-1.2634338e-13],1301,-25,[14.45540831]
[17.03100031],[-1.2634338e-13],1301,-25,[14.45540831]
[17.03100031],[-1.2634338e-13],1301,-25,[14.45540831]
[17.03100031],[-1.2634338e-13],1301,-25,[14.45540831]
[17.03100031],[-1.2634338e-13],1301,-25,[14.45540831]
[17.03100031],[-1.2634338e-13],1301,-25,[14.45540831]
[17.03100031],[-1.2634338e-13],1301,-25,[14.45540831]
[17.03100031],[-1.2634338e-13],1301,-25,[14.45540831]
[17.03100031],[-1.2634338e-13],1301,-25,[14.45540831]
[17.03100031],[-1.2634338e-13],1301,-25,[14.45540831]
[17.03100031],[-1.2634338e-13],1301,-25,[14.45540831]
[17.03100031],[-1.2634338e-13],1301,-25,[14.45540831]
[17.03100031],[-1.2634338e-13],1301,-25,[14.45540831]
[17.03100031],[-1.2634338e-13],1301,-25,[14.45540831]
[17.03100031],[-1.2634338e-13],1301,-25,[14.45540831]
[17.03100031],[-1.2634338e-13],1301,-25,[14.45540831]
[17.03100031],[-1.2634338e-13],1301,-25,[14.45540831]
[17.03100031],[-1.2634338e-13],1301,-25,[14.45540831]
[17.03100031],[-1.2634338e-13],1301,-25,[14.45540831]
[17.03100031],[-1.2634338e-13],1301,-25,[14.45540831]
[17.03100031],[-1.2634338e-13],1301,-25,[14.45540831]
[17.03100031],[-1.2634338e-13],1301,-25,[14.45540831]
[17.03100031],[-1.2634338e-13],1301,-25,[14.45540831]
[17.03100031],[-1.2634338e-13],1301,-25,[14.45540831]
[17.03100031],[-1.2634338e-13],1301,-25,[14.45540831]
[17.03100031],[-1.2634338e-13],1301,-25,[14.45540831]
[17.03100031],[-1.2634338e-13],1301,-25,[14.45540831]
[17.03100031],[-1.2634338e-13],1301,-25,[14.45540831]
[17.03100031],[-1.2634338e-13],1301,-25,[14.45540831]
[17.03100031],[-1.2634338e-13],1301,-25,[14.45540831]
[17.03100031],[-1.2634338e-13],1301,-25,[14.45540831]
[17.03100031],[-1.2634338e-13],1301,-25,[14.45540831]
[17.03100031],[-1.2634338e-13],1301,-25,[14.45540831]
[17.03100031],[-1.2634338e-13],1301,-25,[14.45540831]
[17.03100031],[-1.2634338e-13],1301,-25,[14.45540831]
[17.03100031],[-1.2634338e-13],1301,-25,[14.45540831]
[17.03100031],[-1.2634338e-13],1301,-25,[14.45540831]
[17.03100031],[-1.2634338e-13],1301,-25,[14.45540831]
[17.03100031],[-1.2634338e-13],1301,-25,[14.45540831]
[17.03100031],[-1.2634338e-13],1301,-25,[14.45540831]
[17.03100031],[-1.2634338e-13],1301,-25,[14.45540831]
[17.03100031],[-1.2634338e-13],1301,-25,[14.45540831]
[17.03100031],[-1.2634338e-13],1301,-25,[14.45540831]
[17.03100031],[-1.2634338e-13],1301,-25,[14.45540831]
[17.03100031],[-1.2634338e-13],1301,-25,[14.45540831]
[17.03100031],[-1.2634338e-13],1301,-25,[14.45540831]
[17.03100031],[-1.2634338e-13],1301,-25,[14.45540831]
[17.03100031],[-1.2634338e-13],1301,-25,[14.45540831]
[17.03100031],[-1.2634338e-13],1301,-25,[14.45540831]
[17.03100031],[-1.2634338e-13],1301,-25,[14.45540831]
[17.03100031],[-1.2634338e-13],1301,-25,[14.45540831]
[17.03100031],[-1.2634338e-13],1301,-25,[14.45540831]
[17.03100031],[-1.2634338e-13],1301,-25,[14.45540831]
[17.03100031],[-1.2634338e-13],1301,-25,[14.45540831]
[17.03100031],[-1.2634338e-13],1301,-25,[14.45540831]
[17.03100031],[-1.2634338e-13],1301,-25,[14.45540831]
[17.03100031],[-1.2634338e-13],1301,-25,[14.45540831]
[17.03100031],[-1.2634338e-13],1301,-25,[14.45540831]
[17.03100031],[-1.2634338e-13],1301,-25,[14.45540831]
[17.03100031],[-1.2634338e-13],1301,-25,[14.45540831]
[17.03100031],[-1.2634338e-13],1301,-25,[14.45540831]
[17.03100031],[-1.2634338e-13],1301,-25,[14.45540831]
[17.03100031],[-1.2634338e-13],1301,-25,[14.45540831]
[17.03100031],[-1.2634338e-13],1301,-25,[14.45540831]
[17.03100031],[-1.2634338e-13],1301,-25,[14.45540831]
[17.03100031],[-1.2634338e-13],1301,-25,[14.45540831]
[17.03100031],[-1.2634338e-13],1301,-25,[14.45540831]
[17.03100031],[-1.2634338e-13],1301,-25,[14.45540831]
[17.03100031],[-1.2634338e-13],1301,-25,[14.45540831]
[17.03100031],[-1.2634338e-13],1301,-25,[14.45540831]
[17.03100031],[-1.2634338e-13],1301,-25,[14.45540831]
[17.03100031],[-1.2634338e-13],1301,-25,[14.45540831]
[17.03100031],[-1.2634338e-13],1301,-25,[14.45540831]
[17.03100031],[-1.2634338e-13],1301,-25,[14.45540831]
[17.03100031],[-1.2634338e-13],1301,-25,[14.45540831]
[17.03100031],[-1.2634338e-13],1301,-25,[14.45540831]
[17.03100031],[-1.2634338e-13],1301,-25,[14.45540831]
[17.03100031],[-1.2634338e-13],1301,-25,[14.45540831]
[17.03100031],[-1.2634338e-13],1301,-25,[14.45540831]
[17.03100031],[-1.2634338e-13],1301,-25,[14.45540831]
[17.03100031],[-1.2634338e-13],1301,-25,[14.45540831]
[17.03100031],[-1.2634338e-13],1301,-25,[14.45540831]
[17.03100031],[-1.2634338e-13],1301,-25,[14.45540831]
[17.03100031],[-1.2634338e-13],1301,-25,[14.45540831]
[17.03100031],[-1.2634338e-13],1301,-25,[14.45540831]
[17.03100031],[-1.2634338e-13],1301,-25,[14.45540831]
[17.03100031],[-1.2634338e-13],1301,-25,[14.45540831]
[17.03100031],[-1.2634338e-13],1301,-25,[14.45540831]
[17.03100031],[-1.2634338e-13],1301,-25,[14.45540831]
[17.03100031],[-1.2634338e-13],1301,-25,[14.45540831]
[17.03100031],[-1.2634338e-13],1301,-25,[14.45540831]
[17.03100031],[-1.2634338e-13],1301,-25,[14.45540831]
[17.03100031],[-1.2634338e-13],1301,-25,[14.45540831]
[17.03100031],[-1.2634338e-13],1301,-25,[14.45540831]
[17.03100031],[-1.2634338e-13],1301,-25,[14.45540831]
[17.03100031],[-1.2634338e-13],1301,-25,[14.45540831]
[17.03100031],[-1.2634338e-13],1301,-25,[14.45540831]
[17.03100031],[-1.2634338e-13],1301,-25,[14.45540831]
[17.03100031],[-1.2634338e-13],1301,-25,[14.45540831]
[17.03100031],[-1.2634338e-13],1301,-25,[14.45540831]
[17.03100031],[-1.2634338e-13],1301,-25,[14.45540831]
[17.03100031],[-1.2634338e-13],1301,-25,[14.45540831]
[17.03100031],[-1.2634338e-13],1301,-25,[14.45540831]
[17.03100031],[-1.2634338e-13],1301,-25,[14.45540831]
[17.03100031],[-1.2634338e-13],1301,-25,[14.45540831]
[17.03100031],[-1.2634338e-13],1301,-25,[14.45540831]
[17.03100031],[-1.2634338e-13],1301,-25,[14.45540831]
[17.03100031],[-1.2634338e-13],1301,-25,[14.45540831]
[17.03100031],[-1.2634338e-13],1301,-25,[14.45540831]
[17.03100031],[-1.2634338e-13],1301,-25,[14.45540831]
[17.03100031],[-1.2634338e-13],1301,-25,[14.45540831]
[17.03100031],[-1.2634338e-13],1301,-25,[14.45540831]
[17.03100031],[-1.2634338e-13],1301,-25,[14.45540831]
[17.03100031],[-1.2634338e-13],1301,-25,[14.45540831]
[17.03100031],[-1.2634338e-13],1301,-25,[14.45540831]
[17.03100031],[-1.2634338e-13],1301,-25,[14.45540831]
[17.03100031],[-1.2634338e-13],1301,-25,[14.45540831]
[17.03100031],[-1.2634338e-13],1301,-25,[14.45540831]
[17.03100031],[-1.2634338e-13],1301,-25,[14.45540831]
[17.03100031],[-1.2634338e-13],1301,-25,[14.45540831]
[17.03100031],[-1.2634338e-13],1301,-25,[14.45540831]
[17.03100031],[-1.2634338e-13],1301,-25,[14.45540831]
[17.03100031],[-1.2634338e-13],1301,-25,[14.45540831]
[17.03100031],[-1.2634338e-13],1301,-25,[14.45540831]
[17.03100031],[-1.2634338e-13],1301,-25,[14.45540831]
[17.03100031],[-1.2634338e-13],1301,-25,[14.45540831]
[17.03100031],[-1.2634338e-13],1301,-25,[14.45540831]
[17.03100031],[-1.2634338e-13],1301,-25,[14.45540831]
[17.03100031],[-1.2634338e-13],1301,-25,[14.45540831]
[17.03100031],[-1.2634338e-13],1301,-25,[14.45540831]
[17.03100031],[-1.2634338e-13],1301,-25,[14.45540831]
[17.03100031],[-1.2634338e-13],1301,-25,[14.45540831]
[17.03100031],[-1.2634338e-13],1301,-25,[14.45540831]
[17.03100031],[-1.2634338e-13],1301,-25,[14.45540831]
[17.03100031],[-1.2634338e-13],1301,-25,[14.45540831]
[17.03100031],[-1.2634338e-13],1301,-25,[14.45540831]
[17.03100031],[-1.2634338e-13],1301,-25,[14.45540831]
[17.03100031],[-1.2634338e-13],1301,-25,[14.45540831]
[17.03100031],[-1.2634338e-13],1301,-25,[14.45540831]
[17.03100031],[-1.2634338e-13],1301,-25,[14.45540831]
[17.03100031],[-1.2634338e-13],1301,-25,[14.45540831]
[17.03100031],[-1.2634338e-13],1301,-25,[14.45540831]
[17.03100031],[-1.2634338e-13],1301,-25,[14.45540831]
[17.03100031],[-1.2634338e-13],1301,-25,[14.45540831]
[17.03100031],[-1.2634338e-13],1301,-25,[14.45540831]
[17.03100031],[-1.2634338e-13],1301,-25,[14.45540831]
[17.03100031],[-1.2634338e-13],1301,-25,[14.45540831]
[17.03100031],[-1.2634338e-13],1301,-25,[14.45540831]
[17.03100031],[-1.2634338e-13],1301,-25,[14.45540831]
[17.03100031],[-1.2634338e-13],1301,-25,[14.45540831]
[17.03100031],[-1.2634338e-13],1301,-25,[14.45540831]
[17.03100031],[-1.2634338e-13],1301,-25,[14.45540831]
[17.03100031],[-1.2634338e-13],1301,-25,[14.45540831]
[17.03100031],[-1.2634338e-13],1301,-25,[14.45540831]
[17.03100031],[-1.2634338e-13],1301,-25,[14.45540831]
[17.03100031],[-1.2634338e-13],1301,-25,[14.45540831]
[17.03100031],[-1.2634338e-13],1301,-25,[14.45540831]
[17.03100031],[-1.2634338e-13],1301,-25,[14.45540831]
[17.03100031],[-1.2634338e-13],1301,-25,[14.45540831]
[17.03100031],[-1.2634338e-13],1301,-25,[14.45540831]
[17.03100031],[-1.2634338e-13],1301,-25,[14.45540831]
[17.03100031],[-1.2634338e-13],1301,-25,[14.45540831]
[17.03100031],[-1.2634338e-13],1301,-25,[14.45540831]
[17.03100031],[-1.2634338e-13],1301,-25,[14.45540831]
[17.03100031],[-1.2634338e-13],1301,-25,[14.45540831]
[17.03100031],[-1.2634338e-13],1301,-25,[14.45540831]
[17.03100031],[-1.2634338e-13],1301,-25,[14.45540831]
[17.03100031],[-1.2634338e-13],1301,-25,[14.45540831]
[17.03100031],[-1.2634338e-13],1301,-25,[14.45540831]
[17.03100031],[-1.2634338e-13],1301,-25,[14.45540831]
[17.03100031],[-1.2634338e-13],1301,-25,[14.45540831]
[17.03100031],[-1.2634338e-13],1301,-25,[14.45540831]
[17.03100031],[-1.2634338e-13],1301,-25,[14.45540831]
[17.03100031],[-1.2634338e-13],1301,-25,[14.45540831]
[17.03100031],[-1.2634338e-13],1301,-25,[14.45540831]
[17.03100031],[-1.2634338e-13],1301,-25,[14.45540831]
[17.03100031],[-1.2634338e-13],1301,-25,[14.45540831]
[17.03100031],[-1.2634338e-13],1301,-25,[14.45540831]
[17.03100031],[-1.2634338e-13],1301,-25,[14.45540831]
[17.03100031],[-1.2634338e-13],1301,-25,[14.45540831]
[17.03100031],[-1.2634338e-13],1301,-25,[14.45540831]
[17.03100031],[-1.2634338e-13],1301,-25,[14.45540831]
[17.03100031],[-1.2634338e-13],1301,-25,[14.45540831]
[17.03100031],[-1.2634338e-13],1301,-25,[14.45540831]
[17.03100031],[-1.2634338e-13],1301,-25,[14.45540831]
[17.03100031],[-1.2634338e-13],1301,-25,[14.45540831]
[17.03100031],[-1.2634338e-13],1301,-25,[14.45540831]
[17.03100031],[-1.2634338e-13],1301,-25,[14.45540831]
[17.03100031],[-1.2634338e-13],1301,-25,[14.45540831]
[17.03100031],[-1.2634338e-13],1301,-25,[14.45540831]
[17.03100031],[-1.2634338e-13],1301,-25,[14.45540831]
[17.03100031],[-1.2634338e-13],1301,-25,[14.45540831]
[17.03100031],[-1.2634338e-13],1301,-25,[14.45540831]
[17.03100031],[-1.2634338e-13],1301,-25,[14.45540831]
[17.03100031],[-1.2634338e-13],1301,-25,[14.45540831]
[17.03100031],[-1.2634338e-13],1301,-25,[14.45540831]
[17.03100031],[-1.2634338e-13],1301,-25,[14.45540831]
[17.03100031],[-1.2634338e-13],1301,-25,[14.45540831]
[17.03100031],[-1.2634338e-13],1301,-25,[14.45540831]
[17.03100031],[-1.2634338e-13],1301,-25,[14.45540831]
[17.03100031],[-1.2634338e-13],1301,-25,[14.45540831]
[17.03100031],[-1.2634338e-13],1301,-25,[14.45540831]
[17.03100031],[-1.2634338e-13],1301,-25,[14.45540831]
[17.03100031],[-1.2634338e-13],1301,-25,[14.45540831]
[17.03100031],[-1.2634338e-13],1301,-25,[14.45540831]
[17.03100031],[-1.2634338e-13],1301,-25,[14.45540831]
[17.03100031],[-1.2634338e-13],1301,-25,[14.45540831]
[17.03100031],[-1.2634338e-13],1301,-25,[14.45540831]
[17.03100031],[-1.2634338e-13],1301,-25,[14.45540831]
[17.03100031],[-1.2634338e-13],1301,-25,[14.45540831]
[17.03100031],[-1.2634338e-13],1301,-25,[14.45540831]
[17.03100031],[-1.2634338e-13],1301,-25,[14.45540831]
[17.03100031],[-1.2634338e-13],1301,-25,[14.45540831]
[17.03100031],[-1.2634338e-13],1301,-25,[14.45540831]
[17.03100031],[-1.2634338e-13],1301,-25,[14.45540831]
[17.03100031],[-1.2634338e-13],1301,-25,[14.45540831]
[17.03100031],[-1.2634338e-13],1301,-25,[14.45540831]
[17.03100031],[-1.2634338e-13],1301,-25,[14.45540831]
[17.03100031],[-1.2634338e-13],1301,-25,[14.45540831]
[17.03100031],[-1.2634338e-13],1301,-25,[14.45540831]
[17.03100031],[-1.2634338e-13],1301,-25,[14.45540831]
[17.03100031],[-1.2634338e-13],1301,-25,[14.45540831]
[17.03100031],[-1.2634338e-13],1301,-25,[14.45540831]
[17.03100031],[-1.2634338e-13],1301,-25,[14.45540831]
[17.03100031],[-1.2634338e-13],1301,-25,[14.45540831]
[17.03100031],[-1.2634338e-13],1301,-25,[14.45540831]
[17.03100031],[-1.2634338e-13],1301,-25,[14.45540831]
[17.03100031],[-1.2634338e-13],1301,-25,[14.45540831]
[17.03100031],[-1.2634338e-13],1301,-25,[14.45540831]
[17.03100031],[-1.2634338e-13],1301,-25,[14.45540831]
[17.03100031],[-1.2634338e-13],1301,-25,[14.45540831]
[17.03100031],[-1.2634338e-13],1301,-25,[14.45540831]
[17.03100031],[-1.2634338e-13],1301,-25,[14.45540831]
[17.03100031],[-1.2634338e-13],1301,-25,[14.45540831]
[17.03100031],[-1.2634338e-13],1301,-25,[14.45540831]
[17.03100031],[-1.2634338e-13],1301,-25,[14.45540831]
[17.03100031],[-1.2634338e-13],1301,-25,[14.45540831]
[17.03100031],[-1.2634338e-13],1301,-25,[14.45540831]
[17.03100031],[-1.2634338e-13],1301,-25,[14.45540831]
[17.03100031],[-1.2634338e-13],1301,-25,[14.45540831]
[17.03100031],[-1.2634338e-13],1301,-25,[14.45540831]
[17.03100031],[-1.2634338e-13],1301,-25,[14.45540831]
[17.03100031],[-1.2634338e-13],1301,-25,[14.45540831]
[17.03100031],[-1.2634338e-13],1301,-25,[14.45540831]
[17.03100031],[-1.2634338e-13],1301,-25,[14.45540831]
[17.03100031],[-1.2634338e-13],1301,-25,[14.45540831]
[17.03100031],[-1.2634338e-13],1301,-25,[14.45540831]
[17.03100031],[-1.2634338e-13],1301,-25,[14.45540831]
[17.03100031],[-1.2634338e-13],1301,-25,[14.45540831]
[17.03100031],[-1.2634338e-13],1301,-25,[14.45540831]
[17.03100031],[-1.2634338e-13],1301,-25,[14.45540831]
[17.03100031],[-1.2634338e-13],1301,-25,[14.45540831]
[17.03100031],[-1.2634338e-13],1301,-25,[14.45540831]
[17.03100031],[-1.2634338e-13],1301,-25,[14.45540831]
[17.03100031],[-1.2634338e-13],1301,-25,[14.45540831]
[17.03100031],[-1.2634338e-13],1301,-25,[14.45540831]
[17.03100031],[-1.2634338e-13],1301,-25,[14.45540831]
[17.03100031],[-1.2634338e-13],1301,-25,[14.45540831]
[17.03100031],[-1.2634338e-13],1301,-25,[14.45540831]
[17.03100031],[-1.2634338e-13],1301,-25,[14.45540831]
[17.03100031],[-1.2634338e-13],1301,-25,[14.45540831]
[17.03100031],[-1.2634338e-13],1301,-25,[14.45540831]
[17.03100031],[-1.2634338e-13],1301,-25,[14.45540831]
[17.03100031],[-1.2634338e-13],1301,-25,[14.45540831]
[17.03100031],[-1.2634338e-13],1301,-25,[14.45540831]
[17.03100031],[-1.2634338e-13],1301,-25,[14.45540831]
[17.03100031],[-1.2634338e-13],1301,-25,[14.45540831]
[17.03100031],[-1.2634338e-13],1301,-25,[14.45540831]
[17.03100031],[-1.2634338e-13],1301,-25,[14.45540831]
[17.03100031],[-1.2634338e-13],1301,-25,[14.45540831]
[17.03100031],[-1.2634338e-13],1301,-25,[14.45540831]
[17.03100031],[-1.2634338e-13],1301,-25,[14.45540831]
[17.03100031],[-1.2634338e-13],1301,-25,[14.45540831]
[17.03100031],[-1.2634338e-13],1301,-25,[14.45540831]
[17.03100031],[-1.2634338e-13],1301,-25,[14.45540831]
[17.03100031],[-1.2634338e-13],1301,-25,[14.45540831]
[17.03100031],[-1.2634338e-13],1301,-25,[14.45540831]
[17.03100031],[-1.2634338e-13],1301,-25,[14.45540831]
[17.03100031],[-1.2634338e-13],1301,-25,[14.45540831]
[17.03100031],[-1.2634338e-13],1301,-25,[14.45540831]
[17.03100031],[-1.2634338e-13],1301,-25,[14.45540831]
[17.03100031],[-1.2634338e-13],1301,-25,[14.45540831]
[17.03100031],[-1.2634338e-13],1301,-25,[14.45540831]
[17.03100031],[-1.2634338e-13],1301,-25,[14.45540831]
[17.03100031],[-1.2634338e-13],1301,-25,[14.45540831]
[17.03100031],[-1.2634338e-13],1301,-25,[14.45540831]
[17.03100031],[-1.2634338e-13],1301,-25,[14.45540831]
[17.03100031],[-1.2634338e-13],1301,-25,[14.45540831]
[17.03100031],[-1.2634338e-13],1301,-25,[14.45540831]
[17.03100031],[-1.2634338e-13],1301,-25,[14.45540831]
[17.03100031],[-1.2634338e-13],1301,-25,[14.45540831]
[17.03100031],[-1.2634338e-13],1301,-25,[14.45540831]
[17.03100031],[-1.2634338e-13],1301,-25,[14.45540831]
[17.03100031],[-1.2634338e-13],1301,-25,[14.45540831]
[17.03100031],[-1.2634338e-13],1301,-25,[14.45540831]
[17.03100031],[-1.2634338e-13],1301,-25,[14.45540831]
[17.03100031],[-1.2634338e-13],1301,-25,[14.45540831]
[17.03100031],[-1.2634338e-13],1301,-25,[14.45540831]
[17.03100031],[-1.2634338e-13],1301,-25,[14.45540831]
[17.03100031],[-1.2634338e-13],1301,-25,[14.45540831]
[17.03100031],[-1.2634338e-13],1301,-25,[14.45540831]
[17.03100031],[-1.2634338e-13],1301,-25,[14.45540831]
[17.03100031],[-1.2634338e-13],1301,-25,[14.45540831]
[17.03100031],[-1.2634338e-13],1301,-25,[14.45540831]
[17.03100031],[-1.2634338e-13],1301,-25,[14.45540831]
[17.03100031],[-1.2634338e-13],1301,-25,[14.45540831]
[17.03100031],[-1.2634338e-13],1301,-25,[14.45540831]
[17.03100031],[-1.2634338e-13],1301,-25,[14.45540831]
[17.03100031],[-1.2634338e-13],1301,-25,[14.45540831]
[17.03100031],[-1.2634338e-13],1301,-25,[14.45540831]
[17.03100031],[-1.2634338e-13],1301,-25,[14.45540831]
[17.03100031],[-1.2634338e-13],1301,-25,[14.45540831]
[17.03100031],[-1.2634338e-13],1301,-25,[14.45540831]
[17.03100031],[-1.2634338e-13],1301,-25,[14.45540831]
[17.03100031],[-1.2634338e-13],1301,-25,[14.45540831]
[17.03100031],[-1.2634338e-13],1301,-25,[14.45540831]
[17.03100031],[-1.2634338e-13],1301,-25,[14.45540831]
[17.03100031],[-1.2634338e-13],1301,-25,[14.45540831]
[17.03100031],[-1.2634338e-13],1301,-25,[14.45540831]
[17.03100031],[-1.2634338e-13],1301,-25,[14.45540831]
[17.03100031],[-1.2634338e-13],1301,-25,[14.45540831]
[17.03100031],[-1.2634338e-13],1301,-25,[14.45540831]
[17.03100031],[-1.2634338e-13],1301,-25,[14.45540831]
[17.03100031],[-1.2634338e-13],1301,-25,[14.45540831]
[17.03100031],[-1.2634338e-13],1301,-25,[14.45540831]
[17.03100031],[-1.2634338e-13],1301,-25,[14.45540831]
[17.03100031],[-1.2634338e-13],1301,-25,[14.45540831]
[17.03100031],[-1.2634338e-13],1301,-25,[14.45540831]
[17.03100031],[-1.2634338e-13],1301,-25,[14.45540831]
[17.03100031],[-1.2634338e-13],1301,-25,[14.45540831]
[17.03100031],[-1.2634338e-13],1301,-25,[14.45540831]
[17.03100031],[-1.2634338e-13],1301,-25,[14.45540831]
[17.03100031],[-1.2634338e-13],1301,-25,[14.45540831]
[17.03100031],[-1.2634338e-13],1301,-25,[14.45540831]
[17.03100031],[-1.2634338e-13],1301,-25,[14.45540831]
[17.03100031],[-1.2634338e-13],1301,-25,[14.45540831]
[17.03100031],[-1.2634338e-13],1301,-25,[14.45540831]
[17.03100031],[-1.2634338e-13],1301,-25,[14.45540831]
[17.03100031],[-1.2634338e-13],1301,-25,[14.45540831]
[17.03100031],[-1.2634338e-13],1301,-25,[14.45540831]
[17.03100031],[-1.2634338e-13],1301,-25,[14.45540831]
[17.03100031],[-1.2634338e-13],1301,-25,[14.45540831]
[17.03100031],[-1.2634338e-13],1301,-25,[14.45540831]
[17.03100031],[-1.2634338e-13],1301,-25,[14.45540831]
[17.03100031],[-1.2634338e-13],1301,-25,[14.45540831]
[17.03100031],[-1.2634338e-13],1301,-25,[14.45540831]
[17.03100031],[-1.2634338e-13],1301,-25,[14.45540831]
[17.03100031],[-1.2634338e-13],1301,-25,[14.45540831]
[17.03100031],[-1.2634338e-13],1301,-25,[14.45540831]
[17.03100031],[-1.2634338e-13],1301,-25,[14.45540831]
[17.03100031],[-1.2634338e-13],1301,-25,[14.45540831]
[17.03100031],[-1.2634338e-13],1301,-25,[14.45540831]
[17.03100031],[-1.2634338e-13],1301,-25,[14.45540831]
[17.03100031],[-1.2634338e-13],1301,-25,[14.45540831]
[17.03100031],[-1.2634338e-13],1301,-25,[14.45540831]
[17.03100031],[-1.2634338e-13],1301,-25,[14.45540831]
[17.03100031],[-1.2634338e-13],1301,-25,[14.45540831]
[17.03100031],[-1.2634338e-13],1301,-25,[14.45540831]
[17.03100031],[-1.2634338e-13],1301,-25,[14.45540831]
[17.03100031],[-1.2634338e-13],1301,-25,[14.45540831]
[17.03100031],[-1.2634338e-13],1301,-25,[14.45540831]
[17.03100031],[-1.2634338e-13],1301,-25,[14.45540831]
[17.03100031],[-1.2634338e-13],1301,-25,[14.45540831]
[17.03100031],[-1.2634338e-13],1301,-25,[14.45540831]
[17.03100031],[-1.2634338e-13],1301,-25,[14.45540831]
[17.03100031],[-1.2634338e-13],1301,-25,[14.45540831]
[17.03100031],[-1.2634338e-13],1301,-25,[14.45540831]
[17.03100031],[-1.2634338e-13],1301,-25,[14.45540831]
[17.03100031],[-1.2634338e-13],1301,-25,[14.45540831]
[17.03100031],[-1.2634338e-13],1301,-25,[14.45540831]
[17.03100031],[-1.2634338e-13],1301,-25,[14.45540831]
[17.03100031],[-1.2634338e-13],1301,-25,[14.45540831]
[17.03100031],[-1.2634338e-13],1301,-25,[14.45540831]
[17.03100031],[-1.2634338e-13],1301,-25,[14.45540831]
[17.03100031],[-1.2634338e-13],1301,-25,[14.45540831]
[17.03100031],[-1.2634338e-13],1301,-25,[14.45540831]
[17.03100031],[-1.2634338e-13],1301,-25,[14.45540831]
[17.03100031],[-1.2634338e-13],1301,-25,[14.45540831]
[17.03100031],[-1.2634338e-13],1301,-25,[14.45540831]
[17.03100031],[-1.2634338e-13],1301,-25,[14.45540831]
[17.03100031],[-1.2634338e-13],1301,-25,[14.45540831]
[17.03100031],[-1.2634338e-13],1301,-25,[14.45540831]
[17.03100031],[-1.2634338e-13],1301,-25,[14.45540831]
[17.03100031],[-1.2634338e-13],1301,-25,[14.45540831]
[17.03100031],[-1.2634338e-13],1301,-25,[14.45540831]
[17.03100031],[-1.2634338e-13],1301,-25,[14.45540831]
[17.03100031],[-1.2634338e-13],1301,-25,[14.45540831]
[17.03100031],[-1.2634338e-13],1301,-25,[14.45540831]
[17.03100031],[-1.2634338e-13],1301,-25,[14.45540831]
[17.03100031],[-1.2634338e-13],1301,-25,[14.45540831]
[17.03100031],[-1.2634338e-13],1301,-25,[14.45540831]
[17.03100031],[-1.2634338e-13],1301,-25,[14.45540831]
[17.03100031],[-1.2634338e-13],1301,-25,[14.45540831]
[17.03100031],[-1.2634338e-13],1301,-25,[14.45540831]
[17.03100031],[-1.2634338e-13],1301,-25,[14.45540831]
[17.03100031],[-1.2634338e-13],1301,-25,[14.45540831]
[17.03100031],[-1.2634338e-13],1301,-25,[14.45540831]
[17.03100031],[-1.2634338e-13],1301,-25,[14.45540831]
[17.03100031],[-1.2634338e-13],1301,-25,[14.45540831]
[17.03100031],[-1.2634338e-13],1301,-25,[14.45540831]
[17.03100031],[-1.2634338e-13],1301,-25,[14.45540831]
[17.03100031],[-1.2634338e-13],1301,-25,[14.45540831]
[17.03100031],[-1.2634338e-13],1301,-25,[14.45540831]
[17.03100031],[-1.2634338e-13],1301,-25,[14.45540831]
[17.03100031],[-1.2634338e-13],1301,-25,[14.45540831]
[17.03100031],[-1.2634338e-13],1301,-25,[14.45540831]
[17.03100031],[-1.2634338e-13],1301,-25,[14.45540831]
[17.03100031],[-1.2634338e-13],1301,-25,[14.45540831]
[17.03100031],[-1.2634338e-13],1301,-25,[14.45540831]
[17.03100031],[-1.2634338e-13],1301,-25,[14.45540831]
[17.03100031],[-1.2634338e-13],1301,-25,[14.45540831]
[17.03100031],[-1.2634338e-13],1301,-25,[14.45540831]
[17.03100031],[-1.2634338e-13],1301,-25,[14.45540831]
[17.03100031],[-1.2634338e-13],1301,-25,[14.45540831]
[17.03100031],[-1.2634338e-13],1301,-25,[14.45540831]
[17.03100031],[-1.2634338e-13],1301,-25,[14.45540831]
[17.03100031],[-1.2634338e-13],1301,-25,[14.45540831]
[17.03100031],[-1.2634338e-13],1301,-25,[14.45540831]
[17.03100031],[-1.2634338e-13],1301,-25,[14.45540831]
[17.03100031],[-1.2634338e-13],1301,-25,[14.45540831]
[17.03100031],[-1.2634338e-13],1301,-25,[14.45540831]
[17.03100031],[-1.2634338e-13],1301,-25,[14.45540831]
[17.03100031],[-1.2634338e-13],1301,-25,[14.45540831]
[17.03100031],[-1.2634338e-13],1301,-25,[14.45540831]
[17.03100031],[-1.2634338e-13],1301,-25,[14.45540831]
[17.03100031],[-1.2634338e-13],1301,-25,[14.45540831]
[17.03100031],[-1.2634338e-13],1301,-25,[14.45540831]
[17.03100031],[-1.2634338e-13],1301,-25,[14.45540831]
[17.03100031],[-1.2634338e-13],1301,-25,[14.45540831]
[17.03100031],[-1.2634338e-13],1301,-25,[14.45540831]
[17.03100031],[-1.2634338e-13],1301,-25,[14.45540831]
[17.03100031],[-1.2634338e-13],1301,-25,[14.45540831]
[17.03100031],[-1.2634338e-13],1301,-25,[14.45540831]
[17.03100031],[-1.2634338e-13],1301,-25,[14.45540831]
[17.03100031],[-1.2634338e-13],1301,-25,[14.45540831]
[17.03100031],[-1.2634338e-13],1301,-25,[14.45540831]
[17.03100031],[-1.2634338e-13],1301,-25,[14.45540831]
[17.03100031],[-1.2634338e-13],1301,-25,[14.45540831]
[17.03100031],[-1.2634338e-13],1301,-25,[14.45540831]
[17.03100031],[-1.2634338e-13],1301,-25,[14.45540831]
[17.03100031],[-1.2634338e-13],1301,-25,[14.45540831]
[17.03100031],[-1.2634338e-13],1301,-25,[14.45540831]
[17.03100031],[-1.2634338e-13],1301,-25,[14.45540831]
[17.03100031],[-1.2634338e-13],1301,-25,[14.45540831]
[17.03100031],[-1.2634338e-13],1301,-25,[14.45540831]
[17.03100031],[-1.2634338e-13],1301,-25,[14.45540831]
[17.03100031],[-1.2634338e-13],1301,-25,[14.45540831]
[17.03100031],[-1.2634338e-13],1301,-25,[14.45540831]
[17.03100031],[-1.2634338e-13],1301,-25,[14.45540831]
[17.03100031],[-1.2634338e-13],1301,-25,[14.45540831]
[17.03100031],[-1.2634338e-13],1301,-25,[14.45540831]
[17.03100031],[-1.2634338e-13],1301,-25,[14.45540831]
[17.03100031],[-1.2634338e-13],1301,-25,[14.45540831]
[17.03100031],[-1.2634338e-13],1301,-25,[14.45540831]
[17.03100031],[-1.2634338e-13],1301,-25,[14.45540831]
[17.03100031],[-1.2634338e-13],1301,-25,[14.45540831]
[17.03100031],[-1.2634338e-13],1301,-25,[14.45540831]
[17.03100031],[-1.2634338e-13],1301,-25,[14.45540831]
[17.03100031],[-1.2634338e-13],1301,-25,[14.45540831]
[17.03100031],[-1.2634338e-13],1301,-25,[14.45540831]
[17.03100031],[-1.2634338e-13],1301,-25,[14.45540831]
[17.03100031],[-1.2634338e-13],1301,-25,[14.45540831]
[17.03100031],[-1.2634338e-13],1301,-25,[14.45540831]
[17.03100031],[-1.2634338e-13],1301,-25,[14.45540831]
[17.03100031],[-1.2634338e-13],1301,-25,[14.45540831]
[17.03100031],[-1.2634338e-13],1301,-25,[14.45540831]
[17.03100031],[-1.2634338e-13],1301,-25,[14.45540831]
[17.03100031],[-1.2634338e-13],1301,-25,[14.45540831]
[17.03100031],[-1.2634338e-13],1301,-25,[14.45540831]
[17.03100031],[-1.2634338e-13],1301,-25,[14.45540831]
[17.03100031],[-1.2634338e-13],1301,-25,[14.45540831]
[17.03100031],[-1.2634338e-13],1301,-25,[14.45540831]
[17.03100031],[-1.2634338e-13],1301,-25,[14.45540831]
[17.03100031],[-1.2634338e-13],1301,-25,[14.45540831]
[17.03100031],[-1.2634338e-13],1301,-25,[14.45540831]
[17.03100031],[-1.2634338e-13],1301,-25,[14.45540831]
[17.03100031],[-1.2634338e-13],1301,-25,[14.45540831]
[17.03100031],[-1.2634338e-13],1301,-25,[14.45540831]
[17.03100031],[-1.2634338e-13],1301,-25,[14.45540831]
[17.03100031],[-1.2634338e-13],1301,-25,[14.45540831]
[17.03100031],[-1.2634338e-13],1301,-25,[14.45540831]
[17.03100031],[-1.2634338e-13],1301,-25,[14.45540831]
[17.03100031],[-1.2634338e-13],1301,-25,[14.45540831]
[17.03100031],[-1.2634338e-13],1301,-25,[14.45540831]
[17.03100031],[-1.2634338e-13],1301,-25,[14.45540831]
[17.03100031],[-1.2634338e-13],1301,-25,[14.45540831]
[17.03100031],[-1.2634338e-13],1301,-25,[14.45540831]
[17.03100031],[-1.2634338e-13],1301,-25,[14.45540831]
[17.03100031],[-1.2634338e-13],1301,-25,[14.45540831]
[17.03100031],[-1.2634338e-13],1301,-25,[14.45540831]
[17.03100031],[-1.2634338e-13],1301,-25,[14.45540831]
[17.03100031],[-1.2634338e-13],1301,-25,[14.45540831]
[17.03100031],[-1.2634338e-13],1301,-25,[14.45540831]
[17.03100031],[-1.2634338e-13],1301,-25,[14.45540831]
[17.03100031],[-1.2634338e-13],1301,-25,[14.45540831]
[17.03100031],[-1.2634338e-13],1301,-25,[14.45540831]
[17.03100031],[-1.2634338e-13],1301,-25,[14.45540831]
[17.03100031],[-1.2634338e-13],1301,-25,[14.45540831]
[17.03100031],[-1.2634338e-13],1301,-25,[14.45540831]
[17.03100031],[-1.2634338e-13],1301,-25,[14.45540831]
[17.03100031],[-1.2634338e-13],1301,-25,[14.45540831]
[17.03100031],[-1.2634338e-13],1301,-25,[14.45540831]
[17.03100031],[-1.2634338e-13],1301,-25,[14.45540831]
[17.03100031],[-1.2634338e-13],1301,-25,[14.45540831]
[17.03100031],[-1.2634338e-13],1301,-25,[14.45540831]
[17.03100031],[-1.2634338e-13],1301,-25,[14.45540831]
[17.03100031],[-1.2634338e-13],1301,-25,[14.45540831]
[17.03100031],[-1.2634338e-13],1301,-25,[14.45540831]
[17.03100031],[-1.2634338e-13],1301,-25,[14.45540831]
[17.03100031],[-1.2634338e-13],1301,-25,[14.45540831]
[17.03100031],[-1.2634338e-13],1301,-25,[14.45540831]
[17.03100031],[-1.2634338e-13],1301,-25,[14.45540831]
[17.03100031],[-1.2634338e-13],1301,-25,[14.45540831]
[17.03100031],[-1.2634338e-13],1301,-25,[14.45540831]
[17.03100031],[-1.2634338e-13],1301,-25,[14.45540831]
[17.03100031],[-1.2634338e-13],1301,-25,[14.45540831]
[17.03100031],[-1.2634338e-13],1301,-25,[14.45540831]
[17.03100031],[-1.2634338e-13],1301,-25,[14.45540831]
[17.03100031],[-1.2634338e-13],1301,-25,[14.45540831]
[17.03100031],[-1.2634338e-13],1301,-25,[14.45540831]
[17.03100031],[-1.2634338e-13],1301,-25,[14.45540831]
[17.03100031],[-1.2634338e-13],1301,-25,[14.45540831]
[17.03100031],[-1.2634338e-13],1301,-25,[14.45540831]
[17.03100031],[-1.2634338e-13],1301,-25,[14.45540831]
[17.03100031],[-1.2634338e-13],1301,-25,[14.45540831]
[17.03100031],[-1.2634338e-13],1301,-25,[14.45540831]
[17.03100031],[-1.2634338e-13],1301,-25,[14.45540831]
[17.03100031],[-1.2634338e-13],1301,-25,[14.45540831]
[17.03100031],[-1.2634338e-13],1301,-25,[14.45540831]
[17.03100031],[-1.2634338e-13],1301,-25,[14.45540831]
[17.03100031],[-1.2634338e-13],1301,-25,[14.45540831]
[17.03100031],[-1.2634338e-13],1301,-25,[14.45540831]
[17.03100031],[-1.2634338e-13],1301,-25,[14.45540831]
[17.03100031],[-1.2634338e-13],1301,-25,[14.45540831]
[17.03100031],[-1.2634338e-13],1301,-25,[14.45540831]
[17.03100031],[-1.2634338e-13],1301,-25,[14.45540831]
[17.03100031],[-1.2634338e-13],1301,-25,[14.45540831]
[17.03100031],[-1.2634338e-13],1301,-25,[14.45540831]
[17.03100031],[-1.2634338e-13],1301,-25,[14.45540831]
[17.03100031],[-1.2634338e-13],1301,-25,[14.45540831]
[17.03100031],[-1.2634338e-13],1301,-25,[14.45540831]
[17.03100031],[-1.2634338e-13],1301,-25,[14.45540831]
[17.03100031],[-1.2634338e-13],1301,-25,[14.45540831]
[17.03100031],[-1.2634338e-13],1301,-25,[14.45540831]
[17.03100031],[-1.2634338e-13],1301,-25,[14.45540831]
[17.03100031],[-1.2634338e-13],1301,-25,[14.45540831]
[17.03100031],[-1.2634338e-13],1301,-25,[14.45540831]
[17.03100031],[-1.2634338e-13],1301,-25,[14.45540831]
[17.03100031],[-1.2634338e-13],1301,-25,[14.45540831]
[17.03100031],[-1.2634338e-13],1301,-25,[14.45540831]
[17.03100031],[-1.2634338e-13],1301,-25,[14.45540831]
[17.03100031],[-1.2634338e-13],1301,-25,[14.45540831]
[17.03100031],[-1.2634338e-13],1301,-25,[14.45540831]
[17.03100031],[-1.2634338e-13],1301,-25,[14.45540831]
[17.03100031],[-1.2634338e-13],1301,-25,[14.45540831]
[17.03100031],[-1.2634338e-13],1301,-25,[14.45540831]
[17.03100031],[-1.2634338e-13],1301,-25,[14.45540831]
[17.03100031],[-1.2634338e-13],1301,-25,[14.45540831]
[17.03100031],[-1.2634338e-13],1301,-25,[14.45540831]
[17.03100031],[-1.2634338e-13],1301,-25,[14.45540831]
[17.03100031],[-1.2634338e-13],1301,-25,[14.45540831]
[17.03100031],[-1.2634338e-13],1301,-25,[14.45540831]
[17.03100031],[-1.2634338e-13],1301,-25,[14.45540831]
[17.03100031],[-1.2634338e-13],1301,-25,[14.45540831]
[17.03100031],[-1.2634338e-13],1301,-25,[14.45540831]
[17.03100031],[-1.2634338e-13],1301,-25,[14.45540831]
[17.03100031],[-1.2634338e-13],1301,-25,[14.45540831]
[17.03100031],[-1.2634338e-13],1301,-25,[14.45540831]
[17.03100031],[-1.2634338e-13],1301,-25,[14.45540831]
[17.03100031],[-1.2634338e-13],1301,-25,[14.45540831]
[17.03100031],[-1.2634338e-13],1301,-25,[14.45540831]
[17.03100031],[-1.2634338e-13],1301,-25,[14.45540831]
[17.03100031],[-1.2634338e-13],1301,-25,[14.45540831]
[17.03100031],[-1.2634338e-13],1301,-25,[14.45540831]
[17.03100031],[-1.2634338e-13],1301,-25,[14.45540831]
[17.03100031],[-1.2634338e-13],1301,-25,[14.45540831]
[17.03100031],[-1.2634338e-13],1301,-25,[14.45540831]
[17.03100031],[-1.2634338e-13],1301,-25,[14.45540831]
[17.03100031],[-1.2634338e-13],1301,-25,[14.45540831]
[17.03100031],[-1.2634338e-13],1301,-25,[14.45540831]
[17.03100031],[-1.2634338e-13],1301,-25,[14.45540831]
[17.03100031],[-1.2634338e-13],1301,-25,[14.45540831]
[17.03100031],[-1.2634338e-13],1301,-25,[14.45540831]
[17.03100031],[-1.2634338e-13],1301,-25,[14.45540831]
[17.03100031],[-1.2634338e-13],1301,-25,[14.45540831]
[17.03100031],[-1.2634338e-13],1301,-25,[14.45540831]
[17.03100031],[-1.2634338e-13],1301,-25,[14.45540831]
[17.03100031],[-1.2634338e-13],1301,-25,[14.45540831]
[17.03100031],[-1.2634338e-13],1301,-25,[14.45540831]
[17.03100031],[-1.2634338e-13],1301,-25,[14.45540831]
[17.03100031],[-1.2634338e-13],1301,-25,[14.45540831]
[17.03100031],[-1.2634338e-13],1301,-25,[14.45540831]
[17.03100031],[-1.2634338e-13],1301,-25,[14.45540831]
[17.03100031],[-1.2634338e-13],1301,-25,[14.45540831]
[17.03100031],[-1.2634338e-13],1301,-25,[14.45540831]
[17.03100031],[-1.2634338e-13],1301,-25,[14.45540831]
[17.03100031],[-1.2634338e-13],1301,-25,[14.45540831]
[17.03100031],[-1.2634338e-13],1301,-25,[14.45540831]
[17.03100031],[-1.2634338e-13],1301,-25,[14.45540831]
[17.03100031],[-1.2634338e-13],1301,-25,[14.45540831]
[17.03100031],[-1.2634338e-13],1301,-25,[14.45540831]
[17.03100031],[-1.2634338e-13],1301,-25,[14.45540831]
[17.03100031],[-1.2634338e-13],1301,-25,[14.45540831]
[17.03100031],[-1.2634338e-13],1301,-25,[14.45540831]
[17.03100031],[-1.2634338e-13],1301,-25,[14.45540831]
[17.03100031],[-1.2634338e-13],1301,-25,[14.45540831]
[17.03100031],[-1.2634338e-13],1301,-25,[14.45540831]
[17.03100031],[-1.2634338e-13],1301,-25,[14.45540831]
[17.03100031],[-1.2634338e-13],1301,-25,[14.45540831]
[17.03100031],[-1.2634338e-13],1301,-25,[14.45540831]
[17.03100031],[-1.2634338e-13],1301,-25,[14.45540831]
[17.03100031],[-1.2634338e-13],1301,-25,[14.45540831]
[17.03100031],[-1.2634338e-13],1301,-25,[14.45540831]
[17.03100031],[-1.2634338e-13],1301,-25,[14.45540831]
[17.03100031],[-1.2634338e-13],1301,-25,[14.45540831]
[17.03100031],[-1.2634338e-13],1301,-25,[14.45540831]
[17.03100031],[-1.2634338e-13],1301,-25,[14.45540831]
[17.03100031],[-1.2634338e-13],1301,-25,[14.45540831]
[17.03100031],[-1.2634338e-13],1301,-25,[14.45540831]
[17.03100031],[-1.2634338e-13],1301,-25,[14.45540831]
[17.03100031],[-1.2634338e-13],1301,-25,[14.45540831]
[17.03100031],[-1.2634338e-13],1301,-25,[14.45540831]
[17.03100031],[-1.2634338e-13],1301,-25,[14.45540831]
[17.03100031],[-1.2634338e-13],1301,-25,[14.45540831]
[17.03100031],[-1.2634338e-13],1301,-25,[14.45540831]
[17.03100031],[-1.2634338e-13],1301,-25,[14.45540831]
[17.03100031],[-1.2634338e-13],1301,-25,[14.45540831]
[17.03100031],[-1.2634338e-13],1301,-25,[14.45540831]
[17.03100031],[-1.2634338e-13],1301,-25,[14.45540831]
[17.03100031],[-1.2634338e-13],1301,-25,[14.45540831]
[17.03100031],[-1.2634338e-13],1301,-25,[14.45540831]
[17.03100031],[-1.2634338e-13],1301,-25,[14.45540831]
[17.03100031],[-1.2634338e-13],1301,-25,[14.45540831]
[17.03100031],[-1.2634338e-13],1301,-25,[14.45540831]
[17.03100031],[-1.2634338e-13],1301,-25,[14.45540831]
[17.03100031],[-1.2634338e-13],1301,-25,[14.45540831]
[17.03100031],[-1.2634338e-13],1301,-25,[14.45540831]
[17.03100031],[-1.2634338e-13],1301,-25,[14.45540831]
[17.03100031],[-1.2634338e-13],1301,-25,[14.45540831]
[17.03100031],[-1.2634338e-13],1301,-25,[14.45540831]
[17.03100031],[-1.2634338e-13],1301,-25,[14.45540831]
[17.03100031],[-1.2634338e-13],1301,-25,[14.45540831]
[17.03100031],[-1.2634338e-13],1301,-25,[14.45540831]
[17.03100031],[-1.2634338e-13],1301,-25,[14.45540831]
[17.03100031],[-1.2634338e-13],1301,-25,[14.45540831]
[17.03100031],[-1.2634338e-13],1301,-25,[14.45540831]
[17.03100031],[-1.2634338e-13],1301,-25,[14.45540831]
[17.03100031],[-1.2634338e-13],1301,-25,[14.45540831]
[17.03100031],[-1.2634338e-13],1301,-25,[14.45540831]
[17.03100031],[-1.2634338e-13],1301,-25,[14.45540831]
[17.03100031],[-1.2634338e-13],1301,-25,[14.45540831]
[17.03100031],[-1.2634338e-13],1301,-25,[14.45540831]
[17.03100031],[-1.2634338e-13],1301,-25,[14.45540831]
[17.03100031],[-1.2634338e-13],1301,-25,[14.45540831]
[17.03100031],[-1.2634338e-13],1301,-25,[14.45540831]
[17.03100031],[-1.2634338e-13],1301,-25,[14.45540831]
[17.03100031],[-1.2634338e-13],1301,-25,[14.45540831]
[17.03100031],[-1.2634338e-13],1301,-25,[14.45540831]
[17.03100031],[-1.2634338e-13],1301,-25,[14.45540831]
[17.03100031],[-1.2634338e-13],1301,-25,[14.45540831]
[17.03100031],[-1.2634338e-13],1301,-25,[14.45540831]
[17.03100031],[-1.2634338e-13],1301,-25,[14.45540831]
[17.03100031],[-1.2634338e-13],1301,-25,[14.45540831]
[17.03100031],[-1.2634338e-13],1301,-25,[14.45540831]
[17.03100031],[-1.2634338e-13],1301,-25,[14.45540831]
[17.03100031],[-1.2634338e-13],1301,-25,[14.45540831]
[17.03100031],[-1.2634338e-13],1301,-25,[14.45540831]
[17.03100031],[-1.2634338e-13],1301,-25,[14.45540831]
[17.03100031],[-1.2634338e-13],1301,-25,[14.45540831]
[17.03100031],[-1.2634338e-13],1301,-25,[14.45540831]
[17.03100031],[-1.2634338e-13],1301,-25,[14.45540831]
[17.03100031],[-1.2634338e-13],1301,-25,[14.45540831]
[17.03100031],[-1.2634338e-13],1301,-25,[14.45540831]
[17.03100031],[-1.2634338e-13],1301,-25,[14.45540831]
[17.03100031],[-1.2634338e-13],1301,-25,[14.45540831]
[17.03100031],[-1.2634338e-13],1301,-25,[14.45540831]
[17.03100031],[-1.2634338e-13],1301,-25,[14.45540831]
[17.03100031],[-1.2634338e-13],1301,-25,[14.45540831]
[17.03100031],[-1.2634338e-13],1301,-25,[14.45540831]
[17.03100031],[-1.2634338e-13],1301,-25,[14.45540831]
[17.03100031],[-1.2634338e-13],1301,-25,[14.45540831]
[17.03100031],[-1.2634338e-13],1301,-25,[14.45540831]
[17.03100031],[-1.2634338e-13],1301,-25,[14.45540831]
[17.03100031],[-1.2634338e-13],1301,-25,[14.45540831]
[17.03100031],[-1.2634338e-13],1301,-25,[14.45540831]
[17.03100031],[-1.2634338e-13],1301,-25,[14.45540831]
[17.03100031],[-1.2634338e-13],1301,-25,[14.45540831]
[17.03100031],[-1.2634338e-13],1301,-25,[14.45540831]
[17.03100031],[-1.2634338e-13],1301,-25,[14.45540831]
[17.03100031],[-1.2634338e-13],1301,-25,[14.45540831]
[17.03100031],[-1.2634338e-13],1301,-25,[14.45540831]
[17.03100031],[-1.2634338e-13],1301,-25,[14.45540831]
[17.03100031],[-1.2634338e-13],1301,-25,[14.45540831]
[17.03100031],[-1.2634338e-13],1301,-25,[14.45540831]
[17.03100031],[-1.2634338e-13],1301,-25,[14.45540831]
[17.03100031],[-1.2634338e-13],1301,-25,[14.45540831]
[17.03100031],[-1.2634338e-13],1301,-25,[14.45540831]
[17.03100031],[-1.2634338e-13],1301,-25,[14.45540831]
[17.03100031],[-1.2634338e-13],1301,-25,[14.45540831]
[17.03100031],[-1.2634338e-13],1301,-25,[14.45540831]
[17.03100031],[-1.2634338e-13],1301,-25,[14.45540831]
[17.03100031],[-1.2634338e-13],1301,-25,[14.45540831]
[17.03100031],[-1.2634338e-13],1301,-25,[14.45540831]
[17.03100031],[-1.2634338e-13],1301,-25,[14.45540831]
[17.03100031],[-1.2634338e-13],1301,-25,[14.45540831]
[17.03100031],[-1.2634338e-13],1301,-25,[14.45540831]
[17.03100031],[-1.2634338e-13],1301,-25,[14.45540831]
[17.03100031],[-1.2634338e-13],1301,-25,[14.45540831]
[17.03100031],[-1.2634338e-13],1301,-25,[14.45540831]
[17.03100031],[-1.2634338e-13],1301,-25,[14.45540831]
[17.03100031],[-1.2634338e-13],1301,-25,[14.45540831]
[17.03100031],[-1.2634338e-13],1301,-25,[14.45540831]
[17.03100031],[-1.2634338e-13],1301,-25,[14.45540831]
[17.03100031],[-1.2634338e-13],1301,-25,[14.45540831]
[17.03100031],[-1.2634338e-13],1301,-25,[14.45540831]
[17.03100031],[-1.2634338e-13],1301,-25,[14.45540831]
[17.03100031],[-1.2634338e-13],1301,-25,[14.45540831]
[17.03100031],[-1.2634338e-13],1301,-25,[14.45540831]
[17.03100031],[-1.2634338e-13],1301,-25,[14.45540831]
[17.03100031],[-1.2634338e-13],1301,-25,[14.45540831]
[17.03100031],[-1.2634338e-13],1301,-25,[14.45540831]
[17.03100031],[-1.2634338e-13],1301,-25,[14.45540831]
[17.03100031],[-1.2634338e-13],1301,-25,[14.45540831]
[17.03100031],[-1.2634338e-13],1301,-25,[14.45540831]
[17.03100031],[-1.2634338e-13],1301,-25,[14.45540831]
[17.03100031],[-1.2634338e-13],1301,-25,[14.45540831]
[17.03100031],[-1.2634338e-13],1301,-25,[14.45540831]
[17.03100031],[-1.2634338e-13],1301,-25,[14.45540831]
[17.03100031],[-1.2634338e-13],1301,-25,[14.45540831]
[17.03100031],[-1.2634338e-13],1301,-25,[14.45540831]
[17.03100031],[-1.2634338e-13],1301,-25,[14.45540831]
[17.03100031],[-1.2634338e-13],1301,-25,[14.45540831]
[17.03100031],[-1.2634338e-13],1301,-25,[14.45540831]
[17.03100031],[-1.2634338e-13],1301,-25,[14.45540831]
[17.03100031],[-1.2634338e-13],1301,-25,[14.45540831]
[17.03100031],[-1.2634338e-13],1301,-25,[14.45540831]
[17.03100031],[-1.2634338e-13],1301,-25,[14.45540831]
[17.03100031],[-1.2634338e-13],1301,-25,[14.45540831]
[17.03100031],[-1.2634338e-13],1301,-25,[14.45540831]
[17.03100031],[-1.2634338e-13],1301,-25,[14.45540831]
[17.03100031],[-1.2634338e-13],1301,-25,[14.45540831]
[17.03100031],[-1.2634338e-13],1301,-25,[14.45540831]
[17.03100031],[-1.2634338e-13],1301,-25,[14.45540831]
[17.03100031],[-1.2634338e-13],1301,-25,[14.45540831]
[17.03100031],[-1.2634338e-13],1301,-25,[14.45540831]
[17.03100031],[-1.2634338e-13],1301,-25,[14.45540831]
[17.03100031],[-1.2634338e-13],1301,-25,[14.45540831]
[17.03100031],[-1.2634338e-13],1301,-25,[14.45540831]
[17.03100031],[-1.2634338e-13],1301,-25,[14.45540831]
[17.03100031],[-1.2634338e-13],1301,-25,[14.45540831]
[17.03100031],[-1.2634338e-13],1301,-25,[14.45540831]
[17.03100031],[-1.2634338e-13],1301,-25,[14.45540831]
[17.03100031],[-1.2634338e-13],1301,-25,[14.45540831]
[17.03100031],[-1.2634338e-13],1301,-25,[14.45540831]
[17.03100031],[-1.2634338e-13],1301,-25,[14.45540831]
[17.03100031],[-1.2634338e-13],1301,-25,[14.45540831]
[17.03100031],[-1.2634338e-13],1301,-25,[14.45540831]
[17.03100031],[-1.2634338e-13],1301,-25,[14.45540831]
[17.03100031],[-1.2634338e-13],1301,-25,[14.45540831]
[17.03100031],[-1.2634338e-13],1301,-25,[14.45540831]
[17.03100031],[-1.2634338e-13],1301,-25,[14.45540831]
[17.03100031],[-1.2634338e-13],1301,-25,[14.45540831]
[17.03100031],[-1.2634338e-13],1301,-25,[14.45540831]
[17.03100031],[-1.2634338e-13],1301,-25,[14.45540831]
[17.03100031],[-1.2634338e-13],1301,-25,[14.45540831]
[17.03100031],[-1.2634338e-13],1301,-25,[14.45540831]
[17.03100031],[-1.2634338e-13],1301,-25,[14.45540831]
[17.03100031],[-1.2634338e-13],1301,-25,[14.45540831]
[17.03100031],[-1.2634338e-13],1301,-25,[14.45540831]
[17.03100031],[-1.2634338e-13],1301,-25,[14.45540831]
[17.03100031],[-1.2634338e-13],1301,-25,[14.45540831]
[17.03100031],[-1.2634338e-13],1301,-25,[14.45540831]
[17.03100031],[-1.2634338e-13],1301,-25,[14.45540831]
[17.03100031],[-1.2634338e-13],1301,-25,[14.45540831]
[17.03100031],[-1.2634338e-13],1301,-25,[14.45540831]
[17.03100031],[-1.2634338e-13],1301,-25,[14.45540831]
[17.03100031],[-1.2634338e-13],1301,-25,[14.45540831]
[17.03100031],[-1.2634338e-13],1301,-25,[14.45540831]
[17.03100031],[-1.2634338e-13],1301,-25,[14.45540831]
[17.03100031],[-1.2634338e-13],1301,-25,[14.45540831]
[17.03100031],[-1.2634338e-13],1301,-25,[14.45540831]
[17.03100031],[-1.2634338e-13],1301,-25,[14.45540831]
[17.03100031],[-1.2634338e-13],1301,-25,[14.45540831]
[17.03100031],[-1.2634338e-13],1301,-25,[14.45540831]
[17.03100031],[-1.2634338e-13],1301,-25,[14.45540831]
[17.03100031],[-1.2634338e-13],1301,-25,[14.45540831]
[17.03100031],[-1.2634338e-13],1301,-25,[14.45540831]
[17.03100031],[-1.2634338e-13],1301,-25,[14.45540831]
[17.03100031],[-1.2634338e-13],1301,-25,[14.45540831]
[17.03100031],[-1.2634338e-13],1301,-25,[14.45540831]
[17.03100031],[-1.2634338e-13],1301,-25,[14.45540831]
[17.03100031],[-1.2634338e-13],1301,-25,[14.45540831]
[17.03100031],[-1.2634338e-13],1301,-25,[14.45540831]
[17.03100031],[-1.2634338e-13],1301,-25,[14.45540831]
[17.03100031],[-1.2634338e-13],1301,-25,[14.45540831]
[17.03100031],[-1.2634338e-13],1301,-25,[14.45540831]
[17.03100031],[-1.2634338e-13],1301,-25,[14.45540831]
[17.03100031],[-1.2634338e-13],1301,-25,[14.45540831]
[17.03100031],[-1.2634338e-13],1301,-25,[14.45540831]
[17.03100031],[-1.2634338e-13],1301,-25,[14.45540831]
[17.03100031],[-1.2634338e-13],1301,-25,[14.45540831]
[17.03100031],[-1.2634338e-13],1301,-25,[14.45540831]
[17.03100031],[-1.2634338e-13],1301,-25,[14.45540831]
[17.03100031],[-1.2634338e-13],1301,-25,[14.45540831]
[17.03100031],[-1.2634338e-13],1301,-25,[14.45540831]
[17.03100031],[-1.2634338e-13],1301,-25,[14.45540831]
[17.03100031],[-1.2634338e-13],1301,-25,[14.45540831]
[17.03100031],[-1.2634338e-13],1301,-25,[14.45540831]
[17.03100031],[-1.2634338e-13],1301,-25,[14.45540831]
[17.03100031],[-1.2634338e-13],1301,-25,[14.45540831]
[17.03100031],[-1.2634338e-13],1301,-25,[14.45540831]
[17.03100031],[-1.2634338e-13],1301,-25,[14.45540831]
[17.03100031],[-1.2634338e-13],1301,-25,[14.45540831]
[17.03100031],[-1.2634338e-13],1301,-25,[14.45540831]
[17.03100031],[-1.2634338e-13],1301,-25,[14.45540831]
[17.03100031],[-1.2634338e-13],1301,-25,[14.45540831]
[17.03100031],[-1.2634338e-13],1301,-25,[14.45540831]
[17.03100031],[-1.2634338e-13],1301,-25,[14.45540831]
[17.03100031],[-1.2634338e-13],1301,-25,[14.45540831]
[17.03100031],[-1.2634338e-13],1301,-25,[14.45540831]
[17.03100031],[-1.2634338e-13],1301,-25,[14.45540831]
[17.03100031],[-1.2634338e-13],1301,-25,[14.45540831]
[17.03100031],[-1.2634338e-13],1301,-25,[14.45540831]
[17.03100031],[-1.2634338e-13],1301,-25,[14.45540831]
[17.03100031],[-1.2634338e-13],1301,-25,[14.45540831]
[17.03100031],[-1.2634338e-13],1301,-25,[14.45540831]
[17.03100031],[-1.2634338e-13],1301,-25,[14.45540831]
[17.03100031],[-1.2634338e-13],1301,-25,[14.45540831]
[17.03100031],[-1.2634338e-13],1301,-25,[14.45540831]
[17.03100031],[-1.2634338e-13],1301,-25,[14.45540831]
[17.03100031],[-1.2634338e-13],1301,-25,[14.45540831]
[17.03100031],[-1.2634338e-13],1301,-25,[14.45540831]
[17.03100031],[-1.2634338e-13],1301,-25,[14.45540831]
[17.03100031],[-1.2634338e-13],1301,-25,[14.45540831]
[17.03100031],[-1.2634338e-13],1301,-25,[14.45540831]
[17.03100031],[-1.2634338e-13],1301,-25,[14.45540831]
[17.03100031],[-1.2634338e-13],1301,-25,[14.45540831]
[17.03100031],[-1.2634338e-13],1301,-25,[14.45540831]
[17.03100031],[-1.2634338e-13],1301,-25,[14.45540831]
[17.03100031],[-1.2634338e-13],1301,-25,[14.45540831]
[17.03100031],[-1.2634338e-13],1301,-25,[14.45540831]
[17.03100031],[-1.2634338e-13],1301,-25,[14.45540831]
[17.03100031],[-1.2634338e-13],1301,-25,[14.45540831]
[17.03100031],[-1.2634338e-13],1301,-25,[14.45540831]
[17.03100031],[-1.2634338e-13],1301,-25,[14.45540831]
[17.03100031],[-1.2634338e-13],1301,-25,[14.45540831]
[17.03100031],[-1.2634338e-13],1301,-25,[14.45540831]
[17.03100031],[-1.2634338e-13],1301,-25,[14.45540831]
[17.03100031],[-1.2634338e-13],1301,-25,[14.45540831]
[17.03100031],[-1.2634338e-13],1301,-25,[14.45540831]
[17.03100031],[-1.2634338e-13],1301,-25,[14.45540831]
[17.03100031],[-1.2634338e-13],1301,-25,[14.45540831]
[17.03100031],[-1.2634338e-13],1301,-25,[14.45540831]
[17.03100031],[-1.2634338e-13],1301,-25,[14.45540831]
[17.03100031],[-1.2634338e-13],1301,-25,[14.45540831]
[17.03100031],[-1.2634338e-13],1301,-25,[14.45540831]
[17.03100031],[-1.2634338e-13],1301,-25,[14.45540831]
[17.03100031],[-1.2634338e-13],1301,-25,[14.45540831]
[17.03100031],[-1.2634338e-13],1301,-25,[14.45540831]
[17.03100031],[-1.2634338e-13],1301,-25,[14.45540831]
[17.03100031],[-1.2634338e-13],1301,-25,[14.45540831]
[17.03100031],[-1.2634338e-13],1301,-25,[14.45540831]
[17.03100031],[-1.2634338e-13],1301,-25,[14.45540831]
[17.03100031],[-1.2634338e-13],1301,-25,[14.45540831]
[17.03100031],[-1.2634338e-13],1301,-25,[14.45540831]
[17.03100031],[-1.2634338e-13],1301,-25,[14.45540831]
[17.03100031],[-1.2634338e-13],1301,-25,[14.45540831]
[17.03100031],[-1.2634338e-13],1301,-25,[14.45540831]
[17.03100031],[-1.2634338e-13],1301,-25,[14.45540831]
[17.03100031],[-1.2634338e-13],1301,-25,[14.45540831]
[17.03100031],[-1.2634338e-13],1301,-25,[14.45540831]
[17.03100031],[-1.2634338e-13],1301,-25,[14.45540831]
[17.03100031],[-1.2634338e-13],1301,-25,[14.45540831]
[17.03100031],[-1.2634338e-13],1301,-25,[14.45540831]
[17.03100031],[-1.2634338e-13],1301,-25,[14.45540831]
[17.03100031],[-1.2634338e-13],1301,-25,[14.45540831]
[17.03100031],[-1.2634338e-13],1301,-25,[14.45540831]
[17.03100031],[-1.2634338e-13],1301,-25,[14.45540831]
[17.03100031],[-1.2634338e-13],1301,-25,[14.45540831]
[17.03100031],[-1.2634338e-13],1301,-25,[14.45540831]
[17.03100031],[-1.2634338e-13],1301,-25,[14.45540831]
[17.03100031],[-1.2634338e-13],1301,-25,[14.45540831]
[17.03100031],[-1.2634338e-13],1301,-25,[14.45540831]
[17.03100031],[-1.2634338e-13],1301,-25,[14.45540831]
[17.03100031],[-1.2634338e-13],1301,-25,[14.45540831]
[17.03100031],[-1.2634338e-13],1301,-25,[14.45540831]
[17.03100031],[-1.2634338e-13],1301,-25,[14.45540831]
[17.03100031],[-1.2634338e-13],1301,-25,[14.45540831]
[17.03100031],[-1.2634338e-13],1301,-25,[14.45540831]
[17.03100031],[-1.2634338e-13],1301,-25,[14.45540831]
[17.03100031],[-1.2634338e-13],1301,-25,[14.45540831]
[17.03100031],[-1.2634338e-13],1301,-25,[14.45540831]
[17.03100031],[-1.2634338e-13],1301,-25,[14.45540831]
[17.03100031],[-1.2634338e-13],1301,-25,[14.45540831]
[17.03100031],[-1.2634338e-13],1301,-25,[14.45540831]
[17.03100031],[-1.2634338e-13],1301,-25,[14.45540831]
[17.03100031],[-1.2634338e-13],1301,-25,[14.45540831]
[17.03100031],[-1.2634338e-13],1301,-25,[14.45540831]
[17.03100031],[-1.2634338e-13],1301,-25,[14.45540831]
[17.03100031],[-1.2634338e-13],1301,-25,[14.45540831]
[17.03100031],[-1.2634338e-13],1301,-25,[14.45540831]
[17.03100031],[-1.2634338e-13],1301,-25,[14.45540831]
[17.03100031],[-1.2634338e-13],1301,-25,[14.45540831]
[17.03100031],[-1.2634338e-13],1301,-25,[14.45540831]
[17.03100031],[-1.2634338e-13],1301,-25,[14.45540831]
[17.03100031],[-1.2634338e-13],1301,-25,[14.45540831]
[17.03100031],[-1.2634338e-13],1301,-25,[14.45540831]
[17.03100031],[-1.2634338e-13],1301,-25,[14.45540831]
[17.03100031],[-1.2634338e-13],1301,-25,[14.45540831]
[17.03100031],[-1.2634338e-13],1301,-25,[14.45540831]
[17.03100031],[-1.2634338e-13],1301,-25,[14.45540831]
[17.03100031],[-1.2634338e-13],1301,-25,[14.45540831]
[17.03100031],[-1.2634338e-13],1301,-25,[14.45540831]
[17.03100031],[-1.2634338e-13],1301,-25,[14.45540831]
[17.03100031],[-1.2634338e-13],1301,-25,[14.45540831]
[17.03100031],[-1.2634338e-13],1301,-25,[14.45540831]
[17.03100031],[-1.2634338e-13],1301,-25,[14.45540831]
[17.03100031],[-1.2634338e-13],1301,-25,[14.45540831]
[17.03100031],[-1.2634338e-13],1301,-25,[14.45540831]
[17.03100031],[-1.2634338e-13],1301,-25,[14.45540831]
[17.03100031],[-1.2634338e-13],1301,-25,[14.45540831]
[17.03100031],[-1.2634338e-13],1301,-25,[14.45540831]
[17.03100031],[-1.2634338e-13],1301,-25,[14.45540831]
[17.03100031],[-1.2634338e-13],1301,-25,[14.45540831]
[17.03100031],[-1.2634338e-13],1301,-25,[14.45540831]
[17.03100031],[-1.2634338e-13],1301,-25,[14.45540831]
[17.03100031],[-1.2634338e-13],1301,-25,[14.45540831]
[17.03100031],[-1.2634338e-13],1301,-25,[14.45540831]
[17.03100031],[-1.2634338e-13],1301,-25,[14.45540831]
[17.03100031],[-1.2634338e-13],1301,-25,[14.45540831]
[17.03100031],[-1.2634338e-13],1301,-25,[14.45540831]
[17.03100031],[-1.2634338e-13],1301,-25,[14.45540831]
[17.03100031],[-1.2634338e-13],1301,-25,[14.45540831]
[17.03100031],[-1.2634338e-13],1301,-25,[14.45540831]
[17.03100031],[-1.2634338e-13],1301,-25,[14.45540831]
[17.03100031],[-1.2634338e-13],1301,-25,[14.45540831]
[17.03100031],[-1.2634338e-13],1301,-25,[14.45540831]
[17.03100031],[-1.2634338e-13],1301,-25,[14.45540831]
[17.03100031],[-1.2634338e-13],1301,-25,[14.45540831]
[17.03100031],[-1.2634338e-13],1301,-25,[14.45540831]
[17.03100031],[-1.2634338e-13],1301,-25,[14.45540831]
[17.03100031],[-1.2634338e-13],1301,-25,[14.45540831]
[17.03100031],[-1.2634338e-13],1301,-25,[14.45540831]
[17.03100031],[-1.2634338e-13],1301,-25,[14.45540831]
[17.03100031],[-1.2634338e-13],1301,-25,[14.45540831]
[17.03100031],[-1.2634338e-13],1301,-25,[14.45540831]
[17.03100031],[-1.2634338e-13],1301,-25,[14.45540831]
[17.03100031],[-1.2634338e-13],1301,-25,[14.45540831]
[17.03100031],[-1.2634338e-13],1301,-25,[14.45540831]
[17.03100031],[-1.2634338e-13],1301,-25,[14.45540831]
[17.03100031],[-1.2634338e-13],1301,-25,[14.45540831]
[17.03100031],[-1.2634338e-13],1301,-25,[14.45540831]
[17.03100031],[-1.2634338e-13],1301,-25,[14.45540831]
[17.03100031],[-1.2634338e-13],1301,-25,[14.45540831]
[17.03100031],[-1.2634338e-13],1301,-25,[14.45540831]
[17.03100031],[-1.2634338e-13],1301,-25,[14.45540831]
[17.03100031],[-1.2634338e-13],1301,-25,[14.45540831]
[17.03100031],[-1.2634338e-13],1301,-25,[14.45540831]
[17.03100031],[-1.2634338e-13],1301,-25,[14.45540831]
[17.03100031],[-1.2634338e-13],1301,-25,[14.45540831]
[17.03100031],[-1.2634338e-13],1301,-25,[14.45540831]
[17.03100031],[-1.2634338e-13],1301,-25,[14.45540831]
[17.03100031],[-1.2634338e-13],1301,-25,[14.45540831]
[17.03100031],[-1.2634338e-13],1301,-25,[14.45540831]
[17.03100031],[-1.2634338e-13],1301,-25,[14.45540831]
[17.03100031],[-1.2634338e-13],1301,-25,[14.45540831]
[17.03100031],[-1.2634338e-13],1301,-25,[14.45540831]
[17.03100031],[-1.2634338e-13],1301,-25,[14.45540831]
[17.03100031],[-1.2634338e-13],1301,-25,[14.45540831]
[17.03100031],[-1.2634338e-13],1301,-25,[14.45540831]
[17.03100031],[-1.2634338e-13],1301,-25,[14.45540831]
[17.03100031],[-1.2634338e-13],1301,-25,[14.45540831]
[17.03100031],[-1.2634338e-13],1301,-25,[14.45540831]
[17.03100031],[-1.2634338e-13],1301,-25,[14.45540831]
[17.03100031],[-1.2634338e-13],1301,-25,[14.45540831]
[17.03100031],[-1.2634338e-13],1301,-25,[14.45540831]
[17.03100031],[-1.2634338e-13],1301,-25,[14.45540831]
[17.03100031],[-1.2634338e-13],1301,-25,[14.45540831]
[17.03100031],[-1.2634338e-13],1301,-25,[14.45540831]
[17.03100031],[-1.2634338e-13],1301,-25,[14.45540831]
[17.03100031],[-1.2634338e-13],1301,-25,[14.45540831]
[17.03100031],[-1.2634338e-13],1301,-25,[14.45540831]
[17.03100031],[-1.2634338e-13],1301,-25,[14.45540831]
[17.03100031],[-1.2634338e-13],1301,-25,[14.45540831]
[17.03100031],[-1.2634338e-13],1301,-25,[14.45540831]
[17.03100031],[-1.2634338e-13],1301,-25,[14.45540831]
[17.03100031],[-1.2634338e-13],1301,-25,[14.45540831]
[17.03100031],[-1.2634338e-13],1301,-25,[14.45540831]
[17.03100031],[-1.2634338e-13],1301,-25,[14.45540831]
[17.03100031],[-1.2634338e-13],1301,-25,[14.45540831]
[17.03100031],[-1.2634338e-13],1301,-25,[14.45540831]
[17.03100031],[-1.2634338e-13],1301,-25,[14.45540831]
[17.03100031],[-1.2634338e-13],1301,-25,[14.45540831]
[17.03100031],[-1.2634338e-13],1301,-25,[14.45540831]
[17.03100031],[-1.2634338e-13],1301,-25,[14.45540831]
[17.03100031],[-1.2634338e-13],1301,-25,[14.45540831]
[17.03100031],[-1.2634338e-13],1301,-25,[14.45540831]
[17.03100031],[-1.2634338e-13],1301,-25,[14.45540831]
[17.03100031],[-1.2634338e-13],1301,-25,[14.45540831]
[17.03100031],[-1.2634338e-13],1301,-25,[14.45540831]
[17.03100031],[-1.2634338e-13],1301,-25,[14.45540831]
[17.03100031],[-1.2634338e-13],1301,-25,[14.45540831]
[17.03100031],[-1.2634338e-13],1301,-25,[14.45540831]
[17.03100031],[-1.2634338e-13],1301,-25,[14.45540831]
[17.03100031],[-1.2634338e-13],1301,-25,[14.45540831]
[17.03100031],[-1.2634338e-13],1301,-25,[14.45540831]
[17.03100031],[-1.2634338e-13],1301,-25,[14.45540831]
[17.03100031],[-1.2634338e-13],1301,-25,[14.45540831]
[17.03100031],[-1.2634338e-13],1301,-25,[14.45540831]
[17.03100031],[-1.2634338e-13],1301,-25,[14.45540831]
[17.03100031],[-1.2634338e-13],1301,-25,[14.45540831]
[17.03100031],[-1.2634338e-13],1301,-25,[14.45540831]
[17.03100031],[-1.2634338e-13],1301,-25,[14.45540831]
[17.03100031],[-1.2634338e-13],1301,-25,[14.45540831]
[17.03100031],[-1.2634338e-13],1301,-25,[14.45540831]
[17.03100031],[-1.2634338e-13],1301,-25,[14.45540831]
[17.03100031],[-1.2634338e-13],1301,-25,[14.45540831]
[17.03100031],[-1.2634338e-13],1301,-25,[14.45540831]
[17.03100031],[-1.2634338e-13],1301,-25,[14.45540831]
[17.03100031],[-1.2634338e-13],1301,-25,[14.45540831]
[17.03100031],[-1.2634338e-13],1301,-25,[14.45540831]
[17.03100031],[-1.2634338e-13],1301,-25,[14.45540831]
[17.03100031],[-1.2634338e-13],1301,-25,[14.45540831]
[17.03100031],[-1.2634338e-13],1301,-25,[14.45540831]
[17.03100031],[-1.2634338e-13],1301,-25,[14.45540831]
[17.03100031],[-1.2634338e-13],1301,-25,[14.45540831]
[17.03100031],[-1.2634338e-13],1301,-25,[14.45540831]
[17.03100031],[-1.2634338e-13],1301,-25,[14.45540831]
[17.03100031],[-1.2634338e-13],1301,-25,[14.45540831]
[17.03100031],[-1.2634338e-13],1301,-25,[14.45540831]
[17.03100031],[-1.2634338e-13],1301,-25,[14.45540831]
[17.03100031],[-1.2634338e-13],1301,-25,[14.45540831]
[17.03100031],[-1.2634338e-13],1301,-25,[14.45540831]
[17.03100031],[-1.2634338e-13],1301,-25,[14.45540831]
[17.03100031],[-1.2634338e-13],1301,-25,[14.45540831]
[17.03100031],[-1.2634338e-13],1301,-25,[14.45540831]
[17.03100031],[-1.2634338e-13],1301,-25,[14.45540831]
[17.03100031],[-1.2634338e-13],1301,-25,[14.45540831]
[17.03100031],[-1.2634338e-13],1301,-25,[14.45540831]
[17.03100031],[-1.2634338e-13],1301,-25,[14.45540831]
[17.03100031],[-1.2634338e-13],1301,-25,[14.45540831]
[17.03100031],[-1.2634338e-13],1301,-25,[14.45540831]
[17.03100031],[-1.2634338e-13],1301,-25,[14.45540831]
[17.03100031],[-1.2634338e-13],1301,-25,[14.45540831]
[17.03100031],[-1.2634338e-13],1301,-25,[14.45540831]
[17.03100031],[-1.2634338e-13],1301,-25,[14.45540831]
[17.03100031],[-1.2634338e-13],1301,-25,[14.45540831]
[17.03100031],[-1.2634338e-13],1301,-25,[14.45540831]
[17.03100031],[-1.2634338e-13],1301,-25,[14.45540831]
[17.03100031],[-1.2634338e-13],1301,-25,[14.45540831]
[17.03100031],[-1.2634338e-13],1301,-25,[14.45540831]
[17.03100031],[-1.2634338e-13],1301,-25,[14.45540831]
[17.03100031],[-1.2634338e-13],1301,-25,[14.45540831]
[17.03100031],[-1.2634338e-13],1301,-25,[14.45540831]
[17.03100031],[-1.2634338e-13],1301,-25,[14.45540831]
[17.03100031],[-1.2634338e-13],1301,-25,[14.45540831]
[17.03100031],[-1.2634338e-13],1301,-25,[14.45540831]
[17.03100031],[-1.2634338e-13],1301,-25,[14.45540831]
[17.03100031],[-1.2634338e-13],1301,-25,[14.45540831]
[17.03100031],[-1.2634338e-13],1301,-25,[14.45540831]
[17.03100031],[-1.2634338e-13],1301,-25,[14.45540831]
[17.03100031],[-1.2634338e-13],1301,-25,[14.45540831]
[17.03100031],[-1.2634338e-13],1301,-25,[14.45540831]
[17.03100031],[-1.2634338e-13],1301,-25,[14.45540831]
[17.03100031],[-1.2634338e-13],1301,-25,[14.45540831]
[17.03100031],[-1.2634338e-13],1301,-25,[14.45540831]
[17.03100031],[-1.2634338e-13],1301,-25,[14.45540831]
[17.03100031],[-1.2634338e-13],1301,-25,[14.45540831]
[17.03100031],[-1.2634338e-13],1301,-25,[14.45540831]
[17.03100031],[-1.2634338e-13],1301,-25,[14.45540831]
[17.03100031],[-1.2634338e-13],1301,-25,[14.45540831]
[17.03100031],[-1.2634338e-13],1301,-25,[14.45540831]
[17.03100031],[-1.2634338e-13],1301,-25,[14.45540831]
[17.03100031],[-1.2634338e-13],1301,-25,[14.45540831]
[17.03100031],[-1.2634338e-13],1301,-25,[14.45540831]
[17.03100031],[-1.2634338e-13],1301,-25,[14.45540831]
[17.03100031],[-1.2634338e-13],1301,-25,[14.45540831]
[17.03100031],[-1.2634338e-13],1301,-25,[14.45540831]
[17.03100031],[-1.2634338e-13],1301,-25,[14.45540831]
[17.03100031],[-1.2634338e-13],1301,-25,[14.45540831]
[17.03100031],[-1.2634338e-13],1301,-25,[14.45540831]
[17.03100031],[-1.2634338e-13],1301,-25,[14.45540831]
[17.03100031],[-1.2634338e-13],1301,-25,[14.45540831]
[17.03100031],[-1.2634338e-13],1301,-25,[14.45540831]
[17.03100031],[-1.2634338e-13],1301,-25,[14.45540831]
[17.03100031],[-1.2634338e-13],1301,-25,[14.45540831]
[17.03100031],[-1.2634338e-13],1301,-25,[14.45540831]
[17.03100031],[-1.2634338e-13],1301,-25,[14.45540831]
[17.03100031],[-1.2634338e-13],1301,-25,[14.45540831]
[17.03100031],[-1.2634338e-13],1301,-25,[14.45540831]
[17.03100031],[-1.2634338e-13],1301,-25,[14.45540831]
[17.03100031],[-1.2634338e-13],1301,-25,[14.45540831]
[17.03100031],[-1.2634338e-13],1301,-25,[14.45540831]
[17.03100031],[-1.2634338e-13],1301,-25,[14.45540831]
[17.03100031],[-1.2634338e-13],1301,-25,[14.45540831]
[17.03100031],[-1.2634338e-13],1301,-25,[14.45540831]
[17.03100031],[-1.2634338e-13],1301,-25,[14.45540831]
[17.03100031],[-1.2634338e-13],1301,-25,[14.45540831]
[17.03100031],[-1.2634338e-13],1301,-25,[14.45540831]
[17.03100031],[-1.2634338e-13],1301,-25,[14.45540831]
[17.03100031],[-1.2634338e-13],1301,-25,[14.45540831]
[17.03100031],[-1.2634338e-13],1301,-25,[14.45540831]
[17.03100031],[-1.2634338e-13],1301,-25,[14.45540831]
[17.03100031],[-1.2634338e-13],1301,-25,[14.45540831]
[17.03100031],[-1.2634338e-13],1301,-25,[14.45540831]
[17.03100031],[-1.2634338e-13],1301,-25,[14.45540831]
[17.03100031],[-1.2634338e-13],1301,-25,[14.45540831]
[17.03100031],[-1.2634338e-13],1301,-25,[14.45540831]
[17.03100031],[-1.2634338e-13],1301,-25,[14.45540831]
[17.03100031],[-1.2634338e-13],1301,-25,[14.45540831]
[17.03100031],[-1.2634338e-13],1301,-25,[14.45540831]
[17.03100031],[-1.2634338e-13],1301,-25,[14.45540831]
[17.03100031],[-1.2634338e-13],1301,-25,[14.45540831]
[17.03100031],[-1.2634338e-13],1301,-25,[14.45540831]
[17.03100031],[-1.2634338e-13],1301,-25,[14.45540831]
[17.03100031],[-1.2634338e-13],1301,-25,[14.45540831]
[17.03100031],[-1.2634338e-13],1301,-25,[14.45540831]
[17.03100031],[-1.2634338e-13],1301,-25,[14.45540831]
[17.03100031],[-1.2634338e-13],1301,-25,[14.45540831]
[17.03100031],[-1.2634338e-13],1301,-25,[14.45540831]
[17.03100031],[-1.2634338e-13],1301,-25,[14.45540831]
[17.03100031],[-1.2634338e-13],1301,-25,[14.45540831]
[17.03100031],[-1.2634338e-13],1301,-25,[14.45540831]
[17.03100031],[-1.2634338e-13],1301,-25,[14.45540831]
[17.03100031],[-1.2634338e-13],1301,-25,[14.45540831]
[17.03100031],[-1.2634338e-13],1301,-25,[14.45540831]
[17.03100031],[-1.2634338e-13],1301,-25,[14.45540831]
[17.03100031],[-1.2634338e-13],1301,-25,[14.45540831]
[17.03100031],[-1.2634338e-13],1301,-25,[14.45540831]
[17.03100031],[-1.2634338e-13],1301,-25,[14.45540831]
[17.03100031],[-1.2634338e-13],1301,-25,[14.45540831]
[17.03100031],[-1.2634338e-13],1301,-25,[14.45540831]
[17.03100031],[-1.2634338e-13],1301,-25,[14.45540831]
[17.03100031],[-1.2634338e-13],1301,-25,[14.45540831]
[17.03100031],[-1.2634338e-13],1301,-25,[14.45540831]
[17.03100031],[-1.2634338e-13],1301,-25,[14.45540831]
[17.03100031],[-1.2634338e-13],1301,-25,[14.45540831]
[17.03100031],[-1.2634338e-13],1301,-25,[14.45540831]
[17.03100031],[-1.2634338e-13],1301,-25,[14.45540831]
[17.03100031],[-1.2634338e-13],1301,-25,[14.45540831]
[17.03100031],[-1.2634338e-13],1301,-25,[14.45540831]
[17.03100031],[-1.2634338e-13],1301,-25,[14.45540831]
[17.03100031],[-1.2634338e-13],1301,-25,[14.45540831]
[17.03100031],[-1.2634338e-13],1301,-25,[14.45540831]
[17.03100031],[-1.2634338e-13],1301,-25,[14.45540831]
[17.03100031],[-1.2634338e-13],1301,-25,[14.45540831]
[17.03100031],[-1.2634338e-13],1301,-25,[14.45540831]
[17.03100031],[-1.2634338e-13],1301,-25,[14.45540831]
[17.03100031],[-1.2634338e-13],1301,-25,[14.45540831]
[17.03100031],[-1.2634338e-13],1301,-25,[14.45540831]
[17.03100031],[-1.2634338e-13],1301,-25,[14.45540831]
[17.03100031],[-1.2634338e-13],1301,-25,[14.45540831]
[17.03100031],[-1.2634338e-13],1301,-25,[14.45540831]
[17.03100031],[-1.2634338e-13],1301,-25,[14.45540831]
[17.03100031],[-1.2634338e-13],1301,-25,[14.45540831]
[17.03100031],[-1.2634338e-13],1301,-25,[14.45540831]
[17.03100031],[-1.2634338e-13],1301,-25,[14.45540831]
[17.03100031],[-1.2634338e-13],1301,-25,[14.45540831]
[17.03100031],[-1.2634338e-13],1301,-25,[14.45540831]
[17.03100031],[-1.2634338e-13],1301,-25,[14.45540831]
[17.03100031],[-1.2634338e-13],1301,-25,[14.45540831]
[17.03100031],[-1.2634338e-13],1301,-25,[14.45540831]
[17.03100031],[-1.2634338e-13],1301,-25,[14.45540831]
[17.03100031],[-1.2634338e-13],1301,-25,[14.45540831]
[17.03100031],[-1.2634338e-13],1301,-25,[14.45540831]
[17.03100031],[-1.2634338e-13],1301,-25,[14.45540831]
[17.03100031],[-1.2634338e-13],1301,-25,[14.45540831]
[17.03100031],[-1.2634338e-13],1301,-25,[14.45540831]
[17.03100031],[-1.2634338e-13],1301,-25,[14.45540831]
[17.03100031],[-1.2634338e-13],1301,-25,[14.45540831]
[17.03100031],[-1.2634338e-13],1301,-25,[14.45540831]
[17.03100031],[-1.2634338e-13],1301,-25,[14.45540831]
[17.03100031],[-1.2634338e-13],1301,-25,[14.45540831]
[17.03100031],[-1.2634338e-13],1301,-25,[14.45540831]
[17.03100031],[-1.2634338e-13],1301,-25,[14.45540831]
[17.03100031],[-1.2634338e-13],1301,-25,[14.45540831]
[17.03100031],[-1.2634338e-13],1301,-25,[14.45540831]
[17.03100031],[-1.2634338e-13],1301,-25,[14.45540831]
[17.03100031],[-1.2634338e-13],1301,-25,[14.45540831]
[17.03100031],[-1.2634338e-13],1301,-25,[14.45540831]
[17.03100031],[-1.2634338e-13],1301,-25,[14.45540831]
[17.03100031],[-1.2634338e-13],1301,-25,[14.45540831]
[17.03100031],[-1.2634338e-13],1301,-25,[14.45540831]
[17.03100031],[-1.2634338e-13],1301,-25,[14.45540831]
[17.03100031],[-1.2634338e-13],1301,-25,[14.45540831]
[17.03100031],[-1.2634338e-13],1301,-25,[14.45540831]
[17.03100031],[-1.2634338e-13],1301,-25,[14.45540831]
[17.03100031],[-1.2634338e-13],1301,-25,[14.45540831]
[17.03100031],[-1.2634338e-13],1301,-25,[14.45540831]
[17.03100031],[-1.2634338e-13],1301,-25,[14.45540831]
[17.03100031],[-1.2634338e-13],1301,-25,[14.45540831]
[17.03100031],[-1.2634338e-13],1301,-25,[14.45540831]
[17.03100031],[-1.2634338e-13],1301,-25,[14.45540831]
[17.03100031],[-1.2634338e-13],1301,-25,[14.45540831]
[17.03100031],[-1.2634338e-13],1301,-25,[14.45540831]
[17.03100031],[-1.2634338e-13],1301,-25,[14.45540831]
[17.03100031],[-1.2634338e-13],1301,-25,[14.45540831]
[17.03100031],[-1.2634338e-13],1301,-25,[14.45540831]
[17.03100031],[-1.2634338e-13],1301,-25,[14.45540831]
[17.03100031],[-1.2634338e-13],1301,-25,[14.45540831]
[17.03100031],[-1.2634338e-13],1301,-25,[14.45540831]
[17.03100031],[-1.2634338e-13],1301,-25,[14.45540831]
[17.03100031],[-1.2634338e-13],1301,-25,[14.45540831]
[17.03100031],[-1.2634338e-13],1301,-25,[14.45540831]
[17.03100031],[-1.2634338e-13],1301,-25,[14.45540831]
[17.03100031],[-1.2634338e-13],1301,-25,[14.45540831]
[17.03100031],[-1.2634338e-13],1301,-25,[14.45540831]
[17.03100031],[-1.2634338e-13],1301,-25,[14.45540831]
[17.03100031],[-1.2634338e-13],1301,-25,[14.45540831]
[17.03100031],[-1.2634338e-13],1301,-25,[14.45540831]
[17.03100031],[-1.2634338e-13],1301,-25,[14.45540831]
[17.03100031],[-1.2634338e-13],1301,-25,[14.45540831]
[17.03100031],[-1.2634338e-13],1301,-25,[14.45540831]
[17.03100031],[-1.2634338e-13],1301,-25,[14.45540831]
[17.03100031],[-1.2634338e-13],1301,-25,[14.45540831]
[17.03100031],[-1.2634338e-13],1301,-25,[14.45540831]
[17.03100031],[-1.2634338e-13],1301,-25,[14.45540831]
[17.03100031],[-1.2634338e-13],1301,-25,[14.45540831]
[17.03100031],[-1.2634338e-13],1301,-25,[14.45540831]
[17.03100031],[-1.2634338e-13],1301,-25,[14.45540831]
[17.03100031],[-1.2634338e-13],1301,-25,[14.45540831]
[17.03100031],[-1.2634338e-13],1301,-25,[14.45540831]
[17.03100031],[-1.2634338e-13],1301,-25,[14.45540831]
[17.03100031],[-1.2634338e-13],1301,-25,[14.45540831]
[17.03100031],[-1.2634338e-13],1301,-25,[14.45540831]
[17.03100031],[-1.2634338e-13],1301,-25,[14.45540831]
[17.03100031],[-1.2634338e-13],1301,-25,[14.45540831]
[17.03100031],[-1.2634338e-13],1301,-25,[14.45540831]
[17.03100031],[-1.2634338e-13],1301,-25,[14.45540831]
[17.03100031],[-1.2634338e-13],1301,-25,[14.45540831]
[17.03100031],[-1.2634338e-13],1301,-25,[14.45540831]
[17.03100031],[-1.2634338e-13],1301,-25,[14.45540831]
[17.03100031],[-1.2634338e-13],1301,-25,[14.45540831]
[17.03100031],[-1.2634338e-13],1301,-25,[14.45540831]
[17.03100031],[-1.2634338e-13],1301,-25,[14.45540831]
[17.03100031],[-1.2634338e-13],1301,-25,[14.45540831]
[17.03100031],[-1.2634338e-13],1301,-25,[14.45540831]
[17.03100031],[-1.2634338e-13],1301,-25,[14.45540831]
[17.03100031],[-1.2634338e-13],1301,-25,[14.45540831]
[17.03100031],[-1.2634338e-13],1301,-25,[14.45540831]
[17.03100031],[-1.2634338e-13],1301,-25,[14.45540831]
[17.03100031],[-1.2634338e-13],1301,-25,[14.45540831]
[17.03100031],[-1.2634338e-13],1301,-25,[14.45540831]
[17.03100031],[-1.2634338e-13],1301,-25,[14.45540831]
[17.03100031],[-1.2634338e-13],1301,-25,[14.45540831]
[17.03100031],[-1.2634338e-13],1301,-25,[14.45540831]
[17.03100031],[-1.2634338e-13],1301,-25,[14.45540831]
[17.03100031],[-1.2634338e-13],1301,-25,[14.45540831]
[17.03100031],[-1.2634338e-13],1301,-25,[14.45540831]
[17.03100031],[-1.2634338e-13],1301,-25,[14.45540831]
[17.03100031],[-1.2634338e-13],1301,-25,[14.45540831]
[17.03100031],[-1.2634338e-13],1301,-25,[14.45540831]
[17.03100031],[-1.2634338e-13],1301,-25,[14.45540831]
[17.03100031],[-1.2634338e-13],1301,-25,[14.45540831]
[17.03100031],[-1.2634338e-13],1301,-25,[14.45540831]
[17.03100031],[-1.2634338e-13],1301,-25,[14.45540831]
[17.03100031],[-1.2634338e-13],1301,-25,[14.45540831]
[17.03100031],[-1.2634338e-13],1301,-25,[14.45540831]
[17.03100031],[-1.2634338e-13],1301,-25,[14.45540831]
[17.03100031],[-1.2634338e-13],1301,-25,[14.45540831]
[17.03100031],[-1.2634338e-13],1301,-25,[14.45540831]
[17.03100031],[-1.2634338e-13],1301,-25,[14.45540831]
[17.03100031],[-1.2634338e-13],1301,-25,[14.45540831]
[17.03100031],[-1.2634338e-13],1301,-25,[14.45540831]
[17.03100031],[-1.2634338e-13],1301,-25,[14.45540831]
[17.03100031],[-1.2634338e-13],1301,-25,[14.45540831]
[17.03100031],[-1.2634338e-13],1301,-25,[14.45540831]
[17.03100031],[-1.2634338e-13],1301,-25,[14.45540831]
[17.03100031],[-1.2634338e-13],1301,-25,[14.45540831]
[17.03100031],[-1.2634338e-13],1301,-25,[14.45540831]
[17.03100031],[-1.2634338e-13],1301,-25,[14.45540831]
[17.03100031],[-1.2634338e-13],1301,-25,[14.45540831]
[17.03100031],[-1.2634338e-13],1301,-25,[14.45540831]
[17.03100031],[-1.2634338e-13],1301,-25,[14.45540831]
[17.03100031],[-1.2634338e-13],1301,-25,[14.45540831]
[17.03100031],[-1.2634338e-13],1301,-25,[14.45540831]
[17.03100031],[-1.2634338e-13],1301,-25,[14.45540831]
[17.03100031],[-1.2634338e-13],1301,-25,[14.45540831]
[17.03100031],[-1.2634338e-13],1301,-25,[14.45540831]
[17.03100031],[-1.2634338e-13],1301,-25,[14.45540831]
[17.03100031],[-1.2634338e-13],1301,-25,[14.45540831]
[17.03100031],[-1.2634338e-13],1301,-25,[14.45540831]
[17.03100031],[-1.2634338e-13],1301,-25,[14.45540831]
[17.03100031],[-1.2634338e-13],1301,-25,[14.45540831]
[17.03100031],[-1.2634338e-13],1301,-25,[14.45540831]
[17.03100031],[-1.2634338e-13],1301,-25,[14.45540831]
[17.03100031],[-1.2634338e-13],1301,-25,[14.45540831]
[17.03100031],[-1.2634338e-13],1301,-25,[14.45540831]
[17.03100031],[-1.2634338e-13],1301,-25,[14.45540831]
[17.03100031],[-1.2634338e-13],1301,-25,[14.45540831]
[17.03100031],[-1.2634338e-13],1301,-25,[14.45540831]
[17.03100031],[-1.2634338e-13],1301,-25,[14.45540831]
[17.03100031],[-1.2634338e-13],1301,-25,[14.45540831]
[17.03100031],[-1.2634338e-13],1301,-25,[14.45540831]
[17.03100031],[-1.2634338e-13],1301,-25,[14.45540831]
[17.03100031],[-1.2634338e-13],1301,-25,[14.45540831]
[17.03100031],[-1.2634338e-13],1301,-25,[14.45540831]
[17.03100031],[-1.2634338e-13],1301,-25,[14.45540831]
[17.03100031],[-1.2634338e-13],1301,-25,[14.45540831]
[17.03100031],[-1.2634338e-13],1301,-25,[14.45540831]
[17.03100031],[-1.2634338e-13],1301,-25,[14.45540831]
[17.03100031],[-1.2634338e-13],1301,-25,[14.45540831]
[17.03100031],[-1.2634338e-13],1301,-25,[14.45540831]
[17.03100031],[-1.2634338e-13],1301,-25,[14.45540831]
[17.03100031],[-1.2634338e-13],1301,-25,[14.45540831]
[17.03100031],[-1.2634338e-13],1301,-25,[14.45540831]
[17.03100031],[-1.2634338e-13],1301,-25,[14.45540831]
[17.03100031],[-1.2634338e-13],1301,-25,[14.45540831]
[17.03100031],[-1.2634338e-13],1301,-25,[14.45540831]
[17.03100031],[-1.2634338e-13],1301,-25,[14.45540831]
[17.03100031],[-1.2634338e-13],1301,-25,[14.45540831]
[17.03100031],[-1.2634338e-13],1301,-25,[14.45540831]
[17.03100031],[-1.2634338e-13],1301,-25,[14.45540831]
[17.03100031],[-1.2634338e-13],1301,-25,[14.45540831]
[17.03100031],[-1.2634338e-13],1301,-25,[14.45540831]
[17.03100031],[-1.2634338e-13],1301,-25,[14.45540831]
[17.03100031],[-1.2634338e-13],1301,-25,[14.45540831]
[17.03100031],[-1.2634338e-13],1301,-25,[14.45540831]
[17.03100031],[-1.2634338e-13],1301,-25,[14.45540831]
[17.03100031],[-1.2634338e-13],1301,-25,[14.45540831]
[17.03100031],[-1.2634338e-13],1301,-25,[14.45540831]
[17.03100031],[-1.2634338e-13],1301,-25,[14.45540831]
[17.03100031],[-1.2634338e-13],1301,-25,[14.45540831]
[17.03100031],[-1.2634338e-13],1301,-25,[14.45540831]
[17.03100031],[-1.2634338e-13],1301,-25,[14.45540831]
[17.03100031],[-1.2634338e-13],1301,-25,[14.45540831]
[17.03100031],[-1.2634338e-13],1301,-25,[14.45540831]
[17.03100031],[-1.2634338e-13],1301,-25,[14.45540831]
[17.03100031],[-1.2634338e-13],1301,-25,[14.45540831]
[17.03100031],[-1.2634338e-13],1301,-25,[14.45540831]
[17.03100031],[-1.2634338e-13],1301,-25,[14.45540831]
[17.03100031],[-1.2634338e-13],1301,-25,[14.45540831]
[17.03100031],[-1.2634338e-13],1301,-25,[14.45540831]
[17.03100031],[-1.2634338e-13],1301,-25,[14.45540831]
[17.03100031],[-1.2634338e-13],1301,-25,[14.45540831]
[17.03100031],[-1.2634338e-13],1301,-25,[14.45540831]
[17.03100031],[-1.2634338e-13],1301,-25,[14.45540831]
[17.03100031],[-1.2634338e-13],1301,-25,[14.45540831]
[17.03100031],[-1.2634338e-13],1301,-25,[14.45540831]
[17.03100031],[-1.2634338e-13],1301,-25,[14.45540831]
[17.03100031],[-1.2634338e-13],1301,-25,[14.45540831]
[17.03100031],[-1.2634338e-13],1301,-25,[14.45540831]
[17.03100031],[-1.2634338e-13],1301,-25,[14.45540831]
[17.03100031],[-1.2634338e-13],1301,-25,[14.45540831]
[17.03100031],[-1.2634338e-13],1301,-25,[14.45540831]
[17.03100031],[-1.2634338e-13],1301,-25,[14.45540831]
[17.03100031],[-1.2634338e-13],1301,-25,[14.45540831]
[17.03100031],[-1.2634338e-13],1301,-25,[14.45540831]
[17.03100031],[-1.2634338e-13],1301,-25,[14.45540831]
[17.03100031],[-1.2634338e-13],1301,-25,[14.45540831]
[17.03100031],[-1.2634338e-13],1301,-25,[14.45540831]
[17.03100031],[-1.2634338e-13],1301,-25,[14.45540831]
[17.03100031],[-1.2634338e-13],1301,-25,[14.45540831]
[17.03100031],[-1.2634338e-13],1301,-25,[14.45540831]
[17.03100031],[-1.2634338e-13],1301,-25,[14.45540831]
[17.03100031],[-1.2634338e-13],1301,-25,[14.45540831]
[17.03100031],[-1.2634338e-13],1301,-25,[14.45540831]
[17.03100031],[-1.2634338e-13],1301,-25,[14.45540831]
[17.03100031],[-1.2634338e-13],1301,-25,[14.45540831]
[17.03100031],[-1.2634338e-13],1301,-25,[14.45540831]
[17.03100031],[-1.2634338e-13],1301,-25,[14.45540831]
[17.03100031],[-1.2634338e-13],1301,-25,[14.45540831]
[17.03100031],[-1.2634338e-13],1301,-25,[14.45540831]
[17.03100031],[-1.2634338e-13],1301,-25,[14.45540831]
[17.03100031],[-1.2634338e-13],1301,-25,[14.45540831]
[17.03100031],[-1.2634338e-13],1301,-25,[14.45540831]
[17.03100031],[-1.2634338e-13],1301,-25,[14.45540831]
[17.03100031],[-1.2634338e-13],1301,-25,[14.45540831]
[17.03100031],[-1.2634338e-13],1301,-25,[14.45540831]
[17.03100031],[-1.2634338e-13],1301,-25,[14.45540831]
[17.03100031],[-1.2634338e-13],1301,-25,[14.45540831]
[17.03100031],[-1.2634338e-13],1301,-25,[14.45540831]
[17.03100031],[-1.2634338e-13],1301,-25,[14.45540831]
[17.03100031],[-1.2634338e-13],1301,-25,[14.45540831]
[17.03100031],[-1.2634338e-13],1301,-25,[14.45540831]
[17.03100031],[-1.2634338e-13],1301,-25,[14.45540831]
[17.03100031],[-1.2634338e-13],1301,-25,[14.45540831]
[17.03100031],[-1.2634338e-13],1301,-25,[14.45540831]
[17.03100031],[-1.2634338e-13],1301,-25,[14.45540831]
[17.03100031],[-1.2634338e-13],1301,-25,[14.45540831]
[17.03100031],[-1.2634338e-13],1301,-25,[14.45540831]
[17.03100031],[-1.2634338e-13],1301,-25,[14.45540831]
[17.03100031],[-1.2634338e-13],1301,-25,[14.45540831]
[17.03100031],[-1.2634338e-13],1301,-25,[14.45540831]
[17.03100031],[-1.2634338e-13],1301,-25,[14.45540831]
[17.03100031],[-1.2634338e-13],1301,-25,[14.45540831]
[17.03100031],[-1.2634338e-13],1301,-25,[14.45540831]
[17.03100031],[-1.2634338e-13],1301,-25,[14.45540831]
[17.03100031],[-1.2634338e-13],1301,-25,[14.45540831]
[17.03100031],[-1.2634338e-13],1301,-25,[14.45540831]
[17.03100031],[-1.2634338e-13],1301,-25,[14.45540831]
[17.03100031],[-1.2634338e-13],1301,-25,[14.45540831]
[17.03100031],[-1.2634338e-13],1301,-25,[14.45540831]
[17.03100031],[-1.2634338e-13],1301,-25,[14.45540831]
[17.03100031],[-1.2634338e-13],1301,-25,[14.45540831]
[17.03100031],[-1.2634338e-13],1301,-25,[14.45540831]
[17.03100031],[-1.2634338e-13],1301,-25,[14.45540831]
[17.03100031],[-1.2634338e-13],1301,-25,[14.45540831]
[17.03100031],[-1.2634338e-13],1301,-25,[14.45540831]
[17.03100031],[-1.2634338e-13],1301,-25,[14.45540831]
[17.03100031],[-1.2634338e-13],1301,-25,[14.45540831]
[17.03100031],[-1.2634338e-13],1301,-25,[14.45540831]
[17.03100031],[-1.2634338e-13],1301,-25,[14.45540831]
[17.03100031],[-1.2634338e-13],1301,-25,[14.45540831]
[17.03100031],[-1.2634338e-13],1301,-25,[14.45540831]
[17.03100031],[-1.2634338e-13],1301,-25,[14.45540831]
[17.03100031],[-1.2634338e-13],1301,-25,[14.45540831]
[17.03100031],[-1.2634338e-13],1301,-25,[14.45540831]
[17.03100031],[-1.2634338e-13],1301,-25,[14.45540831]
[17.03100031],[-1.2634338e-13],1301,-25,[14.45540831]
[17.03100031],[-1.2634338e-13],1301,-25,[14.45540831]
[17.03100031],[-1.2634338e-13],1301,-25,[14.45540831]
[17.03100031],[-1.2634338e-13],1301,-25,[14.45540831]
[17.03100031],[-1.2634338e-13],1301,-25,[14.45540831]
[17.03100031],[-1.2634338e-13],1301,-25,[14.45540831]
[17.03100031],[-1.2634338e-13],1301,-25,[14.45540831]
[17.03100031],[-1.2634338e-13],1301,-25,[14.45540831]
[17.03100031],[-1.2634338e-13],1301,-25,[14.45540831]
[17.03100031],[-1.2634338e-13],1301,-25,[14.45540831]
[17.03100031],[-1.2634338e-13],1301,-25,[14.45540831]
[17.03100031],[-1.2634338e-13],1301,-25,[14.45540831]
[17.03100031],[-1.2634338e-13],1301,-25,[14.45540831]
[17.03100031],[-1.2634338e-13],1301,-25,[14.45540831]
[17.03100031],[-1.2634338e-13],1301,-25,[14.45540831]
[17.03100031],[-1.2634338e-13],1301,-25,[14.45540831]
[17.03100031],[-1.2634338e-13],1301,-25,[14.45540831]
[17.03100031],[-1.2634338e-13],1301,-25,[14.45540831]
[17.03100031],[-1.2634338e-13],1301,-25,[14.45540831]
[17.03100031],[-1.2634338e-13],1301,-25,[14.45540831]
[17.03100031],[-1.2634338e-13],1301,-25,[14.45540831]
[17.03100031],[-1.2634338e-13],1301,-25,[14.45540831]
[17.03100031],[-1.2634338e-13],1301,-25,[14.45540831]
[17.03100031],[-1.2634338e-13],1301,-25,[14.45540831]
[17.03100031],[-1.2634338e-13],1301,-25,[14.45540831]
[17.03100031],[-1.2634338e-13],1301,-25,[14.45540831]
[17.03100031],[-1.2634338e-13],1301,-25,[14.45540831]
[17.03100031],[-1.2634338e-13],1301,-25,[14.45540831]
[17.03100031],[-1.2634338e-13],1301,-25,[14.45540831]
[17.03100031],[-1.2634338e-13],1301,-25,[14.45540831]
[17.03100031],[-1.2634338e-13],1301,-25,[14.45540831]
[17.03100031],[-1.2634338e-13],1301,-25,[14.45540831]
[17.03100031],[-1.2634338e-13],1301,-25,[14.45540831]
[17.03100031],[-1.2634338e-13],1301,-25,[14.45540831]
[17.03100031],[-1.2634338e-13],1301,-25,[14.45540831]
[17.03100031],[-1.2634338e-13],1301,-25,[14.45540831]
[17.03100031],[-1.2634338e-13],1301,-25,[14.45540831]
[17.03100031],[-1.2634338e-13],1301,-25,[14.45540831]
[17.03100031],[-1.2634338e-13],1301,-25,[14.45540831]
[17.03100031],[-1.2634338e-13],1301,-25,[14.45540831]
[17.03100031],[-1.2634338e-13],1301,-25,[14.45540831]
[17.03100031],[-1.2634338e-13],1301,-25,[14.45540831]
[17.03100031],[-1.2634338e-13],1301,-25,[14.45540831]
[17.03100031],[-1.2634338e-13],1301,-25,[14.45540831]
[17.03100031],[-1.2634338e-13],1301,-25,[14.45540831]
[17.03100031],[-1.2634338e-13],1301,-25,[14.45540831]
[17.03100031],[-1.2634338e-13],1301,-25,[14.45540831]
[17.03100031],[-1.2634338e-13],1301,-25,[14.45540831]
[17.03100031],[-1.2634338e-13],1301,-25,[14.45540831]
[17.03100031],[-1.2634338e-13],1301,-25,[14.45540831]
[17.03100031],[-1.2634338e-13],1301,-25,[14.45540831]
[17.03100031],[-1.2634338e-13],1301,-25,[14.45540831]
[17.03100031],[-1.2634338e-13],1301,-25,[14.45540831]
[17.03100031],[-1.2634338e-13],1301,-25,[14.45540831]
[17.03100031],[-1.2634338e-13],1301,-25,[14.45540831]
[17.03100031],[-1.2634338e-13],1301,-25,[14.45540831]
[17.03100031],[-1.2634338e-13],1301,-25,[14.45540831]
[17.03100031],[-1.2634338e-13],1301,-25,[14.45540831]
[17.03100031],[-1.2634338e-13],1301,-25,[14.45540831]
[17.03100031],[-1.2634338e-13],1301,-25,[14.45540831]
[17.03100031],[-1.2634338e-13],1301,-25,[14.45540831]
[17.03100031],[-1.2634338e-13],1301,-25,[14.45540831]
[17.03100031],[-1.2634338e-13],1301,-25,[14.45540831]
[17.03100031],[-1.2634338e-13],1301,-25,[14.45540831]
[17.03100031],[-1.2634338e-13],1301,-25,[14.45540831]
[17.03100031],[-1.2634338e-13],1301,-25,[14.45540831]
[17.03100031],[-1.2634338e-13],1301,-25,[14.45540831]
[17.03100031],[-1.2634338e-13],1301,-25,[14.45540831]
[17.03100031],[-1.2634338e-13],1301,-25,[14.45540831]
[17.03100031],[-1.2634338e-13],1301,-25,[14.45540831]
[17.03100031],[-1.2634338e-13],1301,-25,[14.45540831]
[17.03100031],[-1.2634338e-13],1301,-25,[14.45540831]
[17.03100031],[-1.2634338e-13],1301,-25,[14.45540831]
[17.03100031],[-1.2634338e-13],1301,-25,[14.45540831]
[17.03100031],[-1.2634338e-13],1301,-25,[14.45540831]
[17.03100031],[-1.2634338e-13],1301,-25,[14.45540831]
[17.03100031],[-1.2634338e-13],1301,-25,[14.45540831]
[17.03100031],[-1.2634338e-13],1301,-25,[14.45540831]
[17.03100031],[-1.2634338e-13],1301,-25,[14.45540831]
[17.03100031],[-1.2634338e-13],1301,-25,[14.45540831]
[17.03100031],[-1.2634338e-13],1301,-25,[14.45540831]
[17.03100031],[-1.2634338e-13],1301,-25,[14.45540831]
[17.03100031],[-1.2634338e-13],1301,-25,[14.45540831]
[17.03100031],[-1.2634338e-13],1301,-25,[14.45540831]
[17.03100031],[-1.2634338e-13],1301,-25,[14.45540831]
[17.03100031],[-1.2634338e-13],1301,-25,[14.45540831]
[17.03100031],[-1.2634338e-13],1301,-25,[14.45540831]
[17.03100031],[-1.2634338e-13],1301,-25,[14.45540831]
[17.03100031],[-1.2634338e-13],1301,-25,[14.45540831]
[17.03100031],[-1.2634338e-13],1301,-25,[14.45540831]
[17.03100031],[-1.2634338e-13],1301,-25,[14.45540831]
[17.03100031],[-1.2634338e-13],1301,-25,[14.45540831]
[17.03100031],[-1.2634338e-13],1301,-25,[14.45540831]
[17.03100031],[-1.2634338e-13],1301,-25,[14.45540831]
[17.03100031],[-1.2634338e-13],1301,-25,[14.45540831]
[17.03100031],[-1.2634338e-13],1301,-25,[14.45540831]
[17.03100031],[-1.2634338e-13],1301,-25,[14.45540831]
[17.03100031],[-1.2634338e-13],1301,-25,[14.45540831]
[17.03100031],[-1.2634338e-13],1301,-25,[14.45540831]
[17.03100031],[-1.2634338e-13],1301,-25,[14.45540831]
[17.03100031],[-1.2634338e-13],1301,-25,[14.45540831]
[17.03100031],[-1.2634338e-13],1301,-25,[14.45540831]
[17.03100031],[-1.2634338e-13],1301,-25,[14.45540831]
[17.03100031],[-1.2634338e-13],1301,-25,[14.45540831]
[17.03100031],[-1.2634338e-13],1301,-25,[14.45540831]
[17.03100031],[-1.2634338e-13],1301,-25,[14.45540831]
[17.03100031],[-1.2634338e-13],1301,-25,[14.45540831]
[17.03100031],[-1.2634338e-13],1301,-25,[14.45540831]
[17.03100031],[-1.2634338e-13],1301,-25,[14.45540831]
[17.03100031],[-1.2634338e-13],1301,-25,[14.45540831]
[17.03100031],[-1.2634338e-13],1301,-25,[14.45540831]
[17.03100031],[-1.2634338e-13],1301,-25,[14.45540831]
[17.03100031],[-1.2634338e-13],1301,-25,[14.45540831]
[17.03100031],[-1.2634338e-13],1301,-25,[14.45540831]
[17.03100031],[-1.2634338e-13],1301,-25,[14.45540831]
[17.03100031],[-1.2634338e-13],1301,-25,[14.45540831]
[17.03100031],[-1.2634338e-13],1301,-25,[14.45540831]
[17.03100031],[-1.2634338e-13],1301,-25,[14.45540831]
[17.03100031],[-1.2634338e-13],1301,-25,[14.45540831]
[17.03100031],[-1.2634338e-13],1301,-25,[14.45540831]
[17.03100031],[-1.2634338e-13],1301,-25,[14.45540831]
[17.03100031],[-1.2634338e-13],1301,-25,[14.45540831]
[17.03100031],[-1.2634338e-13],1301,-25,[14.45540831]
[17.03100031],[-1.2634338e-13],1301,-25,[14.45540831]
[17.03100031],[-1.2634338e-13],1301,-25,[14.45540831]
[17.03100031],[-1.2634338e-13],1301,-25,[14.45540831]
[17.03100031],[-1.2634338e-13],1301,-25,[14.45540831]
[17.03100031],[-1.2634338e-13],1301,-25,[14.45540831]
[17.03100031],[-1.2634338e-13],1301,-25,[14.45540831]
[17.03100031],[-1.2634338e-13],1301,-25,[14.45540831]
[17.03100031],[-1.2634338e-13],1301,-25,[14.45540831]
[17.03100031],[-1.2634338e-13],1301,-25,[14.45540831]
[17.03100031],[-1.2634338e-13],1301,-25,[14.45540831]
[17.03100031],[-1.2634338e-13],1301,-25,[14.45540831]
[17.03100031],[-1.2634338e-13],1301,-25,[14.45540831]
[17.03100031],[-1.2634338e-13],1301,-25,[14.45540831]
[17.03100031],[-1.2634338e-13],1301,-25,[14.45540831]
[17.03100031],[-1.2634338e-13],1301,-25,[14.45540831]
[17.03100031],[-1.2634338e-13],1301,-25,[14.45540831]
[17.03100031],[-1.2634338e-13],1301,-25,[14.45540831]
[17.03100031],[-1.2634338e-13],1301,-25,[14.45540831]
[17.03100031],[-1.2634338e-13],1301,-25,[14.45540831]
[17.03100031],[-1.2634338e-13],1301,-25,[14.45540831]
[17.03100031],[-1.2634338e-13],1301,-25,[14.45540831]
[17.03100031],[-1.2634338e-13],1301,-25,[14.45540831]
[17.03100031],[-1.2634338e-13],1301,-25,[14.45540831]
[17.03100031],[-1.2634338e-13],1301,-25,[14.45540831]
[17.03100031],[-1.2634338e-13],1301,-25,[14.45540831]
[17.03100031],[-1.2634338e-13],1301,-25,[14.45540831]
[17.03100031],[-1.2634338e-13],1301,-25,[14.45540831]
[17.03100031],[-1.2634338e-13],1301,-25,[14.45540831]
[17.03100031],[-1.2634338e-13],1301,-25,[14.45540831]
[17.03100031],[-1.2634338e-13],1301,-25,[14.45540831]
[17.03100031],[-1.2634338e-13],1301,-25,[14.45540831]
[17.03100031],[-1.2634338e-13],1301,-25,[14.45540831]
[17.03100031],[-1.2634338e-13],1301,-25,[14.45540831]
[17.03100031],[-1.2634338e-13],1301,-25,[14.45540831]
[17.03100031],[-1.2634338e-13],1301,-25,[14.45540831]
[17.03100031],[-1.2634338e-13],1301,-25,[14.45540831]
[17.03100031],[-1.2634338e-13],1301,-25,[14.45540831]
[17.03100031],[-1.2634338e-13],1301,-25,[14.45540831]
[17.03100031],[-1.2634338e-13],1301,-25,[14.45540831]
[17.03100031],[-1.2634338e-13],1301,-25,[14.45540831]
[17.03100031],[-1.2634338e-13],1301,-25,[14.45540831]
[17.03100031],[-1.2634338e-13],1301,-25,[14.45540831]
[17.03100031],[-1.2634338e-13],1301,-25,[14.45540831]
[17.03100031],[-1.2634338e-13],1301,-25,[14.45540831]
[17.03100031],[-1.2634338e-13],1301,-25,[14.45540831]
[17.03100031],[-1.2634338e-13],1301,-25,[14.45540831]
[17.03100031],[-1.2634338e-13],1301,-25,[14.45540831]
[17.03100031],[-1.2634338e-13],1301,-25,[14.45540831]
[17.03100031],[-1.2634338e-13],1301,-25,[14.45540831]
[17.03100031],[-1.2634338e-13],1301,-25,[14.45540831]
[17.03100031],[-1.2634338e-13],1301,-25,[14.45540831]
[17.03100031],[-1.2634338e-13],1301,-25,[14.45540831]
[17.03100031],[-1.2634338e-13],1301,-25,[14.45540831]
[17.03100031],[-1.2634338e-13],1301,-25,[14.45540831]
[17.03100031],[-1.2634338e-13],1301,-25,[14.45540831]
[17.03100031],[-1.2634338e-13],1301,-25,[14.45540831]
[17.03100031],[-1.2634338e-13],1301,-25,[14.45540831]
[17.03100031],[-1.2634338e-13],1301,-25,[14.45540831]
[17.03100031],[-1.2634338e-13],1301,-25,[14.45540831]
[17.03100031],[-1.2634338e-13],1301,-25,[14.45540831]
[17.03100031],[-1.2634338e-13],1301,-25,[14.45540831]
[17.03100031],[-1.2634338e-13],1301,-25,[14.45540831]
[17.03100031],[-1.2634338e-13],1301,-25,[14.45540831]
[17.03100031],[-1.2634338e-13],1301,-25,[14.45540831]
[17.03100031],[-1.2634338e-13],1301,-25,[14.45540831]
[17.03100031],[-1.2634338e-13],1301,-25,[14.45540831]
[17.03100031],[-1.2634338e-13],1301,-25,[14.45540831]
[17.03100031],[-1.2634338e-13],1301,-25,[14.45540831]
[17.03100031],[-1.2634338e-13],1301,-25,[14.45540831]
[17.03100031],[-1.2634338e-13],1301,-25,[14.45540831]
[17.03100031],[-1.2634338e-13],1301,-25,[14.45540831]
[17.03100031],[-1.2634338e-13],1301,-25,[14.45540831]
[17.03100031],[-1.2634338e-13],1301,-25,[14.45540831]
[17.03100031],[-1.2634338e-13],1301,-25,[14.45540831]
[17.03100031],[-1.2634338e-13],1301,-25,[14.45540831]
[17.03100031],[-1.2634338e-13],1301,-25,[14.45540831]
[17.03100031],[-1.2634338e-13],1301,-25,[14.45540831]
[17.03100031],[-1.2634338e-13],1301,-25,[14.45540831]
[17.03100031],[-1.2634338e-13],1301,-25,[14.45540831]
[17.03100031],[-1.2634338e-13],1301,-25,[14.45540831]
[17.03100031],[-1.2634338e-13],1301,-25,[14.45540831]
[17.03100031],[-1.2634338e-13],1301,-25,[14.45540831]
[17.03100031],[-1.2634338e-13],1301,-25,[14.45540831]
[17.03100031],[-1.2634338e-13],1301,-25,[14.45540831]
[17.03100031],[-1.2634338e-13],1301,-25,[14.45540831]
[17.03100031],[-1.2634338e-13],1301,-25,[14.45540831]
[17.03100031],[-1.2634338e-13],1301,-25,[14.45540831]
[17.03100031],[-1.2634338e-13],1301,-25,[14.45540831]
[17.03100031],[-1.2634338e-13],1301,-25,[14.45540831]
[17.03100031],[-1.2634338e-13],1301,-25,[14.45540831]
[17.03100031],[-1.2634338e-13],1301,-25,[14.45540831]
[17.03100031],[-1.2634338e-13],1301,-25,[14.45540831]
[17.03100031],[-1.2634338e-13],1301,-25,[14.45540831]
[17.03100031],[-1.2634338e-13],1301,-25,[14.45540831]
[17.03100031],[-1.2634338e-13],1301,-25,[14.45540831]
[17.03100031],[-1.2634338e-13],1301,-25,[14.45540831]
[17.03100031],[-1.2634338e-13],1301,-25,[14.45540831]
[17.03100031],[-1.2634338e-13],1301,-25,[14.45540831]
[17.03100031],[-1.2634338e-13],1301,-25,[14.45540831]
[17.03100031],[-1.2634338e-13],1301,-25,[14.45540831]
[17.03100031],[-1.2634338e-13],1301,-25,[14.45540831]
[17.03100031],[-1.2634338e-13],1301,-25,[14.45540831]
[17.03100031],[-1.2634338e-13],1301,-25,[14.45540831]
[17.03100031],[-1.2634338e-13],1301,-25,[14.45540831]
[17.03100031],[-1.2634338e-13],1301,-25,[14.45540831]
[17.03100031],[-1.2634338e-13],1301,-25,[14.45540831]
[17.03100031],[-1.2634338e-13],1301,-25,[14.45540831]
[17.03100031],[-1.2634338e-13],1301,-25,[14.45540831]
[17.03100031],[-1.2634338e-13],1301,-25,[14.45540831]
[17.03100031],[-1.2634338e-13],1301,-25,[14.45540831]
[17.03100031],[-1.2634338e-13],1301,-25,[14.45540831]
[17.03100031],[-1.2634338e-13],1301,-25,[14.45540831]
[17.03100031],[-1.2634338e-13],1301,-25,[14.45540831]
[17.03100031],[-1.2634338e-13],1301,-25,[14.45540831]
[17.03100031],[-1.2634338e-13],1301,-25,[14.45540831]
[17.03100031],[-1.2634338e-13],1301,-25,[14.45540831]
[17.03100031],[-1.2634338e-13],1301,-25,[14.45540831]
[17.03100031],[-1.2634338e-13],1301,-25,[14.45540831]
[17.03100031],[-1.2634338e-13],1301,-25,[14.45540831]
[17.03100031],[-1.2634338e-13],1301,-25,[14.45540831]
[17.03100031],[-1.2634338e-13],1301,-25,[14.45540831]
[17.03100031],[-1.2634338e-13],1301,-25,[14.45540831]
[17.03100031],[-1.2634338e-13],1301,-25,[14.45540831]
[17.03100031],[-1.2634338e-13],1301,-25,[14.45540831]
[17.03100031],[-1.2634338e-13],1301,-25,[14.45540831]
[17.03100031],[-1.2634338e-13],1301,-25,[14.45540831]
[17.03100031],[-1.2634338e-13],1301,-25,[14.45540831]
[17.03100031],[-1.2634338e-13],1301,-25,[14.45540831]
[17.03100031],[-1.2634338e-13],1301,-25,[14.45540831]
[17.03100031],[-1.2634338e-13],1301,-25,[14.45540831]
[17.03100031],[-1.2634338e-13],1301,-25,[14.45540831]
[17.03100031],[-1.2634338e-13],1301,-25,[14.45540831]
[17.03100031],[-1.2634338e-13],1301,-25,[14.45540831]
[17.03100031],[-1.2634338e-13],1301,-25,[14.45540831]
[17.03100031],[-1.2634338e-13],1301,-25,[14.45540831]
[17.03100031],[-1.2634338e-13],1301,-25,[14.45540831]
[17.03100031],[-1.2634338e-13],1301,-25,[14.45540831]
[17.03100031],[-1.2634338e-13],1301,-25,[14.45540831]
[17.03100031],[-1.2634338e-13],1301,-25,[14.45540831]
[17.03100031],[-1.2634338e-13],1301,-25,[14.45540831]
[17.03100031],[-1.2634338e-13],1301,-25,[14.45540831]
[17.03100031],[-1.2634338e-13],1301,-25,[14.45540831]
[17.03100031],[-1.2634338e-13],1301,-25,[14.45540831]
[17.03100031],[-1.2634338e-13],1301,-25,[14.45540831]
[17.03100031],[-1.2634338e-13],1301,-25,[14.45540831]
[17.03100031],[-1.2634338e-13],1301,-25,[14.45540831]
[17.03100031],[-1.2634338e-13],1301,-25,[14.45540831]
[17.03100031],[-1.2634338e-13],1301,-25,[14.45540831]
[17.03100031],[-1.2634338e-13],1301,-25,[14.45540831]
[17.03100031],[-1.2634338e-13],1301,-25,[14.45540831]
[17.03100031],[-1.2634338e-13],1301,-25,[14.45540831]
[17.03100031],[-1.2634338e-13],1301,-25,[14.45540831]
[17.03100031],[-1.2634338e-13],1301,-25,[14.45540831]
[17.03100031],[-1.2634338e-13],1301,-25,[14.45540831]
[17.03100031],[-1.2634338e-13],1301,-25,[14.45540831]
[17.03100031],[-1.2634338e-13],1301,-25,[14.45540831]
[17.03100031],[-1.2634338e-13],1301,-25,[14.45540831]
[17.03100031],[-1.2634338e-13],1301,-25,[14.45540831]
[17.03100031],[-1.2634338e-13],1301,-25,[14.45540831]
[17.03100031],[-1.2634338e-13],1301,-25,[14.45540831]
[17.03100031],[-1.2634338e-13],1301,-25,[14.45540831]
[17.03100031],[-1.2634338e-13],1301,-25,[14.45540831]
[17.03100031],[-1.2634338e-13],1301,-25,[14.45540831]
[17.03100031],[-1.2634338e-13],1301,-25,[14.45540831]
[17.03100031],[-1.2634338e-13],1301,-25,[14.45540831]
[17.03100031],[-1.2634338e-13],1301,-25,[14.45540831]
[17.03100031],[-1.2634338e-13],1301,-25,[14.45540831]
[17.03100031],[-1.2634338e-13],1301,-25,[14.45540831]
[17.03100031],[-1.2634338e-13],1301,-25,[14.45540831]
[17.03100031],[-1.2634338e-13],1301,-25,[14.45540831]
[17.03100031],[-1.2634338e-13],1301,-25,[14.45540831]
[17.03100031],[-1.2634338e-13],1301,-25,[14.45540831]
[17.03100031],[-1.2634338e-13],1301,-25,[14.45540831]
[17.03100031],[-1.2634338e-13],1301,-25,[14.45540831]
[17.03100031],[-1.2634338e-13],1301,-25,[14.45540831]
[17.03100031],[-1.2634338e-13],1301,-25,[14.45540831]
[17.03100031],[-1.2634338e-13],1301,-25,[14.45540831]
[17.03100031],[-1.2634338e-13],1301,-25,[14.45540831]
[17.03100031],[-1.2634338e-13],1301,-25,[14.45540831]
[17.03100031],[-1.2634338e-13],1301,-25,[14.45540831]
[17.03100031],[-1.2634338e-13],1301,-25,[14.45540831]
[17.03100031],[-1.2634338e-13],1301,-25,[14.45540831]
[17.03100031],[-1.2634338e-13],1301,-25,[14.45540831]
[17.03100031],[-1.2634338e-13],1301,-25,[14.45540831]
[17.03100031],[-1.2634338e-13],1301,-25,[14.45540831]
[17.03100031],[-1.2634338e-13],1301,-25,[14.45540831]
[17.03100031],[-1.2634338e-13],1301,-25,[14.45540831]
[17.03100031],[-1.2634338e-13],1301,-25,[14.45540831]
[17.03100031],[-1.2634338e-13],1301,-25,[14.45540831]
[17.03100031],[-1.2634338e-13],1301,-25,[14.45540831]
[17.03100031],[-1.2634338e-13],1301,-25,[14.45540831]
[17.03100031],[-1.2634338e-13],1301,-25,[14.45540831]
[17.03100031],[-1.2634338e-13],1301,-25,[14.45540831]
[17.03100031],[-1.2634338e-13],1301,-25,[14.45540831]
[17.03100031],[-1.2634338e-13],1301,-25,[14.45540831]
[17.03100031],[-1.2634338e-13],1301,-25,[14.45540831]
[17.03100031],[-1.2634338e-13],1301,-25,[14.45540831]
[17.03100031],[-1.2634338e-13],1301,-25,[14.45540831]
[17.03100031],[-1.2634338e-13],1301,-25,[14.45540831]
[17.03100031],[-1.2634338e-13],1301,-25,[14.45540831]
[17.03100031],[-1.2634338e-13],1301,-25,[14.45540831]
[17.03100031],[-1.2634338e-13],1301,-25,[14.45540831]
[17.03100031],[-1.2634338e-13],1301,-25,[14.45540831]
[17.03100031],[-1.2634338e-13],1301,-25,[14.45540831]
[17.03100031],[-1.2634338e-13],1301,-25,[14.45540831]
[17.03100031],[-1.2634338e-13],1301,-25,[14.45540831]
[17.03100031],[-1.2634338e-13],1301,-25,[14.45540831]
[17.03100031],[-1.2634338e-13],1301,-25,[14.45540831]
[17.03100031],[-1.2634338e-13],1301,-25,[14.45540831]
[17.03100031],[-1.2634338e-13],1301,-25,[14.45540831]
[17.03100031],[-1.2634338e-13],1301,-25,[14.45540831]
[17.03100031],[-1.2634338e-13],1301,-25,[14.45540831]
[17.03100031],[-1.2634338e-13],1301,-25,[14.45540831]
[17.03100031],[-1.2634338e-13],1301,-25,[14.45540831]
[17.03100031],[-1.2634338e-13],1301,-25,[14.45540831]
[17.03100031],[-1.2634338e-13],1301,-25,[14.45540831]
[17.03100031],[-1.2634338e-13],1301,-25,[14.45540831]
[17.03100031],[-1.2634338e-13],1301,-25,[14.45540831]
[17.03100031],[-1.2634338e-13],1301,-25,[14.45540831]
[17.03100031],[-1.2634338e-13],1301,-25,[14.45540831]
[17.03100031],[-1.2634338e-13],1301,-25,[14.45540831]
[17.03100031],[-1.2634338e-13],1301,-25,[14.45540831]
[17.03100031],[-1.2634338e-13],1301,-25,[14.45540831]
[17.03100031],[-1.2634338e-13],1301,-25,[14.45540831]
[17.03100031],[-1.2634338e-13],1301,-25,[14.45540831]
[17.03100031],[-1.2634338e-13],1301,-25,[14.45540831]
[17.03100031],[-1.2634338e-13],1301,-25,[14.45540831]
[17.03100031],[-1.2634338e-13],1301,-25,[14.45540831]
[17.03100031],[-1.2634338e-13],1301,-25,[14.45540831]
[17.03100031],[-1.2634338e-13],1301,-25,[14.45540831]
[17.03100031],[-1.2634338e-13],1301,-25,[14.45540831]
[17.03100031],[-1.2634338e-13],1301,-25,[14.45540831]
[17.03100031],[-1.2634338e-13],1301,-25,[14.45540831]
[17.03100031],[-1.2634338e-13],1301,-25,[14.45540831]
[17.03100031],[-1.2634338e-13],1301,-25,[14.45540831]
[17.03100031],[-1.2634338e-13],1301,-25,[14.45540831]
[17.03100031],[-1.2634338e-13],1301,-25,[14.45540831]
[17.03100031],[-1.2634338e-13],1301,-25,[14.45540831]
[17.03100031],[-1.2634338e-13],1301,-25,[14.45540831]
[17.03100031],[-1.2634338e-13],1301,-25,[14.45540831]
[17.03100031],[-1.2634338e-13],1301,-25,[14.45540831]
[17.03100031],[-1.2634338e-13],1301,-25,[14.45540831]
[17.03100031],[-1.2634338e-13],1301,-25,[14.45540831]
[17.03100031],[-1.2634338e-13],1301,-25,[14.45540831]
[17.03100031],[-1.2634338e-13],1301,-25,[14.45540831]
[17.03100031],[-1.2634338e-13],1301,-25,[14.45540831]
[17.03100031],[-1.2634338e-13],1301,-25,[14.45540831]
[17.03100031],[-1.2634338e-13],1301,-25,[14.45540831]
[17.03100031],[-1.2634338e-13],1301,-25,[14.45540831]
[17.03100031],[-1.2634338e-13],1301,-25,[14.45540831]
[17.03100031],[-1.2634338e-13],1301,-25,[14.45540831]
[17.03100031],[-1.2634338e-13],1301,-25,[14.45540831]
[17.03100031],[-1.2634338e-13],1301,-25,[14.45540831]
[17.03100031],[-1.2634338e-13],1301,-25,[14.45540831]
[17.03100031],[-1.2634338e-13],1301,-25,[14.45540831]
[17.03100031],[-1.2634338e-13],1301,-25,[14.45540831]
[17.03100031],[-1.2634338e-13],1301,-25,[14.45540831]
[17.03100031],[-1.2634338e-13],1301,-25,[14.45540831]
[17.03100031],[-1.2634338e-13],1301,-25,[14.45540831]
[17.03100031],[-1.2634338e-13],1301,-25,[14.45540831]
[17.03100031],[-1.2634338e-13],1301,-25,[14.45540831]
[17.03100031],[-1.2634338e-13],1301,-25,[14.45540831]
[17.03100031],[-1.2634338e-13],1301,-25,[14.45540831]
[17.03100031],[-1.2634338e-13],1301,-25,[14.45540831]
[17.03100031],[-1.2634338e-13],1301,-25,[14.45540831]
[17.03100031],[-1.2634338e-13],1301,-25,[14.45540831]
[17.03100031],[-1.2634338e-13],1301,-25,[14.45540831]
[17.03100031],[-1.2634338e-13],1301,-25,[14.45540831]
[17.03100031],[-1.2634338e-13],1301,-25,[14.45540831]
[17.03100031],[-1.2634338e-13],1301,-25,[14.45540831]
[17.03100031],[-1.2634338e-13],1301,-25,[14.45540831]
[17.03100031],[-1.2634338e-13],1301,-25,[14.45540831]
[17.03100031],[-1.2634338e-13],1301,-25,[14.45540831]
[17.03100031],[-1.2634338e-13],1301,-25,[14.45540831]
[17.03100031],[-1.2634338e-13],1301,-25,[14.45540831]
[17.03100031],[-1.2634338e-13],1301,-25,[14.45540831]
[17.03100031],[-1.2634338e-13],1301,-25,[14.45540831]
[17.03100031],[-1.2634338e-13],1301,-25,[14.45540831]
[17.03100031],[-1.2634338e-13],1301,-25,[14.45540831]
[17.03100031],[-1.2634338e-13],1301,-25,[14.45540831]
[17.03100031],[-1.2634338e-13],1301,-25,[14.45540831]
[17.03100031],[-1.2634338e-13],1301,-25,[14.45540831]
[17.03100031],[-1.2634338e-13],1301,-25,[14.45540831]
[17.03100031],[-1.2634338e-13],1301,-25,[14.45540831]
[17.03100031],[-1.2634338e-13],1301,-25,[14.45540831]
[17.03100031],[-1.2634338e-13],1301,-25,[14.45540831]
[17.03100031],[-1.2634338e-13],1301,-25,[14.45540831]
[17.03100031],[-1.2634338e-13],1301,-25,[14.45540831]
[17.03100031],[-1.2634338e-13],1301,-25,[14.45540831]
[17.03100031],[-1.2634338e-13],1301,-25,[14.45540831]
[17.03100031],[-1.2634338e-13],1301,-25,[14.45540831]
[17.03100031],[-1.2634338e-13],1301,-25,[14.45540831]
[17.03100031],[-1.2634338e-13],1301,-25,[14.45540831]
[17.03100031],[-1.2634338e-13],1301,-25,[14.45540831]
[17.03100031],[-1.2634338e-13],1301,-25,[14.45540831]
[17.03100031],[-1.2634338e-13],1301,-25,[14.45540831]
[17.03100031],[-1.2634338e-13],1301,-25,[14.45540831]
[17.03100031],[-1.2634338e-13],1301,-25,[14.45540831]
[17.03100031],[-1.2634338e-13],1301,-25,[14.45540831]
[17.03100031],[-1.2634338e-13],1301,-25,[14.45540831]
[17.03100031],[-1.2634338e-13],1301,-25,[14.45540831]
[17.03100031],[-1.2634338e-13],1301,-25,[14.45540831]
[17.03100031],[-1.2634338e-13],1301,-25,[14.45540831]
[17.03100031],[-1.2634338e-13],1301,-25,[14.45540831]
[17.03100031],[-1.2634338e-13],1301,-25,[14.45540831]
[17.03100031],[-1.2634338e-13],1301,-25,[14.45540831]
[17.03100031],[-1.2634338e-13],1301,-25,[14.45540831]
[17.03100031],[-1.2634338e-13],1301,-25,[14.45540831]
[17.03100031],[-1.2634338e-13],1301,-25,[14.45540831]
[17.03100031],[-1.2634338e-13],1301,-25,[14.45540831]
[17.03100031],[-1.2634338e-13],1301,-25,[14.45540831]
[17.03100031],[-1.2634338e-13],1301,-25,[14.45540831]
[17.03100031],[-1.2634338e-13],1301,-25,[14.45540831]
[17.03100031],[-1.2634338e-13],1301,-25,[14.45540831]
[17.03100031],[-1.2634338e-13],1301,-25,[14.45540831]
[17.03100031],[-1.2634338e-13],1301,-25,[14.45540831]
[17.03100031],[-1.2634338e-13],1301,-25,[14.45540831]
[17.03100031],[-1.2634338e-13],1301,-25,[14.45540831]
[17.03100031],[-1.2634338e-13],1301,-25,[14.45540831]
[17.03100031],[-1.2634338e-13],1301,-25,[14.45540831]
[17.03100031],[-1.2634338e-13],1301,-25,[14.45540831]
[17.03100031],[-1.2634338e-13],1301,-25,[14.45540831]
[17.03100031],[-1.2634338e-13],1301,-25,[14.45540831]
[17.03100031],[-1.2634338e-13],1301,-25,[14.45540831]
[17.03100031],[-1.2634338e-13],1301,-25,[14.45540831]
[17.03100031],[-1.2634338e-13],1301,-25,[14.45540831]
[17.03100031],[-1.2634338e-13],1301,-25,[14.45540831]
[17.03100031],[-1.2634338e-13],1301,-25,[14.45540831]
[17.03100031],[-1.2634338e-13],1301,-25,[14.45540831]
[17.03100031],[-1.2634338e-13],1301,-25,[14.45540831]
[17.03100031],[-1.2634338e-13],1301,-25,[14.45540831]
[17.03100031],[-1.2634338e-13],1301,-25,[14.45540831]
[17.03100031],[-1.2634338e-13],1301,-25,[14.45540831]
[17.03100031],[-1.2634338e-13],1301,-25,[14.45540831]
[17.03100031],[-1.2634338e-13],1301,-25,[14.45540831]
[17.03100031],[-1.2634338e-13],1301,-25,[14.45540831]
[17.03100031],[-1.2634338e-13],1301,-25,[14.45540831]
[17.03100031],[-1.2634338e-13],1301,-25,[14.45540831]
[17.03100031],[-1.2634338e-13],1301,-25,[14.45540831]
[17.03100031],[-1.2634338e-13],1301,-25,[14.45540831]
[17.03100031],[-1.2634338e-13],1301,-25,[14.45540831]
[17.03100031],[-1.2634338e-13],1301,-25,[14.45540831]
[17.03100031],[-1.2634338e-13],1301,-25,[14.45540831]
[17.03100031],[-1.2634338e-13],1301,-25,[14.45540831]
[17.03100031],[-1.2634338e-13],1301,-25,[14.45540831]
[17.03100031],[-1.2634338e-13],1301,-25,[14.45540831]
[17.03100031],[-1.2634338e-13],1301,-25,[14.45540831]
[17.03100031],[-1.2634338e-13],1301,-25,[14.45540831]
[17.03100031],[-1.2634338e-13],1301,-25,[14.45540831]
[17.03100031],[-1.2634338e-13],1301,-25,[14.45540831]
[17.03100031],[-1.2634338e-13],1301,-25,[14.45540831]
[17.03100031],[-1.2634338e-13],1301,-25,[14.45540831]
[17.03100031],[-1.2634338e-13],1301,-25,[14.45540831]
[17.03100031],[-1.2634338e-13],1301,-25,[14.45540831]
[17.03100031],[-1.2634338e-13],1301,-25,[14.45540831]
[17.03100031],[-1.2634338e-13],1301,-25,[14.45540831]
[17.03100031],[-1.2634338e-13],1301,-25,[14.45540831]
[17.03100031],[-1.2634338e-13],1301,-25,[14.45540831]
[17.03100031],[-1.2634338e-13],1301,-25,[14.45540831]
[17.03100031],[-1.2634338e-13],1301,-25,[14.45540831]
[17.03100031],[-1.2634338e-13],1301,-25,[14.45540831]
[17.03100031],[-1.2634338e-13],1301,-25,[14.45540831]
[17.03100031],[-1.2634338e-13],1301,-25,[14.45540831]
[17.03100031],[-1.2634338e-13],1301,-25,[14.45540831]
[17.03100031],[-1.2634338e-13],1301,-25,[14.45540831]
[17.03100031],[-1.2634338e-13],1301,-25,[14.45540831]
[17.03100031],[-1.2634338e-13],1301,-25,[14.45540831]
[17.03100031],[-1.2634338e-13],1301,-25,[14.45540831]
[17.03100031],[-1.2634338e-13],1301,-25,[14.45540831]
[17.03100031],[-1.2634338e-13],1301,-25,[14.45540831]
[17.03100031],[-1.2634338e-13],1301,-25,[14.45540831]
[17.03100031],[-1.2634338e-13],1301,-25,[14.45540831]
[17.03100031],[-1.2634338e-13],1301,-25,[14.45540831]
[17.03100031],[-1.2634338e-13],1301,-25,[14.45540831]
[17.03100031],[-1.2634338e-13],1301,-25,[14.45540831]
[17.03100031],[-1.2634338e-13],1301,-25,[14.45540831]
[17.03100031],[-1.2634338e-13],1301,-25,[14.45540831]
[17.03100031],[-1.2634338e-13],1301,-25,[14.45540831]
[17.03100031],[-1.2634338e-13],1301,-25,[14.45540831]
[17.03100031],[-1.2634338e-13],1301,-25,[14.45540831]
[17.03100031],[-1.2634338e-13],1301,-25,[14.45540831]
[17.03100031],[-1.2634338e-13],1301,-25,[14.45540831]
[17.03100031],[-1.2634338e-13],1301,-25,[14.45540831]
[17.03100031],[-1.2634338e-13],1301,-25,[14.45540831]
[17.03100031],[-1.2634338e-13],1301,-25,[14.45540831]
[17.03100031],[-1.2634338e-13],1301,-25,[14.45540831]
[17.03100031],[-1.2634338e-13],1301,-25,[14.45540831]
[17.03100031],[-1.2634338e-13],1301,-25,[14.45540831]
[17.03100031],[-1.2634338e-13],1301,-25,[14.45540831]
[17.03100031],[-1.2634338e-13],1301,-25,[14.45540831]
[17.03100031],[-1.2634338e-13],1301,-25,[14.45540831]
[17.03100031],[-1.2634338e-13],1301,-25,[14.45540831]
[17.03100031],[-1.2634338e-13],1301,-25,[14.45540831]
[17.03100031],[-1.2634338e-13],1301,-25,[14.45540831]
[17.03100031],[-1.2634338e-13],1301,-25,[14.45540831]
[17.03100031],[-1.2634338e-13],1301,-25,[14.45540831]
[17.03100031],[-1.2634338e-13],1301,-25,[14.45540831]
[17.03100031],[-1.2634338e-13],1301,-25,[14.45540831]
[17.03100031],[-1.2634338e-13],1301,-25,[14.45540831]
[17.03100031],[-1.2634338e-13],1301,-25,[14.45540831]
[17.03100031],[-1.2634338e-13],1301,-25,[14.45540831]
[17.03100031],[-1.2634338e-13],1301,-25,[14.45540831]
[17.03100031],[-1.2634338e-13],1301,-25,[14.45540831]
[17.03100031],[-1.2634338e-13],1301,-25,[14.45540831]
[17.03100031],[-1.2634338e-13],1301,-25,[14.45540831]
[17.03100031],[-1.2634338e-13],1301,-25,[14.45540831]
[17.03100031],[-1.2634338e-13],1301,-25,[14.45540831]
[17.03100031],[-1.2634338e-13],1301,-25,[14.45540831]
[17.03100031],[-1.2634338e-13],1301,-25,[14.45540831]
[17.03100031],[-1.2634338e-13],1301,-25,[14.45540831]
[17.03100031],[-1.2634338e-13],1301,-25,[14.45540831]
[17.03100031],[-1.2634338e-13],1301,-25,[14.45540831]
[17.03100031],[-1.2634338e-13],1301,-25,[14.45540831]
[17.03100031],[-1.2634338e-13],1301,-25,[14.45540831]
[17.03100031],[-1.2634338e-13],1301,-25,[14.45540831]
[17.03100031],[-1.2634338e-13],1301,-25,[14.45540831]
[17.03100031],[-1.2634338e-13],1301,-25,[14.45540831]
[17.03100031],[-1.2634338e-13],1301,-25,[14.45540831]
[17.03100031],[-1.2634338e-13],1301,-25,[14.45540831]
[17.03100031],[-1.2634338e-13],1301,-25,[14.45540831]
[17.03100031],[-1.2634338e-13],1301,-25,[14.45540831]
[17.03100031],[-1.2634338e-13],1301,-25,[14.45540831]
[17.03100031],[-1.2634338e-13],1301,-25,[14.45540831]
[17.03100031],[-1.2634338e-13],1301,-25,[14.45540831]
[17.03100031],[-1.2634338e-13],1301,-25,[14.45540831]
[17.03100031],[-1.2634338e-13],1301,-25,[14.45540831]
[17.03100031],[-1.2634338e-13],1301,-25,[14.45540831]
[17.03100031],[-1.2634338e-13],1301,-25,[14.45540831]
[17.03100031],[-1.2634338e-13],1301,-25,[14.45540831]
[17.03100031],[-1.2634338e-13],1301,-25,[14.45540831]
[17.03100031],[-1.2634338e-13],1301,-25,[14.45540831]
[17.03100031],[-1.2634338e-13],1301,-25,[14.45540831]
[17.03100031],[-1.2634338e-13],1301,-25,[14.45540831]
[17.03100031],[-1.2634338e-13],1301,-25,[14.45540831]
[17.03100031],[-1.2634338e-13],1301,-25,[14.45540831]
[17.03100031],[-1.2634338e-13],1301,-25,[14.45540831]
[17.03100031],[-1.2634338e-13],1301,-25,[14.45540831]
[17.03100031],[-1.2634338e-13],1301,-25,[14.45540831]
[17.03100031],[-1.2634338e-13],1301,-25,[14.45540831]
[17.03100031],[-1.2634338e-13],1301,-25,[14.45540831]
[17.03100031],[-1.2634338e-13],1301,-25,[14.45540831]
[17.03100031],[-1.2634338e-13],1301,-25,[14.45540831]
[17.03100031],[-1.2634338e-13],1301,-25,[14.45540831]
[17.03100031],[-1.2634338e-13],1301,-25,[14.45540831]
[17.03100031],[-1.2634338e-13],1301,-25,[14.45540831]
[17.03100031],[-1.2634338e-13],1301,-25,[14.45540831]
[17.03100031],[-1.2634338e-13],1301,-25,[14.45540831]
[17.03100031],[-1.2634338e-13],1301,-25,[14.45540831]
[17.03100031],[-1.2634338e-13],1301,-25,[14.45540831]
[17.03100031],[-1.2634338e-13],1301,-25,[14.45540831]
[17.03100031],[-1.2634338e-13],1301,-25,[14.45540831]
[17.03100031],[-1.2634338e-13],1301,-25,[14.45540831]
[17.03100031],[-1.2634338e-13],1301,-25,[14.45540831]
[17.03100031],[-1.2634338e-13],1301,-25,[14.45540831]
[17.03100031],[-1.2634338e-13],1301,-25,[14.45540831]
[17.03100031],[-1.2634338e-13],1301,-25,[14.45540831]
[17.03100031],[-1.2634338e-13],1301,-25,[14.45540831]
[17.03100031],[-1.2634338e-13],1301,-25,[14.45540831]
[17.03100031],[-1.2634338e-13],1301,-25,[14.45540831]
[17.03100031],[-1.2634338e-13],1301,-25,[14.45540831]
[17.03100031],[-1.2634338e-13],1301,-25,[14.45540831]
[17.03100031],[-1.2634338e-13],1301,-25,[14.45540831]
[17.03100031],[-1.2634338e-13],1301,-25,[14.45540831]
[17.03100031],[-1.2634338e-13],1301,-25,[14.45540831]
[17.03100031],[-1.2634338e-13],1301,-25,[14.45540831]
[17.03100031],[-1.2634338e-13],1301,-25,[14.45540831]
[17.03100031],[-1.2634338e-13],1301,-25,[14.45540831]
[17.03100031],[-1.2634338e-13],1301,-25,[14.45540831]
[17.03100031],[-1.2634338e-13],1301,-25,[14.45540831]
[17.03100031],[-1.2634338e-13],1301,-25,[14.45540831]
[17.03100031],[-1.2634338e-13],1301,-25,[14.45540831]
[17.03100031],[-1.2634338e-13],1301,-25,[14.45540831]
[17.03100031],[-1.2634338e-13],1301,-25,[14.45540831]
[17.03100031],[-1.2634338e-13],1301,-25,[14.45540831]
[17.03100031],[-1.2634338e-13],1301,-25,[14.45540831]
[17.03100031],[-1.2634338e-13],1301,-25,[14.45540831]
[17.03100031],[-1.2634338e-13],1301,-25,[14.45540831]
[17.03100031],[-1.2634338e-13],1301,-25,[14.45540831]
[17.03100031],[-1.2634338e-13],1301,-25,[14.45540831]
[17.03100031],[-1.2634338e-13],1301,-25,[14.45540831]
[17.03100031],[-1.2634338e-13],1301,-25,[14.45540831]
[17.03100031],[-1.2634338e-13],1301,-25,[14.45540831]
[17.03100031],[-1.2634338e-13],1301,-25,[14.45540831]
[17.03100031],[-1.2634338e-13],1301,-25,[14.45540831]
[17.03100031],[-1.2634338e-13],1301,-25,[14.45540831]
[17.03100031],[-1.2634338e-13],1301,-25,[14.45540831]
[17.03100031],[-1.2634338e-13],1301,-25,[14.45540831]
[17.03100031],[-1.2634338e-13],1301,-25,[14.45540831]
[17.03100031],[-1.2634338e-13],1301,-25,[14.45540831]
[17.03100031],[-1.2634338e-13],1301,-25,[14.45540831]
[17.03100031],[-1.2634338e-13],1301,-25,[14.45540831]
[17.03100031],[-1.2634338e-13],1301,-25,[14.45540831]
[17.03100031],[-1.2634338e-13],1301,-25,[14.45540831]
[17.03100031],[-1.2634338e-13],1301,-25,[14.45540831]
[17.03100031],[-1.2634338e-13],1301,-25,[14.45540831]
[17.03100031],[-1.2634338e-13],1301,-25,[14.45540831]
[17.03100031],[-1.2634338e-13],1301,-25,[14.45540831]
[17.03100031],[-1.2634338e-13],1301,-25,[14.45540831]
[17.03100031],[-1.2634338e-13],1301,-25,[14.45540831]
[17.03100031],[-1.2634338e-13],1301,-25,[14.45540831]
[17.03100031],[-1.2634338e-13],1301,-25,[14.45540831]
[17.03100031],[-1.2634338e-13],1301,-25,[14.45540831]
[17.03100031],[-1.2634338e-13],1301,-25,[14.45540831]
[17.03100031],[-1.2634338e-13],1301,-25,[14.45540831]
[17.03100031],[-1.2634338e-13],1301,-25,[14.45540831]
[17.03100031],[-1.2634338e-13],1301,-25,[14.45540831]
[17.03100031],[-1.2634338e-13],1301,-25,[14.45540831]
[17.03100031],[-1.2634338e-13],1301,-25,[14.45540831]
[17.03100031],[-1.2634338e-13],1301,-25,[14.45540831]
[17.03100031],[-1.2634338e-13],1301,-25,[14.45540831]
[17.03100031],[-1.2634338e-13],1301,-25,[14.45540831]
[17.03100031],[-1.2634338e-13],1301,-25,[14.45540831]
[17.03100031],[-1.2634338e-13],1301,-25,[14.45540831]
[17.03100031],[-1.2634338e-13],1301,-25,[14.45540831]
[17.03100031],[-1.2634338e-13],1301,-25,[14.45540831]
[17.03100031],[-1.2634338e-13],1301,-25,[14.45540831]
[17.03100031],[-1.2634338e-13],1301,-25,[14.45540831]
[17.03100031],[-1.2634338e-13],1301,-25,[14.45540831]
[17.03100031],[-1.2634338e-13],1301,-25,[14.45540831]
[17.03100031],[-1.2634338e-13],1301,-25,[14.45540831]
[17.03100031],[-1.2634338e-13],1301,-25,[14.45540831]
[17.03100031],[-1.2634338e-13],1301,-25,[14.45540831]
[17.03100031],[-1.2634338e-13],1301,-25,[14.45540831]
[17.03100031],[-1.2634338e-13],1301,-25,[14.45540831]
[17.03100031],[-1.2634338e-13],1301,-25,[14.45540831]
[17.03100031],[-1.2634338e-13],1301,-25,[14.45540831]
[17.03100031],[-1.2634338e-13],1301,-25,[14.45540831]
[17.03100031],[-1.2634338e-13],1301,-25,[14.45540831]
[17.03100031],[-1.2634338e-13],1301,-25,[14.45540831]
[17.03100031],[-1.2634338e-13],1301,-25,[14.45540831]
[17.03100031],[-1.2634338e-13],1301,-25,[14.45540831]
[17.03100031],[-1.2634338e-13],1301,-25,[14.45540831]
[17.03100031],[-1.2634338e-13],1301,-25,[14.45540831]
[17.03100031],[-1.2634338e-13],1301,-25,[14.45540831]
[17.03100031],[-1.2634338e-13],1301,-25,[14.45540831]
[17.03100031],[-1.2634338e-13],1301,-25,[14.45540831]
[17.03100031],[-1.2634338e-13],1301,-25,[14.45540831]
[17.03100031],[-1.2634338e-13],1301,-25,[14.45540831]
[17.03100031],[-1.2634338e-13],1301,-25,[14.45540831]
[17.03100031],[-1.2634338e-13],1301,-25,[14.45540831]
[17.03100031],[-1.2634338e-13],1301,-25,[14.45540831]
[17.03100031],[-1.2634338e-13],1301,-25,[14.45540831]
[17.03100031],[-1.2634338e-13],1301,-25,[14.45540831]
[17.03100031],[-1.2634338e-13],1301,-25,[14.45540831]
[17.03100031],[-1.2634338e-13],1301,-25,[14.45540831]
[17.03100031],[-1.2634338e-13],1301,-25,[14.45540831]
[17.03100031],[-1.2634338e-13],1301,-25,[14.45540831]
[17.03100031],[-1.2634338e-13],1301,-25,[14.45540831]
[17.03100031],[-1.2634338e-13],1301,-25,[14.45540831]
[17.03100031],[-1.2634338e-13],1301,-25,[14.45540831]
[17.03100031],[-1.2634338e-13],1301,-25,[14.45540831]
[17.03100031],[-1.2634338e-13],1301,-25,[14.45540831]
[17.03100031],[-1.2634338e-13],1301,-25,[14.45540831]
[17.03100031],[-1.2634338e-13],1301,-25,[14.45540831]
[17.03100031],[-1.2634338e-13],1301,-25,[14.45540831]
[17.03100031],[-1.2634338e-13],1301,-25,[14.45540831]
[17.03100031],[-1.2634338e-13],1301,-25,[14.45540831]
[17.03100031],[-1.2634338e-13],1301,-25,[14.45540831]
[17.03100031],[-1.2634338e-13],1301,-25,[14.45540831]
[17.03100031],[-1.2634338e-13],1301,-25,[14.45540831]
[17.03100031],[-1.2634338e-13],1301,-25,[14.45540831]
[17.03100031],[-1.2634338e-13],1301,-25,[14.45540831]
[17.03100031],[-1.2634338e-13],1301,-25,[14.45540831]
[17.03100031],[-1.2634338e-13],1301,-25,[14.45540831]
[17.03100031],[-1.2634338e-13],1301,-25,[14.45540831]
[17.03100031],[-1.2634338e-13],1301,-25,[14.45540831]
[17.03100031],[-1.2634338e-13],1301,-25,[14.45540831]
[17.03100031],[-1.2634338e-13],1301,-25,[14.45540831]
[17.03100031],[-1.2634338e-13],1301,-25,[14.45540831]
[17.03100031],[-1.2634338e-13],1301,-25,[14.45540831]
[17.03100031],[-1.2634338e-13],1301,-25,[14.45540831]
[17.03100031],[-1.2634338e-13],1301,-25,[14.45540831]
[17.03100031],[-1.2634338e-13],1301,-25,[14.45540831]
[17.03100031],[-1.2634338e-13],1301,-25,[14.45540831]
[17.03100031],[-1.2634338e-13],1301,-25,[14.45540831]
[17.03100031],[-1.2634338e-13],1301,-25,[14.45540831]
[17.03100031],[-1.2634338e-13],1301,-25,[14.45540831]
[17.03100031],[-1.2634338e-13],1301,-25,[14.45540831]
[17.03100031],[-1.2634338e-13],1301,-25,[14.45540831]
[17.03100031],[-1.2634338e-13],1301,-25,[14.45540831]
[17.03100031],[-1.2634338e-13],1301,-25,[14.45540831]
[17.03100031],[-1.2634338e-13],1301,-25,[14.45540831]
[17.03100031],[-1.2634338e-13],1301,-25,[14.45540831]
[17.03100031],[-1.2634338e-13],1301,-25,[14.45540831]
[17.03100031],[-1.2634338e-13],1301,-25,[14.45540831]
[17.03100031],[-1.2634338e-13],1301,-25,[14.45540831]
[17.03100031],[-1.2634338e-13],1301,-25,[14.45540831]
[17.03100031],[-1.2634338e-13],1301,-25,[14.45540831]
[17.03100031],[-1.2634338e-13],1301,-25,[14.45540831]
[17.03100031],[-1.2634338e-13],1301,-25,[14.45540831]
[17.03100031],[-1.2634338e-13],1301,-25,[14.45540831]
[17.03100031],[-1.2634338e-13],1301,-25,[14.45540831]
[17.03100031],[-1.2634338e-13],1301,-25,[14.45540831]
[17.03100031],[-1.2634338e-13],1301,-25,[14.45540831]
[17.03100031],[-1.2634338e-13],1301,-25,[14.45540831]
[17.03100031],[-1.2634338e-13],1301,-25,[14.45540831]
[17.03100031],[-1.2634338e-13],1301,-25,[14.45540831]
[17.03100031],[-1.2634338e-13],1301,-25,[14.45540831]
[17.03100031],[-1.2634338e-13],1301,-25,[14.45540831]
[17.03100031],[-1.2634338e-13],1301,-25,[14.45540831]
[17.03100031],[-1.2634338e-13],1301,-25,[14.45540831]
[17.03100031],[-1.2634338e-13],1301,-25,[14.45540831]
[17.03100031],[-1.2634338e-13],1301,-25,[14.45540831]
[17.03100031],[-1.2634338e-13],1301,-25,[14.45540831]
[17.03100031],[-1.2634338e-13],1301,-25,[14.45540831]
[17.03100031],[-1.2634338e-13],1301,-25,[14.45540831]
[17.03100031],[-1.2634338e-13],1301,-25,[14.45540831]
[17.03100031],[-1.2634338e-13],1301,-25,[14.45540831]
[17.03100031],[-1.2634338e-13],1301,-25,[14.45540831]
[17.03100031],[-1.2634338e-13],1301,-25,[14.45540831]
[17.03100031],[-1.2634338e-13],1301,-25,[14.45540831]
[17.03100031],[-1.2634338e-13],1301,-25,[14.45540831]
[17.03100031],[-1.2634338e-13],1301,-25,[14.45540831]
[17.03100031],[-1.2634338e-13],1301,-25,[14.45540831]
[17.03100031],[-1.2634338e-13],1301,-25,[14.45540831]
[17.03100031],[-1.2634338e-13],1301,-25,[14.45540831]
[17.03100031],[-1.2634338e-13],1301,-25,[14.45540831]
[17.03100031],[-1.2634338e-13],1301,-25,[14.45540831]
[17.03100031],[-1.2634338e-13],1301,-25,[14.45540831]
[17.03100031],[-1.2634338e-13],1301,-25,[14.45540831]
[17.03100031],[-1.2634338e-13],1301,-25,[14.45540831]
[17.03100031],[-1.2634338e-13],1301,-25,[14.45540831]
[17.03100031],[-1.2634338e-13],1301,-25,[14.45540831]
[17.03100031],[-1.2634338e-13],1301,-25,[14.45540831]
[17.03100031],[-1.2634338e-13],1301,-25,[14.45540831]
[17.03100031],[-1.2634338e-13],1301,-25,[14.45540831]
[17.03100031],[-1.2634338e-13],1301,-25,[14.45540831]
[17.03100031],[-1.2634338e-13],1301,-25,[14.45540831]
[17.03100031],[-1.2634338e-13],1301,-25,[14.45540831]
[17.03100031],[-1.2634338e-13],1301,-25,[14.45540831]
[17.03100031],[-1.2634338e-13],1301,-25,[14.45540831]
[17.03100031],[-1.2634338e-13],1301,-25,[14.45540831]
[17.03100031],[-1.2634338e-13],1301,-25,[14.45540831]
[17.03100031],[-1.2634338e-13],1301,-25,[14.45540831]
[17.03100031],[-1.2634338e-13],1301,-25,[14.45540831]
[17.03100031],[-1.2634338e-13],1301,-25,[14.45540831]
[17.03100031],[-1.2634338e-13],1301,-25,[14.45540831]
[17.03100031],[-1.2634338e-13],1301,-25,[14.45540831]
[17.03100031],[-1.2634338e-13],1301,-25,[14.45540831]
[17.03100031],[-1.2634338e-13],1301,-25,[14.45540831]
[17.03100031],[-1.2634338e-13],1301,-25,[14.45540831]
[17.03100031],[-1.2634338e-13],1301,-25,[14.45540831]
[17.03100031],[-1.2634338e-13],1301,-25,[14.45540831]
[17.03100031],[-1.2634338e-13],1301,-25,[14.45540831]
[17.03100031],[-1.2634338e-13],1301,-25,[14.45540831]
[17.03100031],[-1.2634338e-13],1301,-25,[14.45540831]
[17.03100031],[-1.2634338e-13],1301,-25,[14.45540831]
[17.03100031],[-1.2634338e-13],1301,-25,[14.45540831]
[17.03100031],[-1.2634338e-13],1301,-25,[14.45540831]
[17.03100031],[-1.2634338e-13],1301,-25,[14.45540831]
[17.03100031],[-1.2634338e-13],1301,-25,[14.45540831]
[17.03100031],[-1.2634338e-13],1301,-25,[14.45540831]
[17.03100031],[-1.2634338e-13],1301,-25,[14.45540831]
[17.03100031],[-1.2634338e-13],1301,-25,[14.45540831]
[17.03100031],[-1.2634338e-13],1301,-25,[14.45540831]
[17.03100031],[-1.2634338e-13],1301,-25,[14.45540831]
[17.03100031],[-1.2634338e-13],1301,-25,[14.45540831]
[17.03100031],[-1.2634338e-13],1301,-25,[14.45540831]
[17.03100031],[-1.2634338e-13],1301,-25,[14.45540831]
[17.03100031],[-1.2634338e-13],1301,-25,[14.45540831]
[17.03100031],[-1.2634338e-13],1301,-25,[14.45540831]
[17.03100031],[-1.2634338e-13],1301,-25,[14.45540831]
[17.03100031],[-1.2634338e-13],1301,-25,[14.45540831]
[17.03100031],[-1.2634338e-13],1301,-25,[14.45540831]
[17.03100031],[-1.2634338e-13],1301,-25,[14.45540831]
[17.03100031],[-1.2634338e-13],1301,-25,[14.45540831]
[17.03100031],[-1.2634338e-13],1301,-25,[14.45540831]
[17.03100031],[-1.2634338e-13],1301,-25,[14.45540831]
[17.03100031],[-1.2634338e-13],1301,-25,[14.45540831]
[17.03100031],[-1.2634338e-13],1301,-25,[14.45540831]
[17.03100031],[-1.2634338e-13],1301,-25,[14.45540831]
[17.03100031],[-1.2634338e-13],1301,-25,[14.45540831]
[17.03100031],[-1.2634338e-13],1301,-25,[14.45540831]
[17.03100031],[-1.2634338e-13],1301,-25,[14.45540831]
[17.03100031],[-1.2634338e-13],1301,-25,[14.45540831]
[17.03100031],[-1.2634338e-13],1301,-25,[14.45540831]
[17.03100031],[-1.2634338e-13],1301,-25,[14.45540831]
[17.03100031],[-1.2634338e-13],1301,-25,[14.45540831]
[17.03100031],[-1.2634338e-13],1301,-25,[14.45540831]
[17.03100031],[-1.2634338e-13],1301,-25,[14.45540831]
[17.03100031],[-1.2634338e-13],1301,-25,[14.45540831]
[17.03100031],[-1.2634338e-13],1301,-25,[14.45540831]
[17.03100031],[-1.2634338e-13],1301,-25,[14.45540831]
[17.03100031],[-1.2634338e-13],1301,-25,[14.45540831]
[17.03100031],[-1.2634338e-13],1301,-25,[14.45540831]
[17.03100031],[-1.2634338e-13],1301,-25,[14.45540831]
[17.03100031],[-1.2634338e-13],1301,-25,[14.45540831]
[17.03100031],[-1.2634338e-13],1301,-25,[14.45540831]
[17.03100031],[-1.2634338e-13],1301,-25,[14.45540831]
[17.03100031],[-1.2634338e-13],1301,-25,[14.45540831]
[17.03100031],[-1.2634338e-13],1301,-25,[14.45540831]
[17.03100031],[-1.2634338e-13],1301,-25,[14.45540831]
[17.03100031],[-1.2634338e-13],1301,-25,[14.45540831]
[17.03100031],[-1.2634338e-13],1301,-25,[14.45540831]
[17.03100031],[-1.2634338e-13],1301,-25,[14.45540831]
[17.03100031],[-1.2634338e-13],1301,-25,[14.45540831]
[17.03100031],[-1.2634338e-13],1301,-25,[14.45540831]
[17.03100031],[-1.2634338e-13],1301,-25,[14.45540831]
[17.03100031],[-1.2634338e-13],1301,-25,[14.45540831]
[17.03100031],[-1.2634338e-13],1301,-25,[14.45540831]
[17.03100031],[-1.2634338e-13],1301,-25,[14.45540831]
[17.03100031],[-1.2634338e-13],1301,-25,[14.45540831]
[17.03100031],[-1.2634338e-13],1301,-25,[14.45540831]
[17.03100031],[-1.2634338e-13],1301,-25,[14.45540831]
[17.03100031],[-1.2634338e-13],1301,-25,[14.45540831]
[17.03100031],[-1.2634338e-13],1301,-25,[14.45540831]
[17.03100031],[-1.2634338e-13],1301,-25,[14.45540831]
[17.03100031],[-1.2634338e-13],1301,-25,[14.45540831]
[17.03100031],[-1.2634338e-13],1301,-25,[14.45540831]
[17.03100031],[-1.2634338e-13],1301,-25,[14.45540831]
[17.03100031],[-1.2634338e-13],1301,-25,[14.45540831]
[17.03100031],[-1.2634338e-13],1301,-25,[14.45540831]
[17.03100031],[-1.2634338e-13],1301,-25,[14.45540831]
[17.03100031],[-1.2634338e-13],1301,-25,[14.45540831]
[17.03100031],[-1.2634338e-13],1301,-25,[14.45540831]
[17.03100031],[-1.2634338e-13],1301,-25,[14.45540831]
[17.03100031],[-1.2634338e-13],1301,-25,[14.45540831]
[17.03100031],[-1.2634338e-13],1301,-25,[14.45540831]
[17.03100031],[-1.2634338e-13],1301,-25,[14.45540831]
[17.03100031],[-1.2634338e-13],1301,-25,[14.45540831]
[17.03100031],[-1.2634338e-13],1301,-25,[14.45540831]
[17.03100031],[-1.2634338e-13],1301,-25,[14.45540831]
[17.03100031],[-1.2634338e-13],1301,-25,[14.45540831]
[17.03100031],[-1.2634338e-13],1301,-25,[14.45540831]
[17.03100031],[-1.2634338e-13],1301,-25,[14.45540831]
[17.03100031],[-1.2634338e-13],1301,-25,[14.45540831]
[17.03100031],[-1.2634338e-13],1301,-25,[14.45540831]
[17.03100031],[-1.2634338e-13],1301,-25,[14.45540831]
[17.03100031],[-1.2634338e-13],1301,-25,[14.45540831]
[17.03100031],[-1.2634338e-13],1301,-25,[14.45540831]
[17.03100031],[-1.2634338e-13],1301,-25,[14.45540831]
[17.03100031],[-1.2634338e-13],1301,-25,[14.45540831]
[17.03100031],[-1.2634338e-13],1301,-25,[14.45540831]
[17.03100031],[-1.2634338e-13],1301,-25,[14.45540831]
[17.03100031],[-1.2634338e-13],1301,-25,[14.45540831]
[17.03100031],[-1.2634338e-13],1301,-25,[14.45540831]
[17.03100031],[-1.2634338e-13],1301,-25,[14.45540831]
[17.03100031],[-1.2634338e-13],1301,-25,[14.45540831]
[17.03100031],[-1.2634338e-13],1301,-25,[14.45540831]
[17.03100031],[-1.2634338e-13],1301,-25,[14.45540831]
[17.03100031],[-1.2634338e-13],1301,-25,[14.45540831]
[17.03100031],[-1.2634338e-13],1301,-25,[14.45540831]
[17.03100031],[-1.2634338e-13],1301,-25,[14.45540831]
[17.03100031],[-1.2634338e-13],1301,-25,[14.45540831]
[17.03100031],[-1.2634338e-13],1301,-25,[14.45540831]
[17.03100031],[-1.2634338e-13],1301,-25,[14.45540831]
[17.03100031],[-1.2634338e-13],1301,-25,[14.45540831]
[17.03100031],[-1.2634338e-13],1301,-25,[14.45540831]
[17.03100031],[-1.2634338e-13],1301,-25,[14.45540831]
[17.03100031],[-1.2634338e-13],1301,-25,[14.45540831]
[17.03100031],[-1.2634338e-13],1301,-25,[14.45540831]
[17.03100031],[-1.2634338e-13],1301,-25,[14.45540831]
[17.03100031],[-1.2634338e-13],1301,-25,[14.45540831]
[17.03100031],[-1.2634338e-13],1301,-25,[14.45540831]
[17.03100031],[-1.2634338e-13],1301,-25,[14.45540831]
[17.03100031],[-1.2634338e-13],1301,-25,[14.45540831]
[17.03100031],[-1.2634338e-13],1301,-25,[14.45540831]
[17.03100031],[-1.2634338e-13],1301,-25,[14.45540831]
[17.03100031],[-1.2634338e-13],1301,-25,[14.45540831]
[17.03100031],[-1.2634338e-13],1301,-25,[14.45540831]
[17.03100031],[-1.2634338e-13],1301,-25,[14.45540831]
[17.03100031],[-1.2634338e-13],1301,-25,[14.45540831]
[17.03100031],[-1.2634338e-13],1301,-25,[14.45540831]
[17.03100031],[-1.2634338e-13],1301,-25,[14.45540831]
[17.03100031],[-1.2634338e-13],1301,-25,[14.45540831]
[17.03100031],[-1.2634338e-13],1301,-25,[14.45540831]
[17.03100031],[-1.2634338e-13],1301,-25,[14.45540831]
[17.03100031],[-1.2634338e-13],1301,-25,[14.45540831]
[17.03100031],[-1.2634338e-13],1301,-25,[14.45540831]
[17.03100031],[-1.2634338e-13],1301,-25,[14.45540831]
[17.03100031],[-1.2634338e-13],1301,-25,[14.45540831]
[17.03100031],[-1.2634338e-13],1301,-25,[14.45540831]
[17.03100031],[-1.2634338e-13],1301,-25,[14.45540831]
[17.03100031],[-1.2634338e-13],1301,-25,[14.45540831]
[17.03100031],[-1.2634338e-13],1301,-25,[14.45540831]
[17.03100031],[-1.2634338e-13],1301,-25,[14.45540831]
[17.03100031],[-1.2634338e-13],1301,-25,[14.45540831]
[17.03100031],[-1.2634338e-13],1301,-25,[14.45540831]
[17.03100031],[-1.2634338e-13],1301,-25,[14.45540831]
[17.03100031],[-1.2634338e-13],1301,-25,[14.45540831]
[17.03100031],[-1.2634338e-13],1301,-25,[14.45540831]
[17.03100031],[-1.2634338e-13],1301,-25,[14.45540831]
[17.03100031],[-1.2634338e-13],1301,-25,[14.45540831]
[17.03100031],[-1.2634338e-13],1301,-25,[14.45540831]
[17.03100031],[-1.2634338e-13],1301,-25,[14.45540831]
[17.03100031],[-1.2634338e-13],1301,-25,[14.45540831]
[17.03100031],[-1.2634338e-13],1301,-25,[14.45540831]
[17.03100031],[-1.2634338e-13],1301,-25,[14.45540831]
[17.03100031],[-1.2634338e-13],1301,-25,[14.45540831]
[17.03100031],[-1.2634338e-13],1301,-25,[14.45540831]
[17.03100031],[-1.2634338e-13],1301,-25,[14.45540831]
[17.03100031],[-1.2634338e-13],1301,-25,[14.45540831]
[17.03100031],[-1.2634338e-13],1301,-25,[14.45540831]
[17.03100031],[-1.2634338e-13],1301,-25,[14.45540831]
[17.03100031],[-1.2634338e-13],1301,-25,[14.45540831]
[17.03100031],[-1.2634338e-13],1301,-25,[14.45540831]
[17.03100031],[-1.2634338e-13],1301,-25,[14.45540831]
[17.03100031],[-1.2634338e-13],1301,-25,[14.45540831]
[17.03100031],[-1.2634338e-13],1301,-25,[14.45540831]
[17.03100031],[-1.2634338e-13],1301,-25,[14.45540831]
[17.03100031],[-1.2634338e-13],1301,-25,[14.45540831]
[17.03100031],[-1.2634338e-13],1301,-25,[14.45540831]
[17.03100031],[-1.2634338e-13],1301,-25,[14.45540831]
[17.03100031],[-1.2634338e-13],1301,-25,[14.45540831]
[17.03100031],[-1.2634338e-13],1301,-25,[14.45540831]
[17.03100031],[-1.2634338e-13],1301,-25,[14.45540831]
[17.03100031],[-1.2634338e-13],1301,-25,[14.45540831]
[17.03100031],[-1.2634338e-13],1301,-25,[14.45540831]
[17.03100031],[-1.2634338e-13],1301,-25,[14.45540831]
[17.03100031],[-1.2634338e-13],1301,-25,[14.45540831]
[17.03100031],[-1.2634338e-13],1301,-25,[14.45540831]
[17.03100031],[-1.2634338e-13],1301,-25,[14.45540831]
[17.03100031],[-1.2634338e-13],1301,-25,[14.45540831]
[17.03100031],[-1.2634338e-13],1301,-25,[14.45540831]
[17.03100031],[-1.2634338e-13],1301,-25,[14.45540831]
[17.03100031],[-1.2634338e-13],1301,-25,[14.45540831]
[17.03100031],[-1.2634338e-13],1301,-25,[14.45540831]
[17.03100031],[-1.2634338e-13],1301,-25,[14.45540831]
[17.03100031],[-1.2634338e-13],1301,-25,[14.45540831]
[17.03100031],[-1.2634338e-13],1301,-25,[14.45540831]
[17.03100031],[-1.2634338e-13],1301,-25,[14.45540831]
[17.03100031],[-1.2634338e-13],1301,-25,[14.45540831]
[17.03100031],[-1.2634338e-13],1301,-25,[14.45540831]
[17.03100031],[-1.2634338e-13],1301,-25,[14.45540831]
[17.03100031],[-1.2634338e-13],1301,-25,[14.45540831]
[17.03100031],[-1.2634338e-13],1301,-25,[14.45540831]
[17.03100031],[-1.2634338e-13],1301,-25,[14.45540831]
[17.03100031],[-1.2634338e-13],1301,-25,[14.45540831]
[17.03100031],[-1.2634338e-13],1301,-25,[14.45540831]
[17.03100031],[-1.2634338e-13],1301,-25,[14.45540831]
[17.03100031],[-1.2634338e-13],1301,-25,[14.45540831]
[17.03100031],[-1.2634338e-13],1301,-25,[14.45540831]
[17.03100031],[-1.2634338e-13],1301,-25,[14.45540831]
[17.03100031],[-1.2634338e-13],1301,-25,[14.45540831]
[17.03100031],[-1.2634338e-13],1301,-25,[14.45540831]
[17.03100031],[-1.2634338e-13],1301,-25,[14.45540831]
[17.03100031],[-1.2634338e-13],1301,-25,[14.45540831]
[17.03100031],[-1.2634338e-13],1301,-25,[14.45540831]
[17.03100031],[-1.2634338e-13],1301,-25,[14.45540831]
[17.03100031],[-1.2634338e-13],1301,-25,[14.45540831]
[17.03100031],[-1.2634338e-13],1301,-25,[14.45540831]
[17.03100031],[-1.2634338e-13],1301,-25,[14.45540831]
[17.03100031],[-1.2634338e-13],1301,-25,[14.45540831]
[17.03100031],[-1.2634338e-13],1301,-25,[14.45540831]
[17.03100031],[-1.2634338e-13],1301,-25,[14.45540831]
[17.03100031],[-1.2634338e-13],1301,-25,[14.45540831]
[17.03100031],[-1.2634338e-13],1301,-25,[14.45540831]
[17.03100031],[-1.2634338e-13],1301,-25,[14.45540831]
[17.03100031],[-1.2634338e-13],1301,-25,[14.45540831]
[17.03100031],[-1.2634338e-13],1301,-25,[14.45540831]
[17.03100031],[-1.2634338e-13],1301,-25,[14.45540831]
[17.03100031],[-1.2634338e-13],1301,-25,[14.45540831]
[17.03100031],[-1.2634338e-13],1301,-25,[14.45540831]
[17.03100031],[-1.2634338e-13],1301,-25,[14.45540831]
[17.03100031],[-1.2634338e-13],1301,-25,[14.45540831]
[17.03100031],[-1.2634338e-13],1301,-25,[14.45540831]
[17.03100031],[-1.2634338e-13],1301,-25,[14.45540831]
[17.03100031],[-1.2634338e-13],1301,-25,[14.45540831]
[17.03100031],[-1.2634338e-13],1301,-25,[14.45540831]
[17.03100031],[-1.2634338e-13],1301,-25,[14.45540831]
[17.03100031],[-1.2634338e-13],1301,-25,[14.45540831]
[17.03100031],[-1.2634338e-13],1301,-25,[14.45540831]
[17.03100031],[-1.2634338e-13],1301,-25,[14.45540831]
[17.03100031],[-1.2634338e-13],1301,-25,[14.45540831]
[17.03100031],[-1.2634338e-13],1301,-25,[14.45540831]
[17.03100031],[-1.2634338e-13],1301,-25,[14.45540831]
[17.03100031],[-1.2634338e-13],1301,-25,[14.45540831]
[17.03100031],[-1.2634338e-13],1301,-25,[14.45540831]
[17.03100031],[-1.2634338e-13],1301,-25,[14.45540831]
[17.03100031],[-1.2634338e-13],1301,-25,[14.45540831]
[17.03100031],[-1.2634338e-13],1301,-25,[14.45540831]
[17.03100031],[-1.2634338e-13],1301,-25,[14.45540831]
[17.03100031],[-1.2634338e-13],1301,-25,[14.45540831]
[17.03100031],[-1.2634338e-13],1301,-25,[14.45540831]
[17.03100031],[-1.2634338e-13],1301,-25,[14.45540831]
[17.03100031],[-1.2634338e-13],1301,-25,[14.45540831]
[17.03100031],[-1.2634338e-13],1301,-25,[14.45540831]
[17.03100031],[-1.2634338e-13],1301,-25,[14.45540831]
[17.03100031],[-1.2634338e-13],1301,-25,[14.45540831]
[17.03100031],[-1.2634338e-13],1301,-25,[14.45540831]
[17.03100031],[-1.2634338e-13],1301,-25,[14.45540831]
[17.03100031],[-1.2634338e-13],1301,-25,[14.45540831]
[17.03100031],[-1.2634338e-13],1301,-25,[14.45540831]
[17.03100031],[-1.2634338e-13],1301,-25,[14.45540831]
[17.03100031],[-1.2634338e-13],1301,-25,[14.45540831]
[17.03100031],[-1.2634338e-13],1301,-25,[14.45540831]
[17.03100031],[-1.2634338e-13],1301,-25,[14.45540831]
[17.03100031],[-1.2634338e-13],1301,-25,[14.45540831]
[17.03100031],[-1.2634338e-13],1301,-25,[14.45540831]
[17.03100031],[-1.2634338e-13],1301,-25,[14.45540831]
[17.03100031],[-1.2634338e-13],1301,-25,[14.45540831]
[17.03100031],[-1.2634338e-13],1301,-25,[14.45540831]
[17.03100031],[-1.2634338e-13],1301,-25,[14.45540831]
[17.03100031],[-1.2634338e-13],1301,-25,[14.45540831]
[17.03100031],[-1.2634338e-13],1301,-25,[14.45540831]
[17.03100031],[-1.2634338e-13],1301,-25,[14.45540831]
[17.03100031],[-1.2634338e-13],1301,-25,[14.45540831]
[17.03100031],[-1.2634338e-13],1301,-25,[14.45540831]
[17.03100031],[-1.2634338e-13],1301,-25,[14.45540831]
[17.03100031],[-1.2634338e-13],1301,-25,[14.45540831]
[17.03100031],[-1.2634338e-13],1301,-25,[14.45540831]
[17.03100031],[-1.2634338e-13],1301,-25,[14.45540831]
[17.03100031],[-1.2634338e-13],1301,-25,[14.45540831]
[17.03100031],[-1.2634338e-13],1301,-25,[14.45540831]
[17.03100031],[-1.2634338e-13],1301,-25,[14.45540831]
[17.03100031],[-1.2634338e-13],1301,-25,[14.45540831]
[17.03100031],[-1.2634338e-13],1301,-25,[14.45540831]
[17.03100031],[-1.2634338e-13],1301,-25,[14.45540831]
[17.03100031],[-1.2634338e-13],1301,-25,[14.45540831]
[17.03100031],[-1.2634338e-13],1301,-25,[14.45540831]
[17.03100031],[-1.2634338e-13],1301,-25,[14.45540831]
[17.03100031],[-1.2634338e-13],1301,-25,[14.45540831]
[17.03100031],[-1.2634338e-13],1301,-25,[14.45540831]
[17.03100031],[-1.2634338e-13],1301,-25,[14.45540831]
[17.03100031],[-1.2634338e-13],1301,-25,[14.45540831]
[17.03100031],[-1.2634338e-13],1301,-25,[14.45540831]
[17.03100031],[-1.2634338e-13],1301,-25,[14.45540831]
[17.03100031],[-1.2634338e-13],1301,-25,[14.45540831]
[17.03100031],[-1.2634338e-13],1301,-25,[14.45540831]
[17.03100031],[-1.2634338e-13],1301,-25,[14.45540831]
[17.03100031],[-1.2634338e-13],1301,-25,[14.45540831]
[17.03100031],[-1.2634338e-13],1301,-25,[14.45540831]
[17.03100031],[-1.2634338e-13],1301,-25,[14.45540831]
[17.03100031],[-1.2634338e-13],1301,-25,[14.45540831]
[17.03100031],[-1.2634338e-13],1301,-25,[14.45540831]
[17.03100031],[-1.2634338e-13],1301,-25,[14.45540831]
[17.03100031],[-1.2634338e-13],1301,-25,[14.45540831]
[17.03100031],[-1.2634338e-13],1301,-25,[14.45540831]
[17.03100031],[-1.2634338e-13],1301,-25,[14.45540831]
[17.03100031],[-1.2634338e-13],1301,-25,[14.45540831]
[17.03100031],[-1.2634338e-13],1301,-25,[14.45540831]
[17.03100031],[-1.2634338e-13],1301,-25,[14.45540831]
[17.03100031],[-1.2634338e-13],1301,-25,[14.45540831]
[17.03100031],[-1.2634338e-13],1301,-25,[14.45540831]
[17.03100031],[-1.2634338e-13],1301,-25,[14.45540831]
[17.03100031],[-1.2634338e-13],1301,-25,[14.45540831]
[17.03100031],[-1.2634338e-13],1301,-25,[14.45540831]
[17.03100031],[-1.2634338e-13],1301,-25,[14.45540831]
[17.03100031],[-1.2634338e-13],1301,-25,[14.45540831]
[17.03100031],[-1.2634338e-13],1301,-25,[14.45540831]
[17.03100031],[-1.2634338e-13],1301,-25,[14.45540831]
[17.03100031],[-1.2634338e-13],1301,-25,[14.45540831]
[17.03100031],[-1.2634338e-13],1301,-25,[14.45540831]
[17.03100031],[-1.2634338e-13],1301,-25,[14.45540831]
[17.03100031],[-1.2634338e-13],1301,-25,[14.45540831]
[17.03100031],[-1.2634338e-13],1301,-25,[14.45540831]
[17.03100031],[-1.2634338e-13],1301,-25,[14.45540831]
[17.03100031],[-1.2634338e-13],1301,-25,[14.45540831]
[17.03100031],[-1.2634338e-13],1301,-25,[14.45540831]
[17.03100031],[-1.2634338e-13],1301,-25,[14.45540831]
[17.03100031],[-1.2634338e-13],1301,-25,[14.45540831]
[17.03100031],[-1.2634338e-13],1301,-25,[14.45540831]
[17.03100031],[-1.2634338e-13],1301,-25,[14.45540831]
[17.03100031],[-1.2634338e-13],1301,-25,[14.45540831]
[17.03100031],[-1.2634338e-13],1301,-25,[14.45540831]
[17.03100031],[-1.2634338e-13],1301,-25,[14.45540831]
[17.03100031],[-1.2634338e-13],1301,-25,[14.45540831]
[17.03100031],[-1.2634338e-13],1301,-25,[14.45540831]
[17.03100031],[-1.2634338e-13],1301,-25,[14.45540831]
[17.03100031],[-1.2634338e-13],1301,-25,[14.45540831]
[17.03100031],[-1.2634338e-13],1301,-25,[14.45540831]
[17.03100031],[-1.2634338e-13],1301,-25,[14.45540831]
[17.03100031],[-1.2634338e-13],1301,-25,[14.45540831]
[17.03100031],[-1.2634338e-13],1301,-25,[14.45540831]
[17.03100031],[-1.2634338e-13],1301,-25,[14.45540831]
[17.03100031],[-1.2634338e-13],1301,-25,[14.45540831]
[17.03100031],[-1.2634338e-13],1301,-25,[14.45540831]
[17.03100031],[-1.2634338e-13],1301,-25,[14.45540831]
[17.03100031],[-1.2634338e-13],1301,-25,[14.45540831]
[17.03100031],[-1.2634338e-13],1301,-25,[14.45540831]
[17.03100031],[-1.2634338e-13],1301,-25,[14.45540831]
[17.03100031],[-1.2634338e-13],1301,-25,[14.45540831]
[17.03100031],[-1.2634338e-13],1301,-25,[14.45540831]
[17.03100031],[-1.2634338e-13],1301,-25,[14.45540831]
[17.03100031],[-1.2634338e-13],1301,-25,[14.45540831]
[17.03100031],[-1.2634338e-13],1301,-25,[14.45540831]
[17.03100031],[-1.2634338e-13],1301,-25,[14.45540831]
[17.03100031],[-1.2634338e-13],1301,-25,[14.45540831]
[17.03100031],[-1.2634338e-13],1301,-25,[14.45540831]
[17.03100031],[-1.2634338e-13],1301,-25,[14.45540831]
[17.03100031],[-1.2634338e-13],1301,-25,[14.45540831]
[17.03100031],[-1.2634338e-13],1301,-25,[14.45540831]
[17.03100031],[-1.2634338e-13],1301,-25,[14.45540831]
[17.03100031],[-1.2634338e-13],1301,-25,[14.45540831]
[17.03100031],[-1.2634338e-13],1301,-25,[14.45540831]
[17.03100031],[-1.2634338e-13],1301,-25,[14.45540831]
[17.03100031],[-1.2634338e-13],1301,-25,[14.45540831]
[17.03100031],[-1.2634338e-13],1301,-25,[14.45540831]
[17.03100031],[-1.2634338e-13],1301,-25,[14.45540831]
[17.03100031],[-1.2634338e-13],1301,-25,[14.45540831]
[17.03100031],[-1.2634338e-13],1301,-25,[14.45540831]
[17.03100031],[-1.2634338e-13],1301,-25,[14.45540831]
[17.03100031],[-1.2634338e-13],1301,-25,[14.45540831]
[17.03100031],[-1.2634338e-13],1301,-25,[14.45540831]
[17.03100031],[-1.2634338e-13],1301,-25,[14.45540831]
[17.03100031],[-1.2634338e-13],1301,-25,[14.45540831]
[17.03100031],[-1.2634338e-13],1301,-25,[14.45540831]
[17.03100031],[-1.2634338e-13],1301,-25,[14.45540831]
[17.03100031],[-1.2634338e-13],1301,-25,[14.45540831]
[17.03100031],[-1.2634338e-13],1301,-25,[14.45540831]
[17.03100031],[-1.2634338e-13],1301,-25,[14.45540831]
[17.03100031],[-1.2634338e-13],1301,-25,[14.45540831]
[17.03100031],[-1.2634338e-13],1301,-25,[14.45540831]
[17.03100031],[-1.2634338e-13],1301,-25,[14.45540831]
[17.03100031],[-1.2634338e-13],1301,-25,[14.45540831]
[17.03100031],[-1.2634338e-13],1301,-25,[14.45540831]
[17.03100031],[-1.2634338e-13],1301,-25,[14.45540831]
[17.03100031],[-1.2634338e-13],1301,-25,[14.45540831]
[17.03100031],[-1.2634338e-13],1301,-25,[14.45540831]
[17.03100031],[-1.2634338e-13],1301,-25,[14.45540831]
[17.03100031],[-1.2634338e-13],1301,-25,[14.45540831]
[17.03100031],[-1.2634338e-13],1301,-25,[14.45540831]
[17.03100031],[-1.2634338e-13],1301,-25,[14.45540831]
[17.03100031],[-1.2634338e-13],1301,-25,[14.45540831]
[17.03100031],[-1.2634338e-13],1301,-25,[14.45540831]
[17.03100031],[-1.2634338e-13],1301,-25,[14.45540831]
[17.03100031],[-1.2634338e-13],1301,-25,[14.45540831]
[17.03100031],[-1.2634338e-13],1301,-25,[14.45540831]
[17.03100031],[-1.2634338e-13],1301,-25,[14.45540831]
[17.03100031],[-1.2634338e-13],1301,-25,[14.45540831]
[17.03100031],[-1.2634338e-13],1301,-25,[14.45540831]
[17.03100031],[-1.2634338e-13],1301,-25,[14.45540831]
[17.03100031],[-1.2634338e-13],1301,-25,[14.45540831]
[17.03100031],[-1.2634338e-13],1301,-25,[14.45540831]
[17.03100031],[-1.2634338e-13],1301,-25,[14.45540831]
[17.03100031],[-1.2634338e-13],1301,-25,[14.45540831]
[17.03100031],[-1.2634338e-13],1301,-25,[14.45540831]
[17.03100031],[-1.2634338e-13],1301,-25,[14.45540831]
[17.03100031],[-1.2634338e-13],1301,-25,[14.45540831]
[17.03100031],[-1.2634338e-13],1301,-25,[14.45540831]
[17.03100031],[-1.2634338e-13],1301,-25,[14.45540831]
[17.03100031],[-1.2634338e-13],1301,-25,[14.45540831]
[17.03100031],[-1.2634338e-13],1301,-25,[14.45540831]
[17.03100031],[-1.2634338e-13],1301,-25,[14.45540831]
[17.03100031],[-1.2634338e-13],1301,-25,[14.45540831]
[17.03100031],[-1.2634338e-13],1301,-25,[14.45540831]
[17.03100031],[-1.2634338e-13],1301,-25,[14.45540831]
[17.03100031],[-1.2634338e-13],1301,-25,[14.45540831]
[17.03100031],[-1.2634338e-13],1301,-25,[14.45540831]
[17.03100031],[-1.2634338e-13],1301,-25,[14.45540831]
[17.03100031],[-1.2634338e-13],1301,-25,[14.45540831]
[17.03100031],[-1.2634338e-13],1301,-25,[14.45540831]
[17.03100031],[-1.2634338e-13],1301,-25,[14.45540831]
[17.03100031],[-1.2634338e-13],1301,-25,[14.45540831]
[17.03100031],[-1.2634338e-13],1301,-25,[14.45540831]
[17.03100031],[-1.2634338e-13],1301,-25,[14.45540831]
[17.03100031],[-1.2634338e-13],1301,-25,[14.45540831]
[17.03100031],[-1.2634338e-13],1301,-25,[14.45540831]
[17.03100031],[-1.2634338e-13],1301,-25,[14.45540831]
[17.03100031],[-1.2634338e-13],1301,-25,[14.45540831]
[17.03100031],[-1.2634338e-13],1301,-25,[14.45540831]
[17.03100031],[-1.2634338e-13],1301,-25,[14.45540831]
[17.03100031],[-1.2634338e-13],1301,-25,[14.45540831]
[17.03100031],[-1.2634338e-13],1301,-25,[14.45540831]
[17.03100031],[-1.2634338e-13],1301,-25,[14.45540831]
[17.03100031],[-1.2634338e-13],1301,-25,[14.45540831]
[17.03100031],[-1.2634338e-13],1301,-25,[14.45540831]
[17.03100031],[-1.2634338e-13],1301,-25,[14.45540831]
[17.03100031],[-1.2634338e-13],1301,-25,[14.45540831]
[17.03100031],[-1.2634338e-13],1301,-25,[14.45540831]
[17.03100031],[-1.2634338e-13],1301,-25,[14.45540831]
[17.03100031],[-1.2634338e-13],1301,-25,[14.45540831]
[17.03100031],[-1.2634338e-13],1301,-25,[14.45540831]
[17.03100031],[-1.2634338e-13],1301,-25,[14.45540831]
[17.03100031],[-1.2634338e-13],1301,-25,[14.45540831]
[17.03100031],[-1.2634338e-13],1301,-25,[14.45540831]
[17.03100031],[-1.2634338e-13],1301,-25,[14.45540831]
[17.03100031],[-1.2634338e-13],1301,-25,[14.45540831]
[17.03100031],[-1.2634338e-13],1301,-25,[14.45540831]
[17.03100031],[-1.2634338e-13],1301,-25,[14.45540831]
[17.03100031],[-1.2634338e-13],1301,-25,[14.45540831]
[17.03100031],[-1.2634338e-13],1301,-25,[14.45540831]
[17.03100031],[-1.2634338e-13],1301,-25,[14.45540831]
[17.03100031],[-1.2634338e-13],1301,-25,[14.45540831]
[17.03100031],[-1.2634338e-13],1301,-25,[14.45540831]
[17.03100031],[-1.2634338e-13],1301,-25,[14.45540831]
[17.03100031],[-1.2634338e-13],1301,-25,[14.45540831]
[17.03100031],[-1.2634338e-13],1301,-25,[14.45540831]
[17.03100031],[-1.2634338e-13],1301,-25,[14.45540831]
[17.03100031],[-1.2634338e-13],1301,-25,[14.45540831]
[17.03100031],[-1.2634338e-13],1301,-25,[14.45540831]
[17.03100031],[-1.2634338e-13],1301,-25,[14.45540831]
[17.03100031],[-1.2634338e-13],1301,-25,[14.45540831]
[17.03100031],[-1.2634338e-13],1301,-25,[14.45540831]
[17.03100031],[-1.2634338e-13],1301,-25,[14.45540831]
[17.03100031],[-1.2634338e-13],1301,-25,[14.45540831]
[17.03100031],[-1.2634338e-13],1301,-25,[14.45540831]
[17.03100031],[-1.2634338e-13],1301,-25,[14.45540831]
[17.03100031],[-1.2634338e-13],1301,-25,[14.45540831]
[17.03100031],[-1.2634338e-13],1301,-25,[14.45540831]
[17.03100031],[-1.2634338e-13],1301,-25,[14.45540831]
[17.03100031],[-1.2634338e-13],1301,-25,[14.45540831]
[17.03100031],[-1.2634338e-13],1301,-25,[14.45540831]
[17.03100031],[-1.2634338e-13],1301,-25,[14.45540831]
[17.03100031],[-1.2634338e-13],1301,-25,[14.45540831]
[17.03100031],[-1.2634338e-13],1301,-25,[14.45540831]
[17.03100031],[-1.2634338e-13],1301,-25,[14.45540831]
[17.03100031],[-1.2634338e-13],1301,-25,[14.45540831]
[17.03100031],[-1.2634338e-13],1301,-25,[14.45540831]
[17.03100031],[-1.2634338e-13],1301,-25,[14.45540831]
[17.03100031],[-1.2634338e-13],1301,-25,[14.45540831]
[17.03100031],[-1.2634338e-13],1301,-25,[14.45540831]
[17.03100031],[-1.2634338e-13],1301,-25,[14.45540831]
[17.03100031],[-1.2634338e-13],1301,-25,[14.45540831]
[17.03100031],[-1.2634338e-13],1301,-25,[14.45540831]
[17.03100031],[-1.2634338e-13],1301,-25,[14.45540831]
[17.03100031],[-1.2634338e-13],1301,-25,[14.45540831]
[17.03100031],[-1.2634338e-13],1301,-25,[14.45540831]
[17.03100031],[-1.2634338e-13],1301,-25,[14.45540831]
[17.03100031],[-1.2634338e-13],1301,-25,[14.45540831]
[17.03100031],[-1.2634338e-13],1301,-25,[14.45540831]
[17.03100031],[-1.2634338e-13],1301,-25,[14.45540831]
[17.03100031],[-1.2634338e-13],1301,-25,[14.45540831]
[17.03100031],[-1.2634338e-13],1301,-25,[14.45540831]
[17.03100031],[-1.2634338e-13],1301,-25,[14.45540831]
[17.03100031],[-1.2634338e-13],1301,-25,[14.45540831]
[17.03100031],[-1.2634338e-13],1301,-25,[14.45540831]
[17.03100031],[-1.2634338e-13],1301,-25,[14.45540831]
[17.03100031],[-1.2634338e-13],1301,-25,[14.45540831]
[17.03100031],[-1.2634338e-13],1301,-25,[14.45540831]
[17.03100031],[-1.2634338e-13],1301,-25,[14.45540831]
[17.03100031],[-1.2634338e-13],1301,-25,[14.45540831]
[17.03100031],[-1.2634338e-13],1301,-25,[14.45540831]
[17.03100031],[-1.2634338e-13],1301,-25,[14.45540831]
[17.03100031],[-1.2634338e-13],1301,-25,[14.45540831]
[17.03100031],[-1.2634338e-13],1301,-25,[14.45540831]
[17.03100031],[-1.2634338e-13],1301,-25,[14.45540831]
[17.03100031],[-1.2634338e-13],1301,-25,[14.45540831]
[17.03100031],[-1.2634338e-13],1301,-25,[14.45540831]
[17.03100031],[-1.2634338e-13],1301,-25,[14.45540831]
[17.03100031],[-1.2634338e-13],1301,-25,[14.45540831]
[17.03100031],[-1.2634338e-13],1301,-25,[14.45540831]
[17.03100031],[-1.2634338e-13],1301,-25,[14.45540831]
[17.03100031],[-1.2634338e-13],1301,-25,[14.45540831]
[17.03100031],[-1.2634338e-13],1301,-25,[14.45540831]
[17.03100031],[-1.2634338e-13],1301,-25,[14.45540831]
[17.03100031],[-1.2634338e-13],1301,-25,[14.45540831]
[17.03100031],[-1.2634338e-13],1301,-25,[14.45540831]
[17.03100031],[-1.2634338e-13],1301,-25,[14.45540831]
[17.03100031],[-1.2634338e-13],1301,-25,[14.45540831]
[17.03100031],[-1.2634338e-13],1301,-25,[14.45540831]
[17.03100031],[-1.2634338e-13],1301,-25,[14.45540831]
[17.03100031],[-1.2634338e-13],1301,-25,[14.45540831]
[17.03100031],[-1.2634338e-13],1301,-25,[14.45540831]
[17.03100031],[-1.2634338e-13],1301,-25,[14.45540831]
[17.03100031],[-1.2634338e-13],1301,-25,[14.45540831]
[17.03100031],[-1.2634338e-13],1301,-25,[14.45540831]
[17.03100031],[-1.2634338e-13],1301,-25,[14.45540831]
[17.03100031],[-1.2634338e-13],1301,-25,[14.45540831]
[17.03100031],[-1.2634338e-13],1301,-25,[14.45540831]
[17.03100031],[-1.2634338e-13],1301,-25,[14.45540831]
[17.03100031],[-1.2634338e-13],1301,-25,[14.45540831]
[17.03100031],[-1.2634338e-13],1301,-25,[14.45540831]
[17.03100031],[-1.2634338e-13],1301,-25,[14.45540831]
[17.03100031],[-1.2634338e-13],1301,-25,[14.45540831]
[17.03100031],[-1.2634338e-13],1301,-25,[14.45540831]
[17.03100031],[-1.2634338e-13],1301,-25,[14.45540831]
[17.03100031],[-1.2634338e-13],1301,-25,[14.45540831]
[17.03100031],[-1.2634338e-13],1301,-25,[14.45540831]
[17.03100031],[-1.2634338e-13],1301,-25,[14.45540831]
[17.03100031],[-1.2634338e-13],1301,-25,[14.45540831]
[17.03100031],[-1.2634338e-13],1301,-25,[14.45540831]
[17.03100031],[-1.2634338e-13],1301,-25,[14.45540831]
[17.03100031],[-1.2634338e-13],1301,-25,[14.45540831]
[17.03100031],[-1.2634338e-13],1301,-25,[14.45540831]
[17.03100031],[-1.2634338e-13],1301,-25,[14.45540831]
[17.03100031],[-1.2634338e-13],1301,-25,[14.45540831]
[17.03100031],[-1.2634338e-13],1301,-25,[14.45540831]
[17.03100031],[-1.2634338e-13],1301,-25,[14.45540831]
[17.03100031],[-1.2634338e-13],1301,-25,[14.45540831]
[17.03100031],[-1.2634338e-13],1301,-25,[14.45540831]
[17.03100031],[-1.2634338e-13],1301,-25,[14.45540831]
[17.03100031],[-1.2634338e-13],1301,-25,[14.45540831]
[17.03100031],[-1.2634338e-13],1301,-25,[14.45540831]
[17.03100031],[-1.2634338e-13],1301,-25,[14.45540831]
[17.03100031],[-1.2634338e-13],1301,-25,[14.45540831]
[17.03100031],[-1.2634338e-13],1301,-25,[14.45540831]
[17.03100031],[-1.2634338e-13],1301,-25,[14.45540831]
[17.03100031],[-1.2634338e-13],1301,-25,[14.45540831]
[17.03100031],[-1.2634338e-13],1301,-25,[14.45540831]
[17.03100031],[-1.2634338e-13],1301,-25,[14.45540831]
[17.03100031],[-1.2634338e-13],1301,-25,[14.45540831]
[17.03100031],[-1.2634338e-13],1301,-25,[14.45540831]
[17.03100031],[-1.2634338e-13],1301,-25,[14.45540831]
[17.03100031],[-1.2634338e-13],1301,-25,[14.45540831]
[17.03100031],[-1.2634338e-13],1301,-25,[14.45540831]
[17.03100031],[-1.2634338e-13],1301,-25,[14.45540831]
[17.03100031],[-1.2634338e-13],1301,-25,[14.45540831]
[17.03100031],[-1.2634338e-13],1301,-25,[14.45540831]
[17.03100031],[-1.2634338e-13],1301,-25,[14.45540831]
[17.03100031],[-1.2634338e-13],1301,-25,[14.45540831]
[17.03100031],[-1.2634338e-13],1301,-25,[14.45540831]
[17.03100031],[-1.2634338e-13],1301,-25,[14.45540831]
[17.03100031],[-1.2634338e-13],1301,-25,[14.45540831]
[17.03100031],[-1.2634338e-13],1301,-25,[14.45540831]
[17.03100031],[-1.2634338e-13],1301,-25,[14.45540831]
[17.03100031],[-1.2634338e-13],1301,-25,[14.45540831]
[17.03100031],[-1.2634338e-13],1301,-25,[14.45540831]
[17.03100031],[-1.2634338e-13],1301,-25,[14.45540831]
[17.03100031],[-1.2634338e-13],1301,-25,[14.45540831]
[17.03100031],[-1.2634338e-13],1301,-25,[14.45540831]
[17.03100031],[-1.2634338e-13],1301,-25,[14.45540831]
[17.03100031],[-1.2634338e-13],1301,-25,[14.45540831]
[17.03100031],[-1.2634338e-13],1301,-25,[14.45540831]
[17.03100031],[-1.2634338e-13],1301,-25,[14.45540831]
[17.03100031],[-1.2634338e-13],1301,-25,[14.45540831]
[17.03100031],[-1.2634338e-13],1301,-25,[14.45540831]
[17.03100031],[-1.2634338e-13],1301,-25,[14.45540831]
[17.03100031],[-1.2634338e-13],1301,-25,[14.45540831]
[17.03100031],[-1.2634338e-13],1301,-25,[14.45540831]
[17.03100031],[-1.2634338e-13],1301,-25,[14.45540831]
[17.03100031],[-1.2634338e-13],1301,-25,[14.45540831]
[17.03100031],[-1.2634338e-13],1301,-25,[14.45540831]
[17.03100031],[-1.2634338e-13],1301,-25,[14.45540831]
[17.03100031],[-1.2634338e-13],1301,-25,[14.45540831]
[17.03100031],[-1.2634338e-13],1301,-25,[14.45540831]
[17.03100031],[-1.2634338e-13],1301,-25,[14.45540831]
[17.03100031],[-1.2634338e-13],1301,-25,[14.45540831]
[17.03100031],[-1.2634338e-13],1301,-25,[14.45540831]
[17.03100031],[-1.2634338e-13],1301,-25,[14.45540831]
[17.03100031],[-1.2634338e-13],1301,-25,[14.45540831]
[17.03100031],[-1.2634338e-13],1301,-25,[14.45540831]
[17.03100031],[-1.2634338e-13],1301,-25,[14.45540831]
[17.03100031],[-1.2634338e-13],1301,-25,[14.45540831]
[17.03100031],[-1.2634338e-13],1301,-25,[14.45540831]
[17.03100031],[-1.2634338e-13],1301,-25,[14.45540831]
[17.03100031],[-1.2634338e-13],1301,-25,[14.45540831]
[17.03100031],[-1.2634338e-13],1301,-25,[14.45540831]
[17.03100031],[-1.2634338e-13],1301,-25,[14.45540831]
[17.03100031],[-1.2634338e-13],1301,-25,[14.45540831]
[17.03100031],[-1.2634338e-13],1301,-25,[14.45540831]
[17.03100031],[-1.2634338e-13],1301,-25,[14.45540831]
[17.03100031],[-1.2634338e-13],1301,-25,[14.45540831]
[17.03100031],[-1.2634338e-13],1301,-25,[14.45540831]
[17.03100031],[-1.2634338e-13],1301,-25,[14.45540831]
[17.03100031],[-1.2634338e-13],1301,-25,[14.45540831]
[17.03100031],[-1.2634338e-13],1301,-25,[14.45540831]
[17.03100031],[-1.2634338e-13],1301,-25,[14.45540831]
[17.03100031],[-1.2634338e-13],1301,-25,[14.45540831]
[17.03100031],[-1.2634338e-13],1301,-25,[14.45540831]
[17.03100031],[-1.2634338e-13],1301,-25,[14.45540831]
[17.03100031],[-1.2634338e-13],1301,-25,[14.45540831]
[17.03100031],[-1.2634338e-13],1301,-25,[14.45540831]
[17.03100031],[-1.2634338e-13],1301,-25,[14.45540831]
[17.03100031],[-1.2634338e-13],1301,-25,[14.45540831]
[17.03100031],[-1.2634338e-13],1301,-25,[14.45540831]
[17.03100031],[-1.2634338e-13],1301,-25,[14.45540831]
[17.03100031],[-1.2634338e-13],1301,-25,[14.45540831]
[17.03100031],[-1.2634338e-13],1301,-25,[14.45540831]
[17.03100031],[-1.2634338e-13],1301,-25,[14.45540831]
[17.03100031],[-1.2634338e-13],1301,-25,[14.45540831]
[17.03100031],[-1.2634338e-13],1301,-25,[14.45540831]
[17.03100031],[-1.2634338e-13],1301,-25,[14.45540831]
[17.03100031],[-1.2634338e-13],1301,-25,[14.45540831]
[17.03100031],[-1.2634338e-13],1301,-25,[14.45540831]
[17.03100031],[-1.2634338e-13],1301,-25,[14.45540831]
[17.03100031],[-1.2634338e-13],1301,-25,[14.45540831]
[17.03100031],[-1.2634338e-13],1301,-25,[14.45540831]
[17.03100031],[-1.2634338e-13],1301,-25,[14.45540831]
[17.03100031],[-1.2634338e-13],1301,-25,[14.45540831]
[17.03100031],[-1.2634338e-13],1301,-25,[14.45540831]
[17.03100031],[-1.2634338e-13],1301,-25,[14.45540831]
[17.03100031],[-1.2634338e-13],1301,-25,[14.45540831]
[17.03100031],[-1.2634338e-13],1301,-25,[14.45540831]
[17.03100031],[-1.2634338e-13],1301,-25,[14.45540831]
[17.03100031],[-1.2634338e-13],1301,-25,[14.45540831]
[17.03100031],[-1.2634338e-13],1301,-25,[14.45540831]
[17.03100031],[-1.2634338e-13],1301,-25,[14.45540831]
[17.03100031],[-1.2634338e-13],1301,-25,[14.45540831]
[17.03100031],[-1.2634338e-13],1301,-25,[14.45540831]
[17.03100031],[-1.2634338e-13],1301,-25,[14.45540831]
[17.03100031],[-1.2634338e-13],1301,-25,[14.45540831]
[17.03100031],[-1.2634338e-13],1301,-25,[14.45540831]
[17.03100031],[-1.2634338e-13],1301,-25,[14.45540831]
[17.03100031],[-1.2634338e-13],1301,-25,[14.45540831]
[17.03100031],[-1.2634338e-13],1301,-25,[14.45540831]
[17.03100031],[-1.2634338e-13],1301,-25,[14.45540831]
[17.03100031],[-1.2634338e-13],1301,-25,[14.45540831]
[17.03100031],[-1.2634338e-13],1301,-25,[14.45540831]
[17.03100031],[-1.2634338e-13],1301,-25,[14.45540831]
[17.03100031],[-1.2634338e-13],1301,-25,[14.45540831]
[17.03100031],[-1.2634338e-13],1301,-25,[14.45540831]
[17.03100031],[-1.2634338e-13],1301,-25,[14.45540831]
[17.03100031],[-1.2634338e-13],1301,-25,[14.45540831]
[17.03100031],[-1.2634338e-13],1301,-25,[14.45540831]
[17.03100031],[-1.2634338e-13],1301,-25,[14.45540831]
[17.03100031],[-1.2634338e-13],1301,-25,[14.45540831]
[17.03100031],[-1.2634338e-13],1301,-25,[14.45540831]
[17.03100031],[-1.2634338e-13],1301,-25,[14.45540831]
[17.03100031],[-1.2634338e-13],1301,-25,[14.45540831]
[17.03100031],[-1.2634338e-13],1301,-25,[14.45540831]
[17.03100031],[-1.2634338e-13],1301,-25,[14.45540831]
[17.03100031],[-1.2634338e-13],1301,-25,[14.45540831]
[17.03100031],[-1.2634338e-13],1301,-25,[14.45540831]
[17.03100031],[-1.2634338e-13],1301,-25,[14.45540831]
[17.03100031],[-1.2634338e-13],1301,-25,[14.45540831]
[17.03100031],[-1.2634338e-13],1301,-25,[14.45540831]
[17.03100031],[-1.2634338e-13],1301,-25,[14.45540831]
[17.03100031],[-1.2634338e-13],1301,-25,[14.45540831]
[17.03100031],[-1.2634338e-13],1301,-25,[14.45540831]
[17.03100031],[-1.2634338e-13],1301,-25,[14.45540831]
[17.03100031],[-1.2634338e-13],1301,-25,[14.45540831]
[17.03100031],[-1.2634338e-13],1301,-25,[14.45540831]
[17.03100031],[-1.2634338e-13],1301,-25,[14.45540831]
[17.03100031],[-1.2634338e-13],1301,-25,[14.45540831]
[17.03100031],[-1.2634338e-13],1301,-25,[14.45540831]
[17.03100031],[-1.2634338e-13],1301,-25,[14.45540831]
[17.03100031],[-1.2634338e-13],1301,-25,[14.45540831]
[17.03100031],[-1.2634338e-13],1301,-25,[14.45540831]
[17.03100031],[-1.2634338e-13],1301,-25,[14.45540831]
[17.03100031],[-1.2634338e-13],1301,-25,[14.45540831]
[17.03100031],[-1.2634338e-13],1301,-25,[14.45540831]
[17.03100031],[-1.2634338e-13],1301,-25,[14.45540831]
[17.03100031],[-1.2634338e-13],1301,-25,[14.45540831]
[17.03100031],[-1.2634338e-13],1301,-25,[14.45540831]
[17.03100031],[-1.2634338e-13],1301,-25,[14.45540831]
[17.03100031],[-1.2634338e-13],1301,-25,[14.45540831]
[17.03100031],[-1.2634338e-13],1301,-25,[14.45540831]
[17.03100031],[-1.2634338e-13],1301,-25,[14.45540831]
[17.03100031],[-1.2634338e-13],1301,-25,[14.45540831]
[17.03100031],[-1.2634338e-13],1301,-25,[14.45540831]
[17.03100031],[-1.2634338e-13],1301,-25,[14.45540831]
[17.03100031],[-1.2634338e-13],1301,-25,[14.45540831]
[17.03100031],[-1.2634338e-13],1301,-25,[14.45540831]
[17.03100031],[-1.2634338e-13],1301,-25,[14.45540831]
[17.03100031],[-1.2634338e-13],1301,-25,[14.45540831]
[17.03100031],[-1.2634338e-13],1301,-25,[14.45540831]
[17.03100031],[-1.2634338e-13],1301,-25,[14.45540831]
[17.03100031],[-1.2634338e-13],1301,-25,[14.45540831]
[17.03100031],[-1.2634338e-13],1301,-25,[14.45540831]
[17.03100031],[-1.2634338e-13],1301,-25,[14.45540831]
[17.03100031],[-1.2634338e-13],1301,-25,[14.45540831]
[17.03100031],[-1.2634338e-13],1301,-25,[14.45540831]
[17.03100031],[-1.2634338e-13],1301,-25,[14.45540831]
[17.03100031],[-1.2634338e-13],1301,-25,[14.45540831]
[17.03100031],[-1.2634338e-13],1301,-25,[14.45540831]
[17.03100031],[-1.2634338e-13],1301,-25,[14.45540831]
[17.03100031],[-1.2634338e-13],1301,-25,[14.45540831]
[17.03100031],[-1.2634338e-13],1301,-25,[14.45540831]
[17.03100031],[-1.2634338e-13],1301,-25,[14.45540831]
[17.03100031],[-1.2634338e-13],1301,-25,[14.45540831]
[17.03100031],[-1.2634338e-13],1301,-25,[14.45540831]
[17.03100031],[-1.2634338e-13],1301,-25,[14.45540831]
[17.03100031],[-1.2634338e-13],1301,-25,[14.45540831]
[17.03100031],[-1.2634338e-13],1301,-25,[14.45540831]
[17.03100031],[-1.2634338e-13],1301,-25,[14.45540831]
[17.03100031],[-1.2634338e-13],1301,-25,[14.45540831]
[17.03100031],[-1.2634338e-13],1301,-25,[14.45540831]
[17.03100031],[-1.2634338e-13],1301,-25,[14.45540831]
[17.03100031],[-1.2634338e-13],1301,-25,[14.45540831]
[17.03100031],[-1.2634338e-13],1301,-25,[14.45540831]
[17.03100031],[-1.2634338e-13],1301,-25,[14.45540831]
[17.03100031],[-1.2634338e-13],1301,-25,[14.45540831]
[17.03100031],[-1.2634338e-13],1301,-25,[14.45540831]
[17.03100031],[-1.2634338e-13],1301,-25,[14.45540831]
[17.03100031],[-1.2634338e-13],1301,-25,[14.45540831]
[17.03100031],[-1.2634338e-13],1301,-25,[14.45540831]
[17.03100031],[-1.2634338e-13],1301,-25,[14.45540831]
[17.03100031],[-1.2634338e-13],1301,-25,[14.45540831]
[17.03100031],[-1.2634338e-13],1301,-25,[14.45540831]
[17.03100031],[-1.2634338e-13],1301,-25,[14.45540831]
[17.03100031],[-1.2634338e-13],1301,-25,[14.45540831]
[17.03100031],[-1.2634338e-13],1301,-25,[14.45540831]
[17.03100031],[-1.2634338e-13],1301,-25,[14.45540831]
[17.03100031],[-1.2634338e-13],1301,-25,[14.45540831]
[17.03100031],[-1.2634338e-13],1301,-25,[14.45540831]
[17.03100031],[-1.2634338e-13],1301,-25,[14.45540831]
[17.03100031],[-1.2634338e-13],1301,-25,[14.45540831]
[17.03100031],[-1.2634338e-13],1301,-25,[14.45540831]
[17.03100031],[-1.2634338e-13],1301,-25,[14.45540831]
[17.03100031],[-1.2634338e-13],1301,-25,[14.45540831]
[17.03100031],[-1.2634338e-13],1301,-25,[14.45540831]
[17.03100031],[-1.2634338e-13],1301,-25,[14.45540831]
[17.03100031],[-1.2634338e-13],1301,-25,[14.45540831]
[17.03100031],[-1.2634338e-13],1301,-25,[14.45540831]
[17.03100031],[-1.2634338e-13],1301,-25,[14.45540831]
[17.03100031],[-1.2634338e-13],1301,-25,[14.45540831]
[17.03100031],[-1.2634338e-13],1301,-25,[14.45540831]
[17.03100031],[-1.2634338e-13],1301,-25,[14.45540831]
[17.03100031],[-1.2634338e-13],1301,-25,[14.45540831]
[17.03100031],[-1.2634338e-13],1301,-25,[14.45540831]
[17.03100031],[-1.2634338e-13],1301,-25,[14.45540831]
[17.03100031],[-1.2634338e-13],1301,-25,[14.45540831]
[17.03100031],[-1.2634338e-13],1301,-25,[14.45540831]
[17.03100031],[-1.2634338e-13],1301,-25,[14.45540831]
[17.03100031],[-1.2634338e-13],1301,-25,[14.45540831]
[17.03100031],[-1.2634338e-13],1301,-25,[14.45540831]
[17.03100031],[-1.2634338e-13],1301,-25,[14.45540831]
[17.03100031],[-1.2634338e-13],1301,-25,[14.45540831]
[17.03100031],[-1.2634338e-13],1301,-25,[14.45540831]
[17.03100031],[-1.2634338e-13],1301,-25,[14.45540831]
[17.03100031],[-1.2634338e-13],1301,-25,[14.45540831]
[17.03100031],[-1.2634338e-13],1301,-25,[14.45540831]
[17.03100031],[-1.2634338e-13],1301,-25,[14.45540831]
[17.03100031],[-1.2634338e-13],1301,-25,[14.45540831]
[17.03100031],[-1.2634338e-13],1301,-25,[14.45540831]
[17.03100031],[-1.2634338e-13],1301,-25,[14.45540831]
[17.03100031],[-1.2634338e-13],1301,-25,[14.45540831]
[17.03100031],[-1.2634338e-13],1301,-25,[14.45540831]
[17.03100031],[-1.2634338e-13],1301,-25,[14.45540831]
[17.03100031],[-1.2634338e-13],1301,-25,[14.45540831]
[17.03100031],[-1.2634338e-13],1301,-25,[14.45540831]
[17.03100031],[-1.2634338e-13],1301,-25,[14.45540831]
[17.03100031],[-1.2634338e-13],1301,-25,[14.45540831]
[17.03100031],[-1.2634338e-13],1301,-25,[14.45540831]
[17.03100031],[-1.2634338e-13],1301,-25,[14.45540831]
[17.03100031],[-1.2634338e-13],1301,-25,[14.45540831]
[17.03100031],[-1.2634338e-13],1301,-25,[14.45540831]
[17.03100031],[-1.2634338e-13],1301,-25,[14.45540831]
[17.03100031],[-1.2634338e-13],1301,-25,[14.45540831]
[17.03100031],[-1.2634338e-13],1301,-25,[14.45540831]
[17.03100031],[-1.2634338e-13],1301,-25,[14.45540831]
[17.03100031],[-1.2634338e-13],1301,-25,[14.45540831]
[17.03100031],[-1.2634338e-13],1301,-25,[14.45540831]
[17.03100031],[-1.2634338e-13],1301,-25,[14.45540831]
[17.03100031],[-1.2634338e-13],1301,-25,[14.45540831]
[17.03100031],[-1.2634338e-13],1301,-25,[14.45540831]
[17.03100031],[-1.2634338e-13],1301,-25,[14.45540831]
[17.03100031],[-1.2634338e-13],1301,-25,[14.45540831]
[17.03100031],[-1.2634338e-13],1301,-25,[14.45540831]
[17.03100031],[-1.2634338e-13],1301,-25,[14.45540831]
[17.03100031],[-1.2634338e-13],1301,-25,[14.45540831]
[17.03100031],[-1.2634338e-13],1301,-25,[14.45540831]
[17.03100031],[-1.2634338e-13],1301,-25,[14.45540831]
[17.03100031],[-1.2634338e-13],1301,-25,[14.45540831]
[17.03100031],[-1.2634338e-13],1301,-25,[14.45540831]
[17.03100031],[-1.2634338e-13],1301,-25,[14.45540831]
[17.03100031],[-1.2634338e-13],1301,-25,[14.45540831]
[17.03100031],[-1.2634338e-13],1301,-25,[14.45540831]
[17.03100031],[-1.2634338e-13],1301,-25,[14.45540831]
[17.03100031],[-1.2634338e-13],1301,-25,[14.45540831]
[17.03100031],[-1.2634338e-13],1301,-25,[14.45540831]
[17.03100031],[-1.2634338e-13],1301,-25,[14.45540831]
[17.03100031],[-1.2634338e-13],1301,-25,[14.45540831]
[17.03100031],[-1.2634338e-13],1301,-25,[14.45540831]
[17.03100031],[-1.2634338e-13],1301,-25,[14.45540831]
[17.03100031],[-1.2634338e-13],1301,-25,[14.45540831]
[17.03100031],[-1.2634338e-13],1301,-25,[14.45540831]
[17.03100031],[-1.2634338e-13],1301,-25,[14.45540831]
[17.03100031],[-1.2634338e-13],1301,-25,[14.45540831]
[17.03100031],[-1.2634338e-13],1301,-25,[14.45540831]
[17.03100031],[-1.2634338e-13],1301,-25,[14.45540831]
[17.03100031],[-1.2634338e-13],1301,-25,[14.45540831]
[17.03100031],[-1.2634338e-13],1301,-25,[14.45540831]
[17.03100031],[-1.2634338e-13],1301,-25,[14.45540831]
[17.03100031],[-1.2634338e-13],1301,-25,[14.45540831]
[17.03100031],[-1.2634338e-13],1301,-25,[14.45540831]
[17.03100031],[-1.2634338e-13],1301,-25,[14.45540831]
[17.03100031],[-1.2634338e-13],1301,-25,[14.45540831]
[17.03100031],[-1.2634338e-13],1301,-25,[14.45540831]
[17.03100031],[-1.2634338e-13],1301,-25,[14.45540831]
[17.03100031],[-1.2634338e-13],1301,-25,[14.45540831]
[17.03100031],[-1.2634338e-13],1301,-25,[14.45540831]
[17.03100031],[-1.2634338e-13],1301,-25,[14.45540831]
[17.03100031],[-1.2634338e-13],1301,-25,[14.45540831]
[17.03100031],[-1.2634338e-13],1301,-25,[14.45540831]
[17.03100031],[-1.2634338e-13],1301,-25,[14.45540831]
[17.03100031],[-1.2634338e-13],1301,-25,[14.45540831]
[17.03100031],[-1.2634338e-13],1301,-25,[14.45540831]
[17.03100031],[-1.2634338e-13],1301,-25,[14.45540831]
[17.03100031],[-1.2634338e-13],1301,-25,[14.45540831]
[17.03100031],[-1.2634338e-13],1301,-25,[14.45540831]
[17.03100031],[-1.2634338e-13],1301,-25,[14.45540831]
[17.03100031],[-1.2634338e-13],1301,-25,[14.45540831]
[17.03100031],[-1.2634338e-13],1301,-25,[14.45540831]
[17.03100031],[-1.2634338e-13],1301,-25,[14.45540831]
[17.03100031],[-1.2634338e-13],1301,-25,[14.45540831]
[17.03100031],[-1.2634338e-13],1301,-25,[14.45540831]
[17.03100031],[-1.2634338e-13],1301,-25,[14.45540831]
[17.03100031],[-1.2634338e-13],1301,-25,[14.45540831]
[17.03100031],[-1.2634338e-13],1301,-25,[14.45540831]
[17.03100031],[-1.2634338e-13],1301,-25,[14.45540831]
[17.03100031],[-1.2634338e-13],1301,-25,[14.45540831]
[17.03100031],[-1.2634338e-13],1301,-25,[14.45540831]
[17.03100031],[-1.2634338e-13],1301,-25,[14.45540831]
[17.03100031],[-1.2634338e-13],1301,-25,[14.45540831]
[17.03100031],[-1.2634338e-13],1301,-25,[14.45540831]
[17.03100031],[-1.2634338e-13],1301,-25,[14.45540831]
[17.03100031],[-1.2634338e-13],1301,-25,[14.45540831]
[17.03100031],[-1.2634338e-13],1301,-25,[14.45540831]
[17.03100031],[-1.2634338e-13],1301,-25,[14.45540831]
[17.03100031],[-1.2634338e-13],1301,-25,[14.45540831]
[17.03100031],[-1.2634338e-13],1301,-25,[14.45540831]
[17.03100031],[-1.2634338e-13],1301,-25,[14.45540831]
[17.03100031],[-1.2634338e-13],1301,-25,[14.45540831]
[17.03100031],[-1.2634338e-13],1301,-25,[14.45540831]
[17.03100031],[-1.2634338e-13],1301,-25,[14.45540831]
[17.03100031],[-1.2634338e-13],1301,-25,[14.45540831]
[17.03100031],[-1.2634338e-13],1301,-25,[14.45540831]
[17.03100031],[-1.2634338e-13],1301,-25,[14.45540831]
[17.03100031],[-1.2634338e-13],1301,-25,[14.45540831]
[17.03100031],[-1.2634338e-13],1301,-25,[14.45540831]
[17.03100031],[-1.2634338e-13],1301,-25,[14.45540831]
[17.03100031],[-1.2634338e-13],1301,-25,[14.45540831]
[17.03100031],[-1.2634338e-13],1301,-25,[14.45540831]
[17.03100031],[-1.2634338e-13],1301,-25,[14.45540831]
[17.03100031],[-1.2634338e-13],1301,-25,[14.45540831]
[17.03100031],[-1.2634338e-13],1301,-25,[14.45540831]
[17.03100031],[-1.2634338e-13],1301,-25,[14.45540831]
[17.03100031],[-1.2634338e-13],1301,-25,[14.45540831]
[17.03100031],[-1.2634338e-13],1301,-25,[14.45540831]
[17.03100031],[-1.2634338e-13],1301,-25,[14.45540831]
[17.03100031],[-1.2634338e-13],1301,-25,[14.45540831]
[17.03100031],[-1.2634338e-13],1301,-25,[14.45540831]
[17.03100031],[-1.2634338e-13],1301,-25,[14.45540831]
[17.03100031],[-1.2634338e-13],1301,-25,[14.45540831]
[17.03100031],[-1.2634338e-13],1301,-25,[14.45540831]
[17.03100031],[-1.2634338e-13],1301,-25,[14.45540831]
[17.03100031],[-1.2634338e-13],1301,-25,[14.45540831]
[17.03100031],[-1.2634338e-13],1301,-25,[14.45540831]
[17.03100031],[-1.2634338e-13],1301,-25,[14.45540831]
[17.03100031],[-1.2634338e-13],1301,-25,[14.45540831]
[17.03100031],[-1.2634338e-13],1301,-25,[14.45540831]
[17.03100031],[-1.2634338e-13],1301,-25,[14.45540831]
[17.03100031],[-1.2634338e-13],1301,-25,[14.45540831]
[17.03100031],[-1.2634338e-13],1301,-25,[14.45540831]
[17.03100031],[-1.2634338e-13],1301,-25,[14.45540831]
[17.03100031],[-1.2634338e-13],1301,-25,[14.45540831]
[17.03100031],[-1.2634338e-13],1301,-25,[14.45540831]
[17.03100031],[-1.2634338e-13],1301,-25,[14.45540831]
[17.03100031],[-1.2634338e-13],1301,-25,[14.45540831]
[17.03100031],[-1.2634338e-13],1301,-25,[14.45540831]
[17.03100031],[-1.2634338e-13],1301,-25,[14.45540831]
[17.03100031],[-1.2634338e-13],1301,-25,[14.45540831]
[17.03100031],[-1.2634338e-13],1301,-25,[14.45540831]
[17.03100031],[-1.2634338e-13],1301,-25,[14.45540831]
[17.03100031],[-1.2634338e-13],1301,-25,[14.45540831]
[17.03100031],[-1.2634338e-13],1301,-25,[14.45540831]
[17.03100031],[-1.2634338e-13],1301,-25,[14.45540831]
[17.03100031],[-1.2634338e-13],1301,-25,[14.45540831]
[17.03100031],[-1.2634338e-13],1301,-25,[14.45540831]
[17.03100031],[-1.2634338e-13],1301,-25,[14.45540831]
[17.03100031],[-1.2634338e-13],1301,-25,[14.45540831]
[17.03100031],[-1.2634338e-13],1301,-25,[14.45540831]
[17.03100031],[-1.2634338e-13],1301,-25,[14.45540831]
[17.03100031],[-1.2634338e-13],1301,-25,[14.45540831]
[17.03100031],[-1.2634338e-13],1301,-25,[14.45540831]
[17.03100031],[-1.2634338e-13],1301,-25,[14.45540831]
[17.03100031],[-1.2634338e-13],1301,-25,[14.45540831]
[17.03100031],[-1.2634338e-13],1301,-25,[14.45540831]
[17.03100031],[-1.2634338e-13],1301,-25,[14.45540831]
[17.03100031],[-1.2634338e-13],1301,-25,[14.45540831]
[17.03100031],[-1.2634338e-13],1301,-25,[14.45540831]
[17.03100031],[-1.2634338e-13],1301,-25,[14.45540831]
[17.03100031],[-1.2634338e-13],1301,-25,[14.45540831]
[17.03100031],[-1.2634338e-13],1301,-25,[14.45540831]
[17.03100031],[-1.2634338e-13],1301,-25,[14.45540831]
[17.03100031],[-1.2634338e-13],1301,-25,[14.45540831]
[17.03100031],[-1.2634338e-13],1301,-25,[14.45540831]
[17.03100031],[-1.2634338e-13],1301,-25,[14.45540831]
[17.03100031],[-1.2634338e-13],1301,-25,[14.45540831]
[17.03100031],[-1.2634338e-13],1301,-25,[14.45540831]
[17.03100031],[-1.2634338e-13],1301,-25,[14.45540831]
[17.03100031],[-1.2634338e-13],1301,-25,[14.45540831]
[17.03100031],[-1.2634338e-13],1301,-25,[14.45540831]
[17.03100031],[-1.2634338e-13],1301,-25,[14.45540831]
[17.03100031],[-1.2634338e-13],1301,-25,[14.45540831]
[17.03100031],[-1.2634338e-13],1301,-25,[14.45540831]
[17.03100031],[-1.2634338e-13],1301,-25,[14.45540831]
[17.03100031],[-1.2634338e-13],1301,-25,[14.45540831]
[17.03100031],[-1.2634338e-13],1301,-25,[14.45540831]
[17.03100031],[-1.2634338e-13],1301,-25,[14.45540831]
[17.03100031],[-1.2634338e-13],1301,-25,[14.45540831]
[17.03100031],[-1.2634338e-13],1301,-25,[14.45540831]
[17.03100031],[-1.2634338e-13],1301,-25,[14.45540831]
[17.03100031],[-1.2634338e-13],1301,-25,[14.45540831]
[17.03100031],[-1.2634338e-13],1301,-25,[14.45540831]
[17.03100031],[-1.2634338e-13],1301,-25,[14.45540831]
[17.03100031],[-1.2634338e-13],1301,-25,[14.45540831]
[17.03100031],[-1.2634338e-13],1301,-25,[14.45540831]
[17.03100031],[-1.2634338e-13],1301,-25,[14.45540831]
[17.03100031],[-1.2634338e-13],1301,-25,[14.45540831]
[17.03100031],[-1.2634338e-13],1301,-25,[14.45540831]
[17.03100031],[-1.2634338e-13],1301,-25,[14.45540831]
[17.03100031],[-1.2634338e-13],1301,-25,[14.45540831]
[17.03100031],[-1.2634338e-13],1301,-25,[14.45540831]
[17.03100031],[-1.2634338e-13],1301,-25,[14.45540831]
[17.03100031],[-1.2634338e-13],1301,-25,[14.45540831]
[17.03100031],[-1.2634338e-13],1301,-25,[14.45540831]
[17.03100031],[-1.2634338e-13],1301,-25,[14.45540831]
[17.03100031],[-1.2634338e-13],1301,-25,[14.45540831]
[17.03100031],[-1.2634338e-13],1301,-25,[14.45540831]
[17.03100031],[-1.2634338e-13],1301,-25,[14.45540831]
[17.03100031],[-1.2634338e-13],1301,-25,[14.45540831]
[17.03100031],[-1.2634338e-13],1301,-25,[14.45540831]
[17.03100031],[-1.2634338e-13],1301,-25,[14.45540831]
[17.03100031],[-1.2634338e-13],1301,-25,[14.45540831]
[17.03100031],[-1.2634338e-13],1301,-25,[14.45540831]
[17.03100031],[-1.2634338e-13],1301,-25,[14.45540831]
[17.03100031],[-1.2634338e-13],1301,-25,[14.45540831]
[17.03100031],[-1.2634338e-13],1301,-25,[14.45540831]
[17.03100031],[-1.2634338e-13],1301,-25,[14.45540831]
[17.03100031],[-1.2634338e-13],1301,-25,[14.45540831]
[17.03100031],[-1.2634338e-13],1301,-25,[14.45540831]
[17.03100031],[-1.2634338e-13],1301,-25,[14.45540831]
[17.03100031],[-1.2634338e-13],1301,-25,[14.45540831]
[17.03100031],[-1.2634338e-13],1301,-25,[14.45540831]
[17.03100031],[-1.2634338e-13],1301,-25,[14.45540831]
[17.03100031],[-1.2634338e-13],1301,-25,[14.45540831]
[17.03100031],[-1.2634338e-13],1301,-25,[14.45540831]
[17.03100031],[-1.2634338e-13],1301,-25,[14.45540831]
[17.03100031],[-1.2634338e-13],1301,-25,[14.45540831]
[17.03100031],[-1.2634338e-13],1301,-25,[14.45540831]
[17.03100031],[-1.2634338e-13],1301,-25,[14.45540831]
[17.03100031],[-1.2634338e-13],1301,-25,[14.45540831]
[17.03100031],[-1.2634338e-13],1301,-25,[14.45540831]
[17.03100031],[-1.2634338e-13],1301,-25,[14.45540831]
[17.03100031],[-1.2634338e-13],1301,-25,[14.45540831]
[17.03100031],[-1.2634338e-13],1301,-25,[14.45540831]
[17.03100031],[-1.2634338e-13],1301,-25,[14.45540831]
[17.03100031],[-1.2634338e-13],1301,-25,[14.45540831]
[17.03100031],[-1.2634338e-13],1301,-25,[14.45540831]
[17.03100031],[-1.2634338e-13],1301,-25,[14.45540831]
[17.03100031],[-1.2634338e-13],1301,-25,[14.45540831]
[17.03100031],[-1.2634338e-13],1301,-25,[14.45540831]
[17.03100031],[-1.2634338e-13],1301,-25,[14.45540831]
[17.03100031],[-1.2634338e-13],1301,-25,[14.45540831]
[17.03100031],[-1.2634338e-13],1301,-25,[14.45540831]
[17.03100031],[-1.2634338e-13],1301,-25,[14.45540831]
[17.03100031],[-1.2634338e-13],1301,-25,[14.45540831]
[17.03100031],[-1.2634338e-13],1301,-25,[14.45540831]
[17.03100031],[-1.2634338e-13],1301,-25,[14.45540831]
[17.03100031],[-1.2634338e-13],1301,-25,[14.45540831]
[17.03100031],[-1.2634338e-13],1301,-25,[14.45540831]
[17.03100031],[-1.2634338e-13],1301,-25,[14.45540831]
[17.03100031],[-1.2634338e-13],1301,-25,[14.45540831]
[17.03100031],[-1.2634338e-13],1301,-25,[14.45540831]
[17.03100031],[-1.2634338e-13],1301,-25,[14.45540831]
[17.03100031],[-1.2634338e-13],1301,-25,[14.45540831]
[17.03100031],[-1.2634338e-13],1301,-25,[14.45540831]
[17.03100031],[-1.2634338e-13],1301,-25,[14.45540831]
[17.03100031],[-1.2634338e-13],1301,-25,[14.45540831]
[17.03100031],[-1.2634338e-13],1301,-25,[14.45540831]
[17.03100031],[-1.2634338e-13],1301,-25,[14.45540831]
[17.03100031],[-1.2634338e-13],1301,-25,[14.45540831]
[17.03100031],[-1.2634338e-13],1301,-25,[14.45540831]
[17.03100031],[-1.2634338e-13],1301,-25,[14.45540831]
[17.03100031],[-1.2634338e-13],1301,-25,[14.45540831]
[17.03100031],[-1.2634338e-13],1301,-25,[14.45540831]
[17.03100031],[-1.2634338e-13],1301,-25,[14.45540831]
[17.03100031],[-1.2634338e-13],1301,-25,[14.45540831]
[17.03100031],[-1.2634338e-13],1301,-25,[14.45540831]
[17.03100031],[-1.2634338e-13],1301,-25,[14.45540831]
[17.03100031],[-1.2634338e-13],1301,-25,[14.45540831]
[17.03100031],[-1.2634338e-13],1301,-25,[14.45540831]
[17.03100031],[-1.2634338e-13],1301,-25,[14.45540831]
[17.03100031],[-1.2634338e-13],1301,-25,[14.45540831]
[17.03100031],[-1.2634338e-13],1301,-25,[14.45540831]
[17.03100031],[-1.2634338e-13],1301,-25,[14.45540831]
[17.03100031],[-1.2634338e-13],1301,-25,[14.45540831]
[17.03100031],[-1.2634338e-13],1301,-25,[14.45540831]
[17.03100031],[-1.2634338e-13],1301,-25,[14.45540831]
[17.03100031],[-1.2634338e-13],1301,-25,[14.45540831]
[17.03100031],[-1.2634338e-13],1301,-25,[14.45540831]
[17.03100031],[-1.2634338e-13],1301,-25,[14.45540831]
[17.03100031],[-1.2634338e-13],1301,-25,[14.45540831]
[17.03100031],[-1.2634338e-13],1301,-25,[14.45540831]
[17.03100031],[-1.2634338e-13],1301,-25,[14.45540831]
[17.03100031],[-1.2634338e-13],1301,-25,[14.45540831]
[17.03100031],[-1.2634338e-13],1301,-25,[14.45540831]
[17.03100031],[-1.2634338e-13],1301,-25,[14.45540831]
[17.03100031],[-1.2634338e-13],1301,-25,[14.45540831]
[17.03100031],[-1.2634338e-13],1301,-25,[14.45540831]
[17.03100031],[-1.2634338e-13],1301,-25,[14.45540831]
[17.03100031],[-1.2634338e-13],1301,-25,[14.45540831]
[17.03100031],[-1.2634338e-13],1301,-25,[14.45540831]
[17.03100031],[-1.2634338e-13],1301,-25,[14.45540831]
[17.03100031],[-1.2634338e-13],1301,-25,[14.45540831]
[17.03100031],[-1.2634338e-13],1301,-25,[14.45540831]
[17.03100031],[-1.2634338e-13],1301,-25,[14.45540831]
[17.03100031],[-1.2634338e-13],1301,-25,[14.45540831]
[17.03100031],[-1.2634338e-13],1301,-25,[14.45540831]
[17.03100031],[-1.2634338e-13],1301,-25,[14.45540831]
[17.03100031],[-1.2634338e-13],1301,-25,[14.45540831]
[17.03100031],[-1.2634338e-13],1301,-25,[14.45540831]
[17.03100031],[-1.2634338e-13],1301,-25,[14.45540831]
[17.03100031],[-1.2634338e-13],1301,-25,[14.45540831]
[17.03100031],[-1.2634338e-13],1301,-25,[14.45540831]
[17.03100031],[-1.2634338e-13],1301,-25,[14.45540831]
[17.03100031],[-1.2634338e-13],1301,-25,[14.45540831]
[17.03100031],[-1.2634338e-13],1301,-25,[14.45540831]
[17.03100031],[-1.2634338e-13],1301,-25,[14.45540831]
[17.03100031],[-1.2634338e-13],1301,-25,[14.45540831]
[17.03100031],[-1.2634338e-13],1301,-25,[14.45540831]
[17.03100031],[-1.2634338e-13],1301,-25,[14.45540831]
[17.03100031],[-1.2634338e-13],1301,-25,[14.45540831]
[17.03100031],[-1.2634338e-13],1301,-25,[14.45540831]
[17.03100031],[-1.2634338e-13],1301,-25,[14.45540831]
[17.03100031],[-1.2634338e-13],1301,-25,[14.45540831]
[17.03100031],[-1.2634338e-13],1301,-25,[14.45540831]
[17.03100031],[-1.2634338e-13],1301,-25,[14.45540831]
[17.03100031],[-1.2634338e-13],1301,-25,[14.45540831]
[17.03100031],[-1.2634338e-13],1301,-25,[14.45540831]
[17.03100031],[-1.2634338e-13],1301,-25,[14.45540831]
[17.03100031],[-1.2634338e-13],1301,-25,[14.45540831]
[17.03100031],[-1.2634338e-13],1301,-25,[14.45540831]
[17.03100031],[-1.2634338e-13],1301,-25,[14.45540831]
[17.03100031],[-1.2634338e-13],1301,-25,[14.45540831]
[17.03100031],[-1.2634338e-13],1301,-25,[14.45540831]
[17.03100031],[-1.2634338e-13],1301,-25,[14.45540831]
[17.03100031],[-1.2634338e-13],1301,-25,[14.45540831]
[17.03100031],[-1.2634338e-13],1301,-25,[14.45540831]
[17.03100031],[-1.2634338e-13],1301,-25,[14.45540831]
[17.03100031],[-1.2634338e-13],1301,-25,[14.45540831]
[17.03100031],[-1.2634338e-13],1301,-25,[14.45540831]
[17.03100031],[-1.2634338e-13],1301,-25,[14.45540831]
[17.03100031],[-1.2634338e-13],1301,-25,[14.45540831]
[17.03100031],[-1.2634338e-13],1301,-25,[14.45540831]
[17.03100031],[-1.2634338e-13],1301,-25,[14.45540831]
[17.03100031],[-1.2634338e-13],1301,-25,[14.45540831]
[17.03100031],[-1.2634338e-13],1301,-25,[14.45540831]
[17.03100031],[-1.2634338e-13],1301,-25,[14.45540831]
[17.03100031],[-1.2634338e-13],1301,-25,[14.45540831]
[17.03100031],[-1.2634338e-13],1301,-25,[14.45540831]
[17.03100031],[-1.2634338e-13],1301,-25,[14.45540831]
[17.03100031],[-1.2634338e-13],1301,-25,[14.45540831]
[17.03100031],[-1.2634338e-13],1301,-25,[14.45540831]
[17.03100031],[-1.2634338e-13],1301,-25,[14.45540831]
[17.03100031],[-1.2634338e-13],1301,-25,[14.45540831]
[17.03100031],[-1.2634338e-13],1301,-25,[14.45540831]
[17.03100031],[-1.2634338e-13],1301,-25,[14.45540831]
[17.03100031],[-1.2634338e-13],1301,-25,[14.45540831]
[17.03100031],[-1.2634338e-13],1301,-25,[14.45540831]
[17.03100031],[-1.2634338e-13],1301,-25,[14.45540831]
[17.03100031],[-1.2634338e-13],1301,-25,[14.45540831]
[17.03100031],[-1.2634338e-13],1301,-25,[14.45540831]
[17.03100031],[-1.2634338e-13],1301,-25,[14.45540831]
[17.03100031],[-1.2634338e-13],1301,-25,[14.45540831]
[17.03100031],[-1.2634338e-13],1301,-25,[14.45540831]
[17.03100031],[-1.2634338e-13],1301,-25,[14.45540831]
[17.03100031],[-1.2634338e-13],1301,-25,[14.45540831]
[17.03100031],[-1.2634338e-13],1301,-25,[14.45540831]
[17.03100031],[-1.2634338e-13],1301,-25,[14.45540831]
[17.03100031],[-1.2634338e-13],1301,-25,[14.45540831]
[17.03100031],[-1.2634338e-13],1301,-25,[14.45540831]
[17.03100031],[-1.2634338e-13],1301,-25,[14.45540831]
[17.03100031],[-1.2634338e-13],1301,-25,[14.45540831]
[17.03100031],[-1.2634338e-13],1301,-25,[14.45540831]
[17.03100031],[-1.2634338e-13],1301,-25,[14.45540831]
[17.03100031],[-1.2634338e-13],1301,-25,[14.45540831]
[17.03100031],[-1.2634338e-13],1301,-25,[14.45540831]
[17.03100031],[-1.2634338e-13],1301,-25,[14.45540831]
[17.03100031],[-1.2634338e-13],1301,-25,[14.45540831]
[17.03100031],[-1.2634338e-13],1301,-25,[14.45540831]
[17.03100031],[-1.2634338e-13],1301,-25,[14.45540831]
[17.03100031],[-1.2634338e-13],1301,-25,[14.45540831]
[17.03100031],[-1.2634338e-13],1301,-25,[14.45540831]
[17.03100031],[-1.2634338e-13],1301,-25,[14.45540831]
[17.03100031],[-1.2634338e-13],1301,-25,[14.45540831]
[17.03100031],[-1.2634338e-13],1301,-25,[14.45540831]
[17.03100031],[-1.2634338e-13],1301,-25,[14.45540831]
[17.03100031],[-1.2634338e-13],1301,-25,[14.45540831]
[17.03100031],[-1.2634338e-13],1301,-25,[14.45540831]
[17.03100031],[-1.2634338e-13],1301,-25,[14.45540831]
[17.03100031],[-1.2634338e-13],1301,-25,[14.45540831]
[17.03100031],[-1.2634338e-13],1301,-25,[14.45540831]
[17.03100031],[-1.2634338e-13],1301,-25,[14.45540831]
[17.03100031],[-1.2634338e-13],1301,-25,[14.45540831]
[17.03100031],[-1.2634338e-13],1301,-25,[14.45540831]
[17.03100031],[-1.2634338e-13],1301,-25,[14.45540831]
[17.03100031],[-1.2634338e-13],1301,-25,[14.45540831]
[17.03100031],[-1.2634338e-13],1301,-25,[14.45540831]
[17.03100031],[-1.2634338e-13],1301,-25,[14.45540831]
[17.03100031],[-1.2634338e-13],1301,-25,[14.45540831]
[17.03100031],[-1.2634338e-13],1301,-25,[14.45540831]
[17.03100031],[-1.2634338e-13],1301,-25,[14.45540831]
[17.03100031],[-1.2634338e-13],1301,-25,[14.45540831]
[17.03100031],[-1.2634338e-13],1301,-25,[14.45540831]
[17.03100031],[-1.2634338e-13],1301,-25,[14.45540831]
[17.03100031],[-1.2634338e-13],1301,-25,[14.45540831]
[17.03100031],[-1.2634338e-13],1301,-25,[14.45540831]
[17.03100031],[-1.2634338e-13],1301,-25,[14.45540831]
[17.03100031],[-1.2634338e-13],1301,-25,[14.45540831]
[17.03100031],[-1.2634338e-13],1301,-25,[14.45540831]
[17.03100031],[-1.2634338e-13],1301,-25,[14.45540831]
[17.03100031],[-1.2634338e-13],1301,-25,[14.45540831]
[17.03100031],[-1.2634338e-13],1301,-25,[14.45540831]
[17.03100031],[-1.2634338e-13],1301,-25,[14.45540831]
[17.03100031],[-1.2634338e-13],1301,-25,[14.45540831]
[17.03100031],[-1.2634338e-13],1301,-25,[14.45540831]
[17.03100031],[-1.2634338e-13],1301,-25,[14.45540831]
[17.03100031],[-1.2634338e-13],1301,-25,[14.45540831]
[17.03100031],[-1.2634338e-13],1301,-25,[14.45540831]
[17.03100031],[-1.2634338e-13],1301,-25,[14.45540831]
[17.03100031],[-1.2634338e-13],1301,-25,[14.45540831]
[17.03100031],[-1.2634338e-13],1301,-25,[14.45540831]
[17.03100031],[-1.2634338e-13],1301,-25,[14.45540831]
[17.03100031],[-1.2634338e-13],1301,-25,[14.45540831]
[17.03100031],[-1.2634338e-13],1301,-25,[14.45540831]
[17.03100031],[-1.2634338e-13],1301,-25,[14.45540831]
[17.03100031],[-1.2634338e-13],1301,-25,[14.45540831]
[17.03100031],[-1.2634338e-13],1301,-25,[14.45540831]
[17.03100031],[-1.2634338e-13],1301,-25,[14.45540831]
[17.03100031],[-1.2634338e-13],1301,-25,[14.45540831]
[17.03100031],[-1.2634338e-13],1301,-25,[14.45540831]
[17.03100031],[-1.2634338e-13],1301,-25,[14.45540831]
[17.03100031],[-1.2634338e-13],1301,-25,[14.45540831]
[17.03100031],[-1.2634338e-13],1301,-25,[14.45540831]
[17.03100031],[-1.2634338e-13],1301,-25,[14.45540831]
[17.03100031],[-1.2634338e-13],1301,-25,[14.45540831]
[17.03100031],[-1.2634338e-13],1301,-25,[14.45540831]
[17.03100031],[-1.2634338e-13],1301,-25,[14.45540831]
[17.03100031],[-1.2634338e-13],1301,-25,[14.45540831]
[17.03100031],[-1.2634338e-13],1301,-25,[14.45540831]
[17.03100031],[-1.2634338e-13],1301,-25,[14.45540831]
[17.03100031],[-1.2634338e-13],1301,-25,[14.45540831]
[17.03100031],[-1.2634338e-13],1301,-25,[14.45540831]
[17.03100031],[-1.2634338e-13],1301,-25,[14.45540831]
[17.03100031],[-1.2634338e-13],1301,-25,[14.45540831]
[17.03100031],[-1.2634338e-13],1301,-25,[14.45540831]
[17.03100031],[-1.2634338e-13],1301,-25,[14.45540831]
[17.03100031],[-1.2634338e-13],1301,-25,[14.45540831]
[17.03100031],[-1.2634338e-13],1301,-25,[14.45540831]
[17.03100031],[-1.2634338e-13],1301,-25,[14.45540831]
[17.03100031],[-1.2634338e-13],1301,-25,[14.45540831]
[17.03100031],[-1.2634338e-13],1301,-25,[14.45540831]
[17.03100031],[-1.2634338e-13],1301,-25,[14.45540831]
[17.03100031],[-1.2634338e-13],1301,-25,[14.45540831]
[17.03100031],[-1.2634338e-13],1301,-25,[14.45540831]
[17.03100031],[-1.2634338e-13],1301,-25,[14.45540831]
[17.03100031],[-1.2634338e-13],1301,-25,[14.45540831]
[17.03100031],[-1.2634338e-13],1301,-25,[14.45540831]
[17.03100031],[-1.2634338e-13],1301,-25,[14.45540831]
[17.03100031],[-1.2634338e-13],1301,-25,[14.45540831]
[17.03100031],[-1.2634338e-13],1301,-25,[14.45540831]
[17.03100031],[-1.2634338e-13],1301,-25,[14.45540831]
[17.03100031],[-1.2634338e-13],1301,-25,[14.45540831]
[17.03100031],[-1.2634338e-13],1301,-25,[14.45540831]
[17.03100031],[-1.2634338e-13],1301,-25,[14.45540831]
[17.03100031],[-1.2634338e-13],1301,-25,[14.45540831]
[17.03100031],[-1.2634338e-13],1301,-25,[14.45540831]
[17.03100031],[-1.2634338e-13],1301,-25,[14.45540831]
[17.03100031],[-1.2634338e-13],1301,-25,[14.45540831]
[17.03100031],[-1.2634338e-13],1301,-25,[14.45540831]
[17.03100031],[-1.2634338e-13],1301,-25,[14.45540831]
[17.03100031],[-1.2634338e-13],1301,-25,[14.45540831]
[17.03100031],[-1.2634338e-13],1301,-25,[14.45540831]
[17.03100031],[-1.2634338e-13],1301,-25,[14.45540831]
[17.03100031],[-1.2634338e-13],1301,-25,[14.45540831]
[17.03100031],[-1.2634338e-13],1301,-25,[14.45540831]
[17.03100031],[-1.2634338e-13],1301,-25,[14.45540831]
[17.03100031],[-1.2634338e-13],1301,-25,[14.45540831]
[17.03100031],[-1.2634338e-13],1301,-25,[14.45540831]
[17.03100031],[-1.2634338e-13],1301,-25,[14.45540831]
[17.03100031],[-1.2634338e-13],1301,-25,[14.45540831]
[17.03100031],[-1.2634338e-13],1301,-25,[14.45540831]
[17.03100031],[-1.2634338e-13],1301,-25,[14.45540831]
[17.03100031],[-1.2634338e-13],1301,-25,[14.45540831]
[17.03100031],[-1.2634338e-13],1301,-25,[14.45540831]
[17.03100031],[-1.2634338e-13],1301,-25,[14.45540831]
[17.03100031],[-1.2634338e-13],1301,-25,[14.45540831]
[17.03100031],[-1.2634338e-13],1301,-25,[14.45540831]
[17.03100031],[-1.2634338e-13],1301,-25,[14.45540831]
[17.03100031],[-1.2634338e-13],1301,-25,[14.45540831]
[17.03100031],[-1.2634338e-13],1301,-25,[14.45540831]
[17.03100031],[-1.2634338e-13],1301,-25,[14.45540831]
[17.03100031],[-1.2634338e-13],1301,-25,[14.45540831]
[17.03100031],[-1.2634338e-13],1301,-25,[14.45540831]
[17.03100031],[-1.2634338e-13],1301,-25,[14.45540831]
[17.03100031],[-1.2634338e-13],1301,-25,[14.45540831]
[17.03100031],[-1.2634338e-13],1301,-25,[14.45540831]
[17.03100031],[-1.2634338e-13],1301,-25,[14.45540831]
[17.03100031],[-1.2634338e-13],1301,-25,[14.45540831]
[17.03100031],[-1.2634338e-13],1301,-25,[14.45540831]
[17.03100031],[-1.2634338e-13],1301,-25,[14.45540831]
[17.03100031],[-1.2634338e-13],1301,-25,[14.45540831]
[17.03100031],[-1.2634338e-13],1301,-25,[14.45540831]
[17.03100031],[-1.2634338e-13],1301,-25,[14.45540831]
[17.03100031],[-1.2634338e-13],1301,-25,[14.45540831]
[17.03100031],[-1.2634338e-13],1301,-25,[14.45540831]
[17.03100031],[-1.2634338e-13],1301,-25,[14.45540831]
[17.03100031],[-1.2634338e-13],1301,-25,[14.45540831]
[17.03100031],[-1.2634338e-13],1301,-25,[14.45540831]
[17.03100031],[-1.2634338e-13],1301,-25,[14.45540831]
[17.03100031],[-1.2634338e-13],1301,-25,[14.45540831]
[17.03100031],[-1.2634338e-13],1301,-25,[14.45540831]
[17.03100031],[-1.2634338e-13],1301,-25,[14.45540831]
[17.03100031],[-1.2634338e-13],1301,-25,[14.45540831]
[17.03100031],[-1.2634338e-13],1301,-25,[14.45540831]
[17.03100031],[-1.2634338e-13],1301,-25,[14.45540831]
[17.03100031],[-1.2634338e-13],1301,-25,[14.45540831]
[17.03100031],[-1.2634338e-13],1301,-25,[14.45540831]
[17.03100031],[-1.2634338e-13],1301,-25,[14.45540831]
[17.03100031],[-1.2634338e-13],1301,-25,[14.45540831]
[17.03100031],[-1.2634338e-13],1301,-25,[14.45540831]
[17.03100031],[-1.2634338e-13],1301,-25,[14.45540831]
[17.03100031],[-1.2634338e-13],1301,-25,[14.45540831]
[17.03100031],[-1.2634338e-13],1301,-25,[14.45540831]
[17.03100031],[-1.2634338e-13],1301,-25,[14.45540831]
[17.03100031],[-1.2634338e-13],1301,-25,[14.45540831]
[17.03100031],[-1.2634338e-13],1301,-25,[14.45540831]
[17.03100031],[-1.2634338e-13],1301,-25,[14.45540831]
[17.03100031],[-1.2634338e-13],1301,-25,[14.45540831]
[17.03100031],[-1.2634338e-13],1301,-25,[14.45540831]
[17.03100031],[-1.2634338e-13],1301,-25,[14.45540831]
[17.03100031],[-1.2634338e-13],1301,-25,[14.45540831]
[17.03100031],[-1.2634338e-13],1301,-25,[14.45540831]
[17.03100031],[-1.2634338e-13],1301,-25,[14.45540831]
[17.03100031],[-1.2634338e-13],1301,-25,[14.45540831]
[17.03100031],[-1.2634338e-13],1301,-25,[14.45540831]
[17.03100031],[-1.2634338e-13],1301,-25,[14.45540831]
[17.03100031],[-1.2634338e-13],1301,-25,[14.45540831]
[17.03100031],[-1.2634338e-13],1301,-25,[14.45540831]
[17.03100031],[-1.2634338e-13],1301,-25,[14.45540831]
[17.03100031],[-1.2634338e-13],1301,-25,[14.45540831]
[17.03100031],[-1.2634338e-13],1301,-25,[14.45540831]
[17.03100031],[-1.2634338e-13],1301,-25,[14.45540831]
[17.03100031],[-1.2634338e-13],1301,-25,[14.45540831]
[17.03100031],[-1.2634338e-13],1301,-25,[14.45540831]
[17.03100031],[-1.2634338e-13],1301,-25,[14.45540831]
[17.03100031],[-1.2634338e-13],1301,-25,[14.45540831]
[17.03100031],[-1.2634338e-13],1301,-25,[14.45540831]
[17.03100031],[-1.2634338e-13],1301,-25,[14.45540831]
[17.03100031],[-1.2634338e-13],1301,-25,[14.45540831]
[17.03100031],[-1.2634338e-13],1301,-25,[14.45540831]
[17.03100031],[-1.2634338e-13],1301,-25,[14.45540831]
[17.03100031],[-1.2634338e-13],1301,-25,[14.45540831]
[17.03100031],[-1.2634338e-13],1301,-25,[14.45540831]
[17.03100031],[-1.2634338e-13],1301,-25,[14.45540831]
[17.03100031],[-1.2634338e-13],1301,-25,[14.45540831]
[17.03100031],[-1.2634338e-13],1301,-25,[14.45540831]
[17.03100031],[-1.2634338e-13],1301,-25,[14.45540831]
[17.03100031],[-1.2634338e-13],1301,-25,[14.45540831]
[17.03100031],[-1.2634338e-13],1301,-25,[14.45540831]
[17.03100031],[-1.2634338e-13],1301,-25,[14.45540831]
[17.03100031],[-1.2634338e-13],1301,-25,[14.45540831]
[17.03100031],[-1.2634338e-13],1301,-25,[14.45540831]
[17.03100031],[-1.2634338e-13],1301,-25,[14.45540831]
[17.03100031],[-1.2634338e-13],1301,-25,[14.45540831]
[17.03100031],[-1.2634338e-13],1301,-25,[14.45540831]
[17.03100031],[-1.2634338e-13],1301,-25,[14.45540831]
[17.03100031],[-1.2634338e-13],1301,-25,[14.45540831]
[17.03100031],[-1.2634338e-13],1301,-25,[14.45540831]
[17.03100031],[-1.2634338e-13],1301,-25,[14.45540831]
[17.03100031],[-1.2634338e-13],1301,-25,[14.45540831]
[17.03100031],[-1.2634338e-13],1301,-25,[14.45540831]
[17.03100031],[-1.2634338e-13],1301,-25,[14.45540831]
[17.03100031],[-1.2634338e-13],1301,-25,[14.45540831]
[17.03100031],[-1.2634338e-13],1301,-25,[14.45540831]
[17.03100031],[-1.2634338e-13],1301,-25,[14.45540831]
[17.03100031],[-1.2634338e-13],1301,-25,[14.45540831]
[17.03100031],[-1.2634338e-13],1301,-25,[14.45540831]
[17.03100031],[-1.2634338e-13],1301,-25,[14.45540831]
[17.03100031],[-1.2634338e-13],1301,-25,[14.45540831]
[17.03100031],[-1.2634338e-13],1301,-25,[14.45540831]
[17.03100031],[-1.2634338e-13],1301,-25,[14.45540831]
[17.03100031],[-1.2634338e-13],1301,-25,[14.45540831]
[17.03100031],[-1.2634338e-13],1301,-25,[14.45540831]
[17.03100031],[-1.2634338e-13],1301,-25,[14.45540831]
[17.03100031],[-1.2634338e-13],1301,-25,[14.45540831]
[17.03100031],[-1.2634338e-13],1301,-25,[14.45540831]
[17.03100031],[-1.2634338e-13],1301,-25,[14.45540831]
[17.03100031],[-1.2634338e-13],1301,-25,[14.45540831]
[17.03100031],[-1.2634338e-13],1301,-25,[14.45540831]
[17.03100031],[-1.2634338e-13],1301,-25,[14.45540831]
[17.03100031],[-1.2634338e-13],1301,-25,[14.45540831]
[17.03100031],[-1.2634338e-13],1301,-25,[14.45540831]
[17.03100031],[-1.2634338e-13],1301,-25,[14.45540831]
[17.03100031],[-1.2634338e-13],1301,-25,[14.45540831]
[17.03100031],[-1.2634338e-13],1301,-25,[14.45540831]
[17.03100031],[-1.2634338e-13],1301,-25,[14.45540831]
[17.03100031],[-1.2634338e-13],1301,-25,[14.45540831]
[17.03100031],[-1.2634338e-13],1301,-25,[14.45540831]
[17.03100031],[-1.2634338e-13],1301,-25,[14.45540831]
[17.03100031],[-1.2634338e-13],1301,-25,[14.45540831]
[17.03100031],[-1.2634338e-13],1301,-25,[14.45540831]
[17.03100031],[-1.2634338e-13],1301,-25,[14.45540831]
[17.03100031],[-1.2634338e-13],1301,-25,[14.45540831]
[17.03100031],[-1.2634338e-13],1301,-25,[14.45540831]
[17.03100031],[-1.2634338e-13],1301,-25,[14.45540831]
[17.03100031],[-1.2634338e-13],1301,-25,[14.45540831]
[17.03100031],[-1.2634338e-13],1301,-25,[14.45540831]
[17.03100031],[-1.2634338e-13],1301,-25,[14.45540831]
[17.03100031],[-1.2634338e-13],1301,-25,[14.45540831]
[17.03100031],[-1.2634338e-13],1301,-25,[14.45540831]
[17.03100031],[-1.2634338e-13],1301,-25,[14.45540831]
[17.03100031],[-1.2634338e-13],1301,-25,[14.45540831]
[17.03100031],[-1.2634338e-13],1301,-25,[14.45540831]
[17.03100031],[-1.2634338e-13],1301,-25,[14.45540831]
[17.03100031],[-1.2634338e-13],1301,-25,[14.45540831]
[17.03100031],[-1.2634338e-13],1301,-25,[14.45540831]
[17.03100031],[-1.2634338e-13],1301,-25,[14.45540831]
[17.03100031],[-1.2634338e-13],1301,-25,[14.45540831]
[17.03100031],[-1.2634338e-13],1301,-25,[14.45540831]
[17.03100031],[-1.2634338e-13],1301,-25,[14.45540831]
[17.03100031],[-1.2634338e-13],1301,-25,[14.45540831]
[17.03100031],[-1.2634338e-13],1301,-25,[14.45540831]
[17.03100031],[-1.2634338e-13],1301,-25,[14.45540831]
[17.03100031],[-1.2634338e-13],1301,-25,[14.45540831]
[17.03100031],[-1.2634338e-13],1301,-25,[14.45540831]
[17.03100031],[-1.2634338e-13],1301,-25,[14.45540831]
[17.03100031],[-1.2634338e-13],1301,-25,[14.45540831]
[17.03100031],[-1.2634338e-13],1301,-25,[14.45540831]
[17.03100031],[-1.2634338e-13],1301,-25,[14.45540831]
[17.03100031],[-1.2634338e-13],1301,-25,[14.45540831]
[17.03100031],[-1.2634338e-13],1301,-25,[14.45540831]
[17.03100031],[-1.2634338e-13],1301,-25,[14.45540831]
[17.03100031],[-1.2634338e-13],1301,-25,[14.45540831]
[17.03100031],[-1.2634338e-13],1301,-25,[14.45540831]
[17.03100031],[-1.2634338e-13],1301,-25,[14.45540831]
[17.03100031],[-1.2634338e-13],1301,-25,[14.45540831]
[17.03100031],[-1.2634338e-13],1301,-25,[14.45540831]
[17.03100031],[-1.2634338e-13],1301,-25,[14.45540831]
[17.03100031],[-1.2634338e-13],1301,-25,[14.45540831]
[17.03100031],[-1.2634338e-13],1301,-25,[14.45540831]
[17.03100031],[-1.2634338e-13],1301,-25,[14.45540831]
[17.03100031],[-1.2634338e-13],1301,-25,[14.45540831]
[17.03100031],[-1.2634338e-13],1301,-25,[14.45540831]
[17.03100031],[-1.2634338e-13],1301,-25,[14.45540831]
[17.03100031],[-1.2634338e-13],1301,-25,[14.45540831]
[17.03100031],[-1.2634338e-13],1301,-25,[14.45540831]
[17.03100031],[-1.2634338e-13],1301,-25,[14.45540831]
[17.03100031],[-1.2634338e-13],1301,-25,[14.45540831]
[17.03100031],[-1.2634338e-13],1301,-25,[14.45540831]
[17.03100031],[-1.2634338e-13],1301,-25,[14.45540831]
[17.03100031],[-1.2634338e-13],1301,-25,[14.45540831]
[17.03100031],[-1.2634338e-13],1301,-25,[14.45540831]
[17.03100031],[-1.2634338e-13],1301,-25,[14.45540831]
[17.03100031],[-1.2634338e-13],1301,-25,[14.45540831]
[17.03100031],[-1.2634338e-13],1301,-25,[14.45540831]
[17.03100031],[-1.2634338e-13],1301,-25,[14.45540831]
[17.03100031],[-1.2634338e-13],1301,-25,[14.45540831]
[17.03100031],[-1.2634338e-13],1301,-25,[14.45540831]
[17.03100031],[-1.2634338e-13],1301,-25,[14.45540831]
[17.03100031],[-1.2634338e-13],1301,-25,[14.45540831]
[17.03100031],[-1.2634338e-13],1301,-25,[14.45540831]
[17.03100031],[-1.2634338e-13],1301,-25,[14.45540831]
[17.03100031],[-1.2634338e-13],1301,-25,[14.45540831]
[17.03100031],[-1.2634338e-13],1301,-25,[14.45540831]
[17.03100031],[-1.2634338e-13],1301,-25,[14.45540831]
[17.03100031],[-1.2634338e-13],1301,-25,[14.45540831]
[17.03100031],[-1.2634338e-13],1301,-25,[14.45540831]
[17.03100031],[-1.2634338e-13],1301,-25,[14.45540831]
[17.03100031],[-1.2634338e-13],1301,-25,[14.45540831]
[17.03100031],[-1.2634338e-13],1301,-25,[14.45540831]
[17.03100031],[-1.2634338e-13],1301,-25,[14.45540831]
[17.03100031],[-1.2634338e-13],1301,-25,[14.45540831]
[17.03100031],[-1.2634338e-13],1301,-25,[14.45540831]
[17.03100031],[-1.2634338e-13],1301,-25,[14.45540831]
[17.03100031],[-1.2634338e-13],1301,-25,[14.45540831]
[17.03100031],[-1.2634338e-13],1301,-25,[14.45540831]
[17.03100031],[-1.2634338e-13],1301,-25,[14.45540831]
[17.03100031],[-1.2634338e-13],1301,-25,[14.45540831]
[17.03100031],[-1.2634338e-13],1301,-25,[14.45540831]
[17.03100031],[-1.2634338e-13],1301,-25,[14.45540831]
[17.03100031],[-1.2634338e-13],1301,-25,[14.45540831]
[17.03100031],[-1.2634338e-13],1301,-25,[14.45540831]
[17.03100031],[-1.2634338e-13],1301,-25,[14.45540831]
[17.03100031],[-1.2634338e-13],1301,-25,[14.45540831]
[17.03100031],[-1.2634338e-13],1301,-25,[14.45540831]
[17.03100031],[-1.2634338e-13],1301,-25,[14.45540831]
[17.03100031],[-1.2634338e-13],1301,-25,[14.45540831]
[17.03100031],[-1.2634338e-13],1301,-25,[14.45540831]
[17.03100031],[-1.2634338e-13],1301,-25,[14.45540831]
[17.03100031],[-1.2634338e-13],1301,-25,[14.45540831]
[17.03100031],[-1.2634338e-13],1301,-25,[14.45540831]
[17.03100031],[-1.2634338e-13],1301,-25,[14.45540831]
[17.03100031],[-1.2634338e-13],1301,-25,[14.45540831]
[17.03100031],[-1.2634338e-13],1301,-25,[14.45540831]
[17.03100031],[-1.2634338e-13],1301,-25,[14.45540831]
[17.03100031],[-1.2634338e-13],1301,-25,[14.45540831]
[17.03100031],[-1.2634338e-13],1301,-25,[14.45540831]
[17.03100031],[-1.2634338e-13],1301,-25,[14.45540831]
[17.03100031],[-1.2634338e-13],1301,-25,[14.45540831]
[17.03100031],[-1.2634338e-13],1301,-25,[14.45540831]
[17.03100031],[-1.2634338e-13],1301,-25,[14.45540831]
[17.03100031],[-1.2634338e-13],1301,-25,[14.45540831]
[17.03100031],[-1.2634338e-13],1301,-25,[14.45540831]
[17.03100031],[-1.2634338e-13],1301,-25,[14.45540831]
[17.03100031],[-1.2634338e-13],1301,-25,[14.45540831]
[17.03100031],[-1.2634338e-13],1301,-25,[14.45540831]
[17.03100031],[-1.2634338e-13],1301,-25,[14.45540831]
[17.03100031],[-1.2634338e-13],1301,-25,[14.45540831]
[17.03100031],[-1.2634338e-13],1301,-25,[14.45540831]
[17.03100031],[-1.2634338e-13],1301,-25,[14.45540831]
[17.03100031],[-1.2634338e-13],1301,-25,[14.45540831]
[17.03100031],[-1.2634338e-13],1301,-25,[14.45540831]
[17.03100031],[-1.2634338e-13],1301,-25,[14.45540831]
[17.03100031],[-1.2634338e-13],1301,-25,[14.45540831]
[17.03100031],[-1.2634338e-13],1301,-25,[14.45540831]
[17.03100031],[-1.2634338e-13],1301,-25,[14.45540831]
[17.03100031],[-1.2634338e-13],1301,-25,[14.45540831]
[17.03100031],[-1.2634338e-13],1301,-25,[14.45540831]
[17.03100031],[-1.2634338e-13],1301,-25,[14.45540831]
[17.03100031],[-1.2634338e-13],1301,-25,[14.45540831]
[17.03100031],[-1.2634338e-13],1301,-25,[14.45540831]
[17.03100031],[-1.2634338e-13],1301,-25,[14.45540831]
[17.03100031],[-1.2634338e-13],1301,-25,[14.45540831]
[17.03100031],[-1.2634338e-13],1301,-25,[14.45540831]
[17.03100031],[-1.2634338e-13],1301,-25,[14.45540831]
[17.03100031],[-1.2634338e-13],1301,-25,[14.45540831]
[17.03100031],[-1.2634338e-13],1301,-25,[14.45540831]
[17.03100031],[-1.2634338e-13],1301,-25,[14.45540831]
[17.03100031],[-1.2634338e-13],1301,-25,[14.45540831]
[17.03100031],[-1.2634338e-13],1301,-25,[14.45540831]
[17.03100031],[-1.2634338e-13],1301,-25,[14.45540831]
[17.03100031],[-1.2634338e-13],1301,-25,[14.45540831]
[17.03100031],[-1.2634338e-13],1301,-25,[14.45540831]
[17.03100031],[-1.2634338e-13],1301,-25,[14.45540831]
[17.03100031],[-1.2634338e-13],1301,-25,[14.45540831]
[17.03100031],[-1.2634338e-13],1301,-25,[14.45540831]
[17.03100031],[-1.2634338e-13],1301,-25,[14.45540831]
[17.03100031],[-1.2634338e-13],1301,-25,[14.45540831]
[17.03100031],[-1.2634338e-13],1301,-25,[14.45540831]
[17.03100031],[-1.2634338e-13],1301,-25,[14.45540831]
[17.03100031],[-1.2634338e-13],1301,-25,[14.45540831]
[17.03100031],[-1.2634338e-13],1301,-25,[14.45540831]
[17.03100031],[-1.2634338e-13],1301,-25,[14.45540831]
[17.03100031],[-1.2634338e-13],1301,-25,[14.45540831]
[17.03100031],[-1.2634338e-13],1301,-25,[14.45540831]
[17.03100031],[-1.2634338e-13],1301,-25,[14.45540831]
[17.03100031],[-1.2634338e-13],1301,-25,[14.45540831]
[17.03100031],[-1.2634338e-13],1301,-25,[14.45540831]
[17.03100031],[-1.2634338e-13],1301,-25,[14.45540831]
[17.03100031],[-1.2634338e-13],1301,-25,[14.45540831]
[17.03100031],[-1.2634338e-13],1301,-25,[14.45540831]
[17.03100031],[-1.2634338e-13],1301,-25,[14.45540831]
[17.03100031],[-1.2634338e-13],1301,-25,[14.45540831]
[17.03100031],[-1.2634338e-13],1301,-25,[14.45540831]
[17.03100031],[-1.2634338e-13],1301,-25,[14.45540831]
[17.03100031],[-1.2634338e-13],1301,-25,[14.45540831]
[17.03100031],[-1.2634338e-13],1301,-25,[14.45540831]
[17.03100031],[-1.2634338e-13],1301,-25,[14.45540831]
[17.03100031],[-1.2634338e-13],1301,-25,[14.45540831]
[17.03100031],[-1.2634338e-13],1301,-25,[14.45540831]
[17.03100031],[-1.2634338e-13],1301,-25,[14.45540831]
[17.03100031],[-1.2634338e-13],1301,-25,[14.45540831]
[17.03100031],[-1.2634338e-13],1301,-25,[14.45540831]
[17.03100031],[-1.2634338e-13],1301,-25,[14.45540831]
[17.03100031],[-1.2634338e-13],1301,-25,[14.45540831]
[17.03100031],[-1.2634338e-13],1301,-25,[14.45540831]
[17.03100031],[-1.2634338e-13],1301,-25,[14.45540831]
[17.03100031],[-1.2634338e-13],1301,-25,[14.45540831]
[17.03100031],[-1.2634338e-13],1301,-25,[14.45540831]
[17.03100031],[-1.2634338e-13],1301,-25,[14.45540831]
[17.03100031],[-1.2634338e-13],1301,-25,[14.45540831]
[17.03100031],[-1.2634338e-13],1301,-25,[14.45540831]
[17.03100031],[-1.2634338e-13],1301,-25,[14.45540831]
[17.03100031],[-1.2634338e-13],1301,-25,[14.45540831]
[17.03100031],[-1.2634338e-13],1301,-25,[14.45540831]
[17.03100031],[-1.2634338e-13],1301,-25,[14.45540831]
[17.03100031],[-1.2634338e-13],1301,-25,[14.45540831]
[17.03100031],[-1.2634338e-13],1301,-25,[14.45540831]
[17.03100031],[-1.2634338e-13],1301,-25,[14.45540831]
[17.03100031],[-1.2634338e-13],1301,-25,[14.45540831]
[17.03100031],[-1.2634338e-13],1301,-25,[14.45540831]
[17.03100031],[-1.2634338e-13],1301,-25,[14.45540831]
[17.03100031],[-1.2634338e-13],1301,-25,[14.45540831]
[17.03100031],[-1.2634338e-13],1301,-25,[14.45540831]
[17.03100031],[-1.2634338e-13],1301,-25,[14.45540831]
[17.03100031],[-1.2634338e-13],1301,-25,[14.45540831]
[17.03100031],[-1.2634338e-13],1301,-25,[14.45540831]
[17.03100031],[-1.2634338e-13],1301,-25,[14.45540831]
[17.03100031],[-1.2634338e-13],1301,-25,[14.45540831]
[17.03100031],[-1.2634338e-13],1301,-25,[14.45540831]
[17.03100031],[-1.2634338e-13],1301,-25,[14.45540831]
[17.03100031],[-1.2634338e-13],1301,-25,[14.45540831]
[17.03100031],[-1.2634338e-13],1301,-25,[14.45540831]
[17.03100031],[-1.2634338e-13],1301,-25,[14.45540831]
[17.03100031],[-1.2634338e-13],1301,-25,[14.45540831]
[17.03100031],[-1.2634338e-13],1301,-25,[14.45540831]
[17.03100031],[-1.2634338e-13],1301,-25,[14.45540831]
[17.03100031],[-1.2634338e-13],1301,-25,[14.45540831]
[17.03100031],[-1.2634338e-13],1301,-25,[14.45540831]
[17.03100031],[-1.2634338e-13],1301,-25,[14.45540831]
[17.03100031],[-1.2634338e-13],1301,-25,[14.45540831]
[17.03100031],[-1.2634338e-13],1301,-25,[14.45540831]
[17.03100031],[-1.2634338e-13],1301,-25,[14.45540831]
[17.03100031],[-1.2634338e-13],1301,-25,[14.45540831]
[17.03100031],[-1.2634338e-13],1301,-25,[14.45540831]
[17.03100031],[-1.2634338e-13],1301,-25,[14.45540831]
[17.03100031],[-1.2634338e-13],1301,-25,[14.45540831]
[17.03100031],[-1.2634338e-13],1301,-25,[14.45540831]
[17.03100031],[-1.2634338e-13],1301,-25,[14.45540831]
[17.03100031],[-1.2634338e-13],1301,-25,[14.45540831]
[17.03100031],[-1.2634338e-13],1301,-25,[14.45540831]
[17.03100031],[-1.2634338e-13],1301,-25,[14.45540831]
[17.03100031],[-1.2634338e-13],1301,-25,[14.45540831]
[17.03100031],[-1.2634338e-13],1301,-25,[14.45540831]
[17.03100031],[-1.2634338e-13],1301,-25,[14.45540831]
[17.03100031],[-1.2634338e-13],1301,-25,[14.45540831]
[17.03100031],[-1.2634338e-13],1301,-25,[14.45540831]
[17.03100031],[-1.2634338e-13],1301,-25,[14.45540831]
[17.03100031],[-1.2634338e-13],1301,-25,[14.45540831]
[17.03100031],[-1.2634338e-13],1301,-25,[14.45540831]
[17.03100031],[-1.2634338e-13],1301,-25,[14.45540831]
[17.03100031],[-1.2634338e-13],1301,-25,[14.45540831]
[17.03100031],[-1.2634338e-13],1301,-25,[14.45540831]
[17.03100031],[-1.2634338e-13],1301,-25,[14.45540831]
[17.03100031],[-1.2634338e-13],1301,-25,[14.45540831]
[17.03100031],[-1.2634338e-13],1301,-25,[14.45540831]
[17.03100031],[-1.2634338e-13],1301,-25,[14.45540831]
[17.03100031],[-1.2634338e-13],1301,-25,[14.45540831]
[17.03100031],[-1.2634338e-13],1301,-25,[14.45540831]
[17.03100031],[-1.2634338e-13],1301,-25,[14.45540831]
[17.03100031],[-1.2634338e-13],1301,-25,[14.45540831]
[17.03100031],[-1.2634338e-13],1301,-25,[14.45540831]
[17.03100031],[-1.2634338e-13],1301,-25,[14.45540831]
[17.03100031],[-1.2634338e-13],1301,-25,[14.45540831]
[17.03100031],[-1.2634338e-13],1301,-25,[14.45540831]
[17.03100031],[-1.2634338e-13],1301,-25,[14.45540831]
[17.03100031],[-1.2634338e-13],1301,-25,[14.45540831]
[17.03100031],[-1.2634338e-13],1301,-25,[14.45540831]
[17.03100031],[-1.2634338e-13],1301,-25,[14.45540831]
[17.03100031],[-1.2634338e-13],1301,-25,[14.45540831]
[17.03100031],[-1.2634338e-13],1301,-25,[14.45540831]
[17.03100031],[-1.2634338e-13],1301,-25,[14.45540831]
[17.03100031],[-1.2634338e-13],1301,-25,[14.45540831]
[17.03100031],[-1.2634338e-13],1301,-25,[14.45540831]
[17.03100031],[-1.2634338e-13],1301,-25,[14.45540831]
[17.03100031],[-1.2634338e-13],1301,-25,[14.45540831]
[17.03100031],[-1.2634338e-13],1301,-25,[14.45540831]
[17.03100031],[-1.2634338e-13],1301,-25,[14.45540831]
[17.03100031],[-1.2634338e-13],1301,-25,[14.45540831]
[17.03100031],[-1.2634338e-13],1301,-25,[14.45540831]
[17.03100031],[-1.2634338e-13],1301,-25,[14.45540831]
[17.03100031],[-1.2634338e-13],1301,-25,[14.45540831]
[17.03100031],[-1.2634338e-13],1301,-25,[14.45540831]
[17.03100031],[-1.2634338e-13],1301,-25,[14.45540831]
[17.03100031],[-1.2634338e-13],1301,-25,[14.45540831]
[17.03100031],[-1.2634338e-13],1301,-25,[14.45540831]
[17.03100031],[-1.2634338e-13],1301,-25,[14.45540831]
[17.03100031],[-1.2634338e-13],1301,-25,[14.45540831]
[17.03100031],[-1.2634338e-13],1301,-25,[14.45540831]
[17.03100031],[-1.2634338e-13],1301,-25,[14.45540831]
[17.03100031],[-1.2634338e-13],1301,-25,[14.45540831]
[17.03100031],[-1.2634338e-13],1301,-25,[14.45540831]
[17.03100031],[-1.2634338e-13],1301,-25,[14.45540831]
[17.03100031],[-1.2634338e-13],1301,-25,[14.45540831]
[17.03100031],[-1.2634338e-13],1301,-25,[14.45540831]
[17.03100031],[-1.2634338e-13],1301,-25,[14.45540831]
[17.03100031],[-1.2634338e-13],1301,-25,[14.45540831]
[17.03100031],[-1.2634338e-13],1301,-25,[14.45540831]
[17.03100031],[-1.2634338e-13],1301,-25,[14.45540831]
[17.03100031],[-1.2634338e-13],1301,-25,[14.45540831]
[17.03100031],[-1.2634338e-13],1301,-25,[14.45540831]
[17.03100031],[-1.2634338e-13],1301,-25,[14.45540831]
[17.03100031],[-1.2634338e-13],1301,-25,[14.45540831]
[17.03100031],[-1.2634338e-13],1301,-25,[14.45540831]
[17.03100031],[-1.2634338e-13],1301,-25,[14.45540831]
[17.03100031],[-1.2634338e-13],1301,-25,[14.45540831]
[17.03100031],[-1.2634338e-13],1301,-25,[14.45540831]
[17.03100031],[-1.2634338e-13],1301,-25,[14.45540831]
[17.03100031],[-1.2634338e-13],1301,-25,[14.45540831]
[17.03100031],[-1.2634338e-13],1301,-25,[14.45540831]
[17.03100031],[-1.2634338e-13],1301,-25,[14.45540831]
[17.03100031],[-1.2634338e-13],1301,-25,[14.45540831]
[17.03100031],[-1.2634338e-13],1301,-25,[14.45540831]
[17.03100031],[-1.2634338e-13],1301,-25,[14.45540831]
[17.03100031],[-1.2634338e-13],1301,-25,[14.45540831]
[17.03100031],[-1.2634338e-13],1301,-25,[14.45540831]
[17.03100031],[-1.2634338e-13],1301,-25,[14.45540831]
[17.03100031],[-1.2634338e-13],1301,-25,[14.45540831]
[17.03100031],[-1.2634338e-13],1301,-25,[14.45540831]
[17.03100031],[-1.2634338e-13],1301,-25,[14.45540831]
[17.03100031],[-1.2634338e-13],1301,-25,[14.45540831]
[17.03100031],[-1.2634338e-13],1301,-25,[14.45540831]
[17.03100031],[-1.2634338e-13],1301,-25,[14.45540831]
[17.03100031],[-1.2634338e-13],1301,-25,[14.45540831]
[17.03100031],[-1.2634338e-13],1301,-25,[14.45540831]
[17.03100031],[-1.2634338e-13],1301,-25,[14.45540831]
[17.03100031],[-1.2634338e-13],1301,-25,[14.45540831]
[17.03100031],[-1.2634338e-13],1301,-25,[14.45540831]
[17.03100031],[-1.2634338e-13],1301,-25,[14.45540831]
[17.03100031],[-1.2634338e-13],1301,-25,[14.45540831]
[17.03100031],[-1.2634338e-13],1301,-25,[14.45540831]
[17.03100031],[-1.2634338e-13],1301,-25,[14.45540831]
[17.03100031],[-1.2634338e-13],1301,-25,[14.45540831]
[17.03100031],[-1.2634338e-13],1301,-25,[14.45540831]
[17.03100031],[-1.2634338e-13],1301,-25,[14.45540831]
[17.03100031],[-1.2634338e-13],1301,-25,[14.45540831]
[17.03100031],[-1.2634338e-13],1301,-25,[14.45540831]
[17.03100031],[-1.2634338e-13],1301,-25,[14.45540831]
[17.03100031],[-1.2634338e-13],1301,-25,[14.45540831]
[17.03100031],[-1.2634338e-13],1301,-25,[14.45540831]
[17.03100031],[-1.2634338e-13],1301,-25,[14.45540831]
[17.03100031],[-1.2634338e-13],1301,-25,[14.45540831]
[17.03100031],[-1.2634338e-13],1301,-25,[14.45540831]
[17.03100031],[-1.2634338e-13],1301,-25,[14.45540831]
[17.03100031],[-1.2634338e-13],1301,-25,[14.45540831]
[17.03100031],[-1.2634338e-13],1301,-25,[14.45540831]
[17.03100031],[-1.2634338e-13],1301,-25,[14.45540831]
[17.03100031],[-1.2634338e-13],1301,-25,[14.45540831]
[17.03100031],[-1.2634338e-13],1301,-25,[14.45540831]
[17.03100031],[-1.2634338e-13],1301,-25,[14.45540831]
[17.03100031],[-1.2634338e-13],1301,-25,[14.45540831]
[17.03100031],[-1.2634338e-13],1301,-25,[14.45540831]
[17.03100031],[-1.2634338e-13],1301,-25,[14.45540831]
[17.03100031],[-1.2634338e-13],1301,-25,[14.45540831]
[17.03100031],[-1.2634338e-13],1301,-25,[14.45540831]
[17.03100031],[-1.2634338e-13],1301,-25,[14.45540831]
[17.03100031],[-1.2634338e-13],1301,-25,[14.45540831]
[17.03100031],[-1.2634338e-13],1301,-25,[14.45540831]
[17.03100031],[-1.2634338e-13],1301,-25,[14.45540831]
[17.03100031],[-1.2634338e-13],1301,-25,[14.45540831]
[17.03100031],[-1.2634338e-13],1301,-25,[14.45540831]
[17.03100031],[-1.2634338e-13],1301,-25,[14.45540831]
[17.03100031],[-1.2634338e-13],1301,-25,[14.45540831]
[17.03100031],[-1.2634338e-13],1301,-25,[14.45540831]
[17.03100031],[-1.2634338e-13],1301,-25,[14.45540831]
[17.03100031],[-1.2634338e-13],1301,-25,[14.45540831]
[17.03100031],[-1.2634338e-13],1301,-25,[14.45540831]
[17.03100031],[-1.2634338e-13],1301,-25,[14.45540831]
[17.03100031],[-1.2634338e-13],1301,-25,[14.45540831]
[17.03100031],[-1.2634338e-13],1301,-25,[14.45540831]
[17.03100031],[-1.2634338e-13],1301,-25,[14.45540831]
[17.03100031],[-1.2634338e-13],1301,-25,[14.45540831]
[17.03100031],[-1.2634338e-13],1301,-25,[14.45540831]
[17.03100031],[-1.2634338e-13],1301,-25,[14.45540831]
[17.03100031],[-1.2634338e-13],1301,-25,[14.45540831]
[17.03100031],[-1.2634338e-13],1301,-25,[14.45540831]
[17.03100031],[-1.2634338e-13],1301,-25,[14.45540831]
[17.03100031],[-1.2634338e-13],1301,-25,[14.45540831]
[17.03100031],[-1.2634338e-13],1301,-25,[14.45540831]
[17.03100031],[-1.2634338e-13],1301,-25,[14.45540831]
[17.03100031],[-1.2634338e-13],1301,-25,[14.45540831]
[17.03100031],[-1.2634338e-13],1301,-25,[14.45540831]
[17.03100031],[-1.2634338e-13],1301,-25,[14.45540831]
[17.03100031],[-1.2634338e-13],1301,-25,[14.45540831]
[17.03100031],[-1.2634338e-13],1301,-25,[14.45540831]
[17.03100031],[-1.2634338e-13],1301,-25,[14.45540831]
[17.03100031],[-1.2634338e-13],1301,-25,[14.45540831]
[17.03100031],[-1.2634338e-13],1301,-25,[14.45540831]
[17.03100031],[-1.2634338e-13],1301,-25,[14.45540831]
[17.03100031],[-1.2634338e-13],1301,-25,[14.45540831]
[17.03100031],[-1.2634338e-13],1301,-25,[14.45540831]
[17.03100031],[-1.2634338e-13],1301,-25,[14.45540831]
[17.03100031],[-1.2634338e-13],1301,-25,[14.45540831]
[17.03100031],[-1.2634338e-13],1301,-25,[14.45540831]
[17.03100031],[-1.2634338e-13],1301,-25,[14.45540831]
[17.03100031],[-1.2634338e-13],1301,-25,[14.45540831]
[17.03100031],[-1.2634338e-13],1301,-25,[14.45540831]
[17.03100031],[-1.2634338e-13],1301,-25,[14.45540831]
[17.03100031],[-1.2634338e-13],1301,-25,[14.45540831]
[17.03100031],[-1.2634338e-13],1301,-25,[14.45540831]
[17.03100031],[-1.2634338e-13],1301,-25,[14.45540831]
[17.03100031],[-1.2634338e-13],1301,-25,[14.45540831]
[17.03100031],[-1.2634338e-13],1301,-25,[14.45540831]
[17.03100031],[-1.2634338e-13],1301,-25,[14.45540831]
[17.03100031],[-1.2634338e-13],1301,-25,[14.45540831]
[17.03100031],[-1.2634338e-13],1301,-25,[14.45540831]
[17.03100031],[-1.2634338e-13],1301,-25,[14.45540831]
[17.03100031],[-1.2634338e-13],1301,-25,[14.45540831]
[17.03100031],[-1.2634338e-13],1301,-25,[14.45540831]
[17.03100031],[-1.2634338e-13],1301,-25,[14.45540831]
[17.03100031],[-1.2634338e-13],1301,-25,[14.45540831]
[17.03100031],[-1.2634338e-13],1301,-25,[14.45540831]
[17.03100031],[-1.2634338e-13],1301,-25,[14.45540831]
[17.03100031],[-1.2634338e-13],1301,-25,[14.45540831]
[17.03100031],[-1.2634338e-13],1301,-25,[14.45540831]
[17.03100031],[-1.2634338e-13],1301,-25,[14.45540831]
[17.03100031],[-1.2634338e-13],1301,-25,[14.45540831]
[17.03100031],[-1.2634338e-13],1301,-25,[14.45540831]
[17.03100031],[-1.2634338e-13],1301,-25,[14.45540831]
[17.03100031],[-1.2634338e-13],1301,-25,[14.45540831]
[17.03100031],[-1.2634338e-13],1301,-25,[14.45540831]
[17.03100031],[-1.2634338e-13],1301,-25,[14.45540831]
[17.03100031],[-1.2634338e-13],1301,-25,[14.45540831]
[17.03100031],[-1.2634338e-13],1301,-25,[14.45540831]
[17.03100031],[-1.2634338e-13],1301,-25,[14.45540831]
[17.03100031],[-1.2634338e-13],1301,-25,[14.45540831]
[17.03100031],[-1.2634338e-13],1301,-25,[14.45540831]
[17.03100031],[-1.2634338e-13],1301,-25,[14.45540831]
[17.03100031],[-1.2634338e-13],1301,-25,[14.45540831]
[17.03100031],[-1.2634338e-13],1301,-25,[14.45540831]
[17.03100031],[-1.2634338e-13],1301,-25,[14.45540831]
[17.03100031],[-1.2634338e-13],1301,-25,[14.45540831]
[17.03100031],[-1.2634338e-13],1301,-25,[14.45540831]
[17.03100031],[-1.2634338e-13],1301,-25,[14.45540831]
[17.03100031],[-1.2634338e-13],1301,-25,[14.45540831]
[17.03100031],[-1.2634338e-13],1301,-25,[14.45540831]
[17.03100031],[-1.2634338e-13],1301,-25,[14.45540831]
[17.03100031],[-1.2634338e-13],1301,-25,[14.45540831]
[17.03100031],[-1.2634338e-13],1301,-25,[14.45540831]
[17.03100031],[-1.2634338e-13],1301,-25,[14.45540831]
[17.03100031],[-1.2634338e-13],1301,-25,[14.45540831]
[17.03100031],[-1.2634338e-13],1301,-25,[14.45540831]
[17.03100031],[-1.2634338e-13],1301,-25,[14.45540831]
[17.03100031],[-1.2634338e-13],1301,-25,[14.45540831]
[17.03100031],[-1.2634338e-13],1301,-25,[14.45540831]
[17.03100031],[-1.2634338e-13],1301,-25,[14.45540831]
[17.03100031],[-1.2634338e-13],1301,-25,[14.45540831]
[17.03100031],[-1.2634338e-13],1301,-25,[14.45540831]
[17.03100031],[-1.2634338e-13],1301,-25,[14.45540831]
[17.03100031],[-1.2634338e-13],1301,-25,[14.45540831]
[17.03100031],[-1.2634338e-13],1301,-25,[14.45540831]
[17.03100031],[-1.2634338e-13],1301,-25,[14.45540831]
[17.03100031],[-1.2634338e-13],1301,-25,[14.45540831]
[17.03100031],[-1.2634338e-13],1301,-25,[14.45540831]
[17.03100031],[-1.2634338e-13],1301,-25,[14.45540831]
[17.03100031],[-1.2634338e-13],1301,-25,[14.45540831]
[17.03100031],[-1.2634338e-13],1301,-25,[14.45540831]
[17.03100031],[-1.2634338e-13],1301,-25,[14.45540831]
[17.03100031],[-1.2634338e-13],1301,-25,[14.45540831]
[17.03100031],[-1.2634338e-13],1301,-25,[14.45540831]
[17.03100031],[-1.2634338e-13],1301,-25,[14.45540831]
[17.03100031],[-1.2634338e-13],1301,-25,[14.45540831]
[17.03100031],[-1.2634338e-13],1301,-25,[14.45540831]
[17.03100031],[-1.2634338e-13],1301,-25,[14.45540831]
[17.03100031],[-1.2634338e-13],1301,-25,[14.45540831]
[17.03100031],[-1.2634338e-13],1301,-25,[14.45540831]
[17.03100031],[-1.2634338e-13],1301,-25,[14.45540831]
[17.03100031],[-1.2634338e-13],1301,-25,[14.45540831]
[17.03100031],[-1.2634338e-13],1301,-25,[14.45540831]
[17.03100031],[-1.2634338e-13],1301,-25,[14.45540831]
[17.03100031],[-1.2634338e-13],1301,-25,[14.45540831]
[17.03100031],[-1.2634338e-13],1301,-25,[14.45540831]
[17.03100031],[-1.2634338e-13],1301,-25,[14.45540831]
[17.03100031],[-1.2634338e-13],1301,-25,[14.45540831]
[17.03100031],[-1.2634338e-13],1301,-25,[14.45540831]
[17.03100031],[-1.2634338e-13],1301,-25,[14.45540831]
[17.03100031],[-1.2634338e-13],1301,-25,[14.45540831]
[17.03100031],[-1.2634338e-13],1301,-25,[14.45540831]
[17.03100031],[-1.2634338e-13],1301,-25,[14.45540831]
[17.03100031],[-1.2634338e-13],1301,-25,[14.45540831]
[17.03100031],[-1.2634338e-13],1301,-25,[14.45540831]
[17.03100031],[-1.2634338e-13],1301,-25,[14.45540831]
[17.03100031],[-1.2634338e-13],1301,-25,[14.45540831]
[17.03100031],[-1.2634338e-13],1301,-25,[14.45540831]
[17.03100031],[-1.2634338e-13],1301,-25,[14.45540831]
[17.03100031],[-1.2634338e-13],1301,-25,[14.45540831]
[17.03100031],[-1.2634338e-13],1301,-25,[14.45540831]
[17.03100031],[-1.2634338e-13],1301,-25,[14.45540831]
[17.03100031],[-1.2634338e-13],1301,-25,[14.45540831]
[17.03100031],[-1.2634338e-13],1301,-25,[14.45540831]
[17.03100031],[-1.2634338e-13],1301,-25,[14.45540831]
[17.03100031],[-1.2634338e-13],1301,-25,[14.45540831]
[17.03100031],[-1.2634338e-13],1301,-25,[14.45540831]
[17.03100031],[-1.2634338e-13],1301,-25,[14.45540831]
[17.03100031],[-1.2634338e-13],1301,-25,[14.45540831]
[17.03100031],[-1.2634338e-13],1301,-25,[14.45540831]
[17.03100031],[-1.2634338e-13],1301,-25,[14.45540831]
[17.03100031],[-1.2634338e-13],1301,-25,[14.45540831]
[17.03100031],[-1.2634338e-13],1301,-25,[14.45540831]
[17.03100031],[-1.2634338e-13],1301,-25,[14.45540831]
[17.03100031],[-1.2634338e-13],1301,-25,[14.45540831]
[17.03100031],[-1.2634338e-13],1301,-25,[14.45540831]
[17.03100031],[-1.2634338e-13],1301,-25,[14.45540831]
[17.03100031],[-1.2634338e-13],1301,-25,[14.45540831]
[17.03100031],[-1.2634338e-13],1301,-25,[14.45540831]
[17.03100031],[-1.2634338e-13],1301,-25,[14.45540831]
[17.03100031],[-1.2634338e-13],1301,-25,[14.45540831]
[17.03100031],[-1.2634338e-13],1301,-25,[14.45540831]
[17.03100031],[-1.2634338e-13],1301,-25,[14.45540831]
[17.03100031],[-1.2634338e-13],1301,-25,[14.45540831]
[17.03100031],[-1.2634338e-13],1301,-25,[14.45540831]
[17.03100031],[-1.2634338e-13],1301,-25,[14.45540831]
[17.03100031],[-1.2634338e-13],1301,-25,[14.45540831]
[17.03100031],[-1.2634338e-13],1301,-25,[14.45540831]
[17.03100031],[-1.2634338e-13],1301,-25,[14.45540831]
[17.03100031],[-1.2634338e-13],1301,-25,[14.45540831]
[17.03100031],[-1.2634338e-13],1301,-25,[14.45540831]
[17.03100031],[-1.2634338e-13],1301,-25,[14.45540831]
[17.03100031],[-1.2634338e-13],1301,-25,[14.45540831]
[17.03100031],[-1.2634338e-13],1301,-25,[14.45540831]
[17.03100031],[-1.2634338e-13],1301,-25,[14.45540831]
[17.03100031],[-1.2634338e-13],1301,-25,[14.45540831]
[17.03100031],[-1.2634338e-13],1301,-25,[14.45540831]
[17.03100031],[-1.2634338e-13],1301,-25,[14.45540831]
[17.03100031],[-1.2634338e-13],1301,-25,[14.45540831]
[17.03100031],[-1.2634338e-13],1301,-25,[14.45540831]
[17.03100031],[-1.2634338e-13],1301,-25,[14.45540831]
[17.03100031],[-1.2634338e-13],1301,-25,[14.45540831]
[17.03100031],[-1.2634338e-13],1301,-25,[14.45540831]
[17.03100031],[-1.2634338e-13],1301,-25,[14.45540831]
[17.03100031],[-1.2634338e-13],1301,-25,[14.45540831]
[17.03100031],[-1.2634338e-13],1301,-25,[14.45540831]
[17.03100031],[-1.2634338e-13],1301,-25,[14.45540831]
[17.03100031],[-1.2634338e-13],1301,-25,[14.45540831]
[17.03100031],[-1.2634338e-13],1301,-25,[14.45540831]
[17.03100031],[-1.2634338e-13],1301,-25,[14.45540831]
[17.03100031],[-1.2634338e-13],1301,-25,[14.45540831]
[17.03100031],[-1.2634338e-13],1301,-25,[14.45540831]
[17.03100031],[-1.2634338e-13],1301,-25,[14.45540831]
[17.03100031],[-1.2634338e-13],1301,-25,[14.45540831]
[17.03100031],[-1.2634338e-13],1301,-25,[14.45540831]
[17.03100031],[-1.2634338e-13],1301,-25,[14.45540831]
[17.03100031],[-1.2634338e-13],1301,-25,[14.45540831]
[17.03100031],[-1.2634338e-13],1301,-25,[14.45540831]
[17.03100031],[-1.2634338e-13],1301,-25,[14.45540831]
[17.03100031],[-1.2634338e-13],1301,-25,[14.45540831]
[17.03100031],[-1.2634338e-13],1301,-25,[14.45540831]
[17.03100031],[-1.2634338e-13],1301,-25,[14.45540831]
[17.03100031],[-1.2634338e-13],1301,-25,[14.45540831]
[17.03100031],[-1.2634338e-13],1301,-25,[14.45540831]
[17.03100031],[-1.2634338e-13],1301,-25,[14.45540831]
[17.03100031],[-1.2634338e-13],1301,-25,[14.45540831]
[17.03100031],[-1.2634338e-13],1301,-25,[14.45540831]
[17.03100031],[-1.2634338e-13],1301,-25,[14.45540831]
[17.03100031],[-1.2634338e-13],1301,-25,[14.45540831]
[17.03100031],[-1.2634338e-13],1301,-25,[14.45540831]
[17.03100031],[-1.2634338e-13],1301,-25,[14.45540831]
[17.03100031],[-1.2634338e-13],1301,-25,[14.45540831]
[17.03100031],[-1.2634338e-13],1301,-25,[14.45540831]
[17.03100031],[-1.2634338e-13],1301,-25,[14.45540831]
[17.03100031],[-1.2634338e-13],1301,-25,[14.45540831]
[17.03100031],[-1.2634338e-13],1301,-25,[14.45540831]
[17.03100031],[-1.2634338e-13],1301,-25,[14.45540831]
[17.03100031],[-1.2634338e-13],1301,-25,[14.45540831]
[17.03100031],[-1.2634338e-13],1301,-25,[14.45540831]
[17.03100031],[-1.2634338e-13],1301,-25,[14.45540831]
[17.03100031],[-1.2634338e-13],1301,-25,[14.45540831]
[17.03100031],[-1.2634338e-13],1301,-25,[14.45540831]
[17.03100031],[-1.2634338e-13],1301,-25,[14.45540831]
[17.03100031],[-1.2634338e-13],1301,-25,[14.45540831]
[17.03100031],[-1.2634338e-13],1301,-25,[14.45540831]
[17.03100031],[-1.2634338e-13],1301,-25,[14.45540831]
[17.03100031],[-1.2634338e-13],1301,-25,[14.45540831]
[17.03100031],[-1.2634338e-13],1301,-25,[14.45540831]
[17.03100031],[-1.2634338e-13],1301,-25,[14.45540831]
[17.03100031],[-1.2634338e-13],1301,-25,[14.45540831]
[17.03100031],[-1.2634338e-13],1301,-25,[14.45540831]
[17.03100031],[-1.2634338e-13],1301,-25,[14.45540831]
[17.03100031],[-1.2634338e-13],1301,-25,[14.45540831]
[17.03100031],[-1.2634338e-13],1301,-25,[14.45540831]
[17.03100031],[-1.2634338e-13],1301,-25,[14.45540831]
[17.03100031],[-1.2634338e-13],1301,-25,[14.45540831]
[17.03100031],[-1.2634338e-13],1301,-25,[14.45540831]
[17.03100031],[-1.2634338e-13],1301,-25,[14.45540831]
[17.03100031],[-1.2634338e-13],1301,-25,[14.45540831]
[17.03100031],[-1.2634338e-13],1301,-25,[14.45540831]
[17.03100031],[-1.2634338e-13],1301,-25,[14.45540831]
[17.03100031],[-1.2634338e-13],1301,-25,[14.45540831]
[17.03100031],[-1.2634338e-13],1301,-25,[14.45540831]
[17.03100031],[-1.2634338e-13],1301,-25,[14.45540831]
[17.03100031],[-1.2634338e-13],1301,-25,[14.45540831]
[17.03100031],[-1.2634338e-13],1301,-25,[14.45540831]
[17.03100031],[-1.2634338e-13],1301,-25,[14.45540831]
[17.03100031],[-1.2634338e-13],1301,-25,[14.45540831]
[17.03100031],[-1.2634338e-13],1301,-25,[14.45540831]
[17.03100031],[-1.2634338e-13],1301,-25,[14.45540831]
[17.03100031],[-1.2634338e-13],1301,-25,[14.45540831]
[17.03100031],[-1.2634338e-13],1301,-25,[14.45540831]
[17.03100031],[-1.2634338e-13],1301,-25,[14.45540831]
[17.03100031],[-1.2634338e-13],1301,-25,[14.45540831]
[17.03100031],[-1.2634338e-13],1301,-25,[14.45540831]
[17.03100031],[-1.2634338e-13],1301,-25,[14.45540831]
[17.03100031],[-1.2634338e-13],1301,-25,[14.45540831]
[17.03100031],[-1.2634338e-13],1301,-25,[14.45540831]
[17.03100031],[-1.2634338e-13],1301,-25,[14.45540831]
[17.03100031],[-1.2634338e-13],1301,-25,[14.45540831]
[17.03100031],[-1.2634338e-13],1301,-25,[14.45540831]
[17.03100031],[-1.2634338e-13],1301,-25,[14.45540831]
[17.03100031],[-1.2634338e-13],1301,-25,[14.45540831]
[17.03100031],[-1.2634338e-13],1301,-25,[14.45540831]
[17.03100031],[-1.2634338e-13],1301,-25,[14.45540831]
[17.03100031],[-1.2634338e-13],1301,-25,[14.45540831]
[17.03100031],[-1.2634338e-13],1301,-25,[14.45540831]
[17.03100031],[-1.2634338e-13],1301,-25,[14.45540831]
[17.03100031],[-1.2634338e-13],1301,-25,[14.45540831]
[17.03100031],[-1.2634338e-13],1301,-25,[14.45540831]
[17.03100031],[-1.2634338e-13],1301,-25,[14.45540831]
[17.03100031],[-1.2634338e-13],1301,-25,[14.45540831]
[17.03100031],[-1.2634338e-13],1301,-25,[14.45540831]
[17.03100031],[-1.2634338e-13],1301,-25,[14.45540831]
[17.03100031],[-1.2634338e-13],1301,-25,[14.45540831]
[17.03100031],[-1.2634338e-13],1301,-25,[14.45540831]
[17.03100031],[-1.2634338e-13],1301,-25,[14.45540831]
[17.03100031],[-1.2634338e-13],1301,-25,[14.45540831]
[17.03100031],[-1.2634338e-13],1301,-25,[14.45540831]
[17.03100031],[-1.2634338e-13],1301,-25,[14.45540831]
[17.03100031],[-1.2634338e-13],1301,-25,[14.45540831]
[17.03100031],[-1.2634338e-13],1301,-25,[14.45540831]
[17.03100031],[-1.2634338e-13],1301,-25,[14.45540831]
[17.03100031],[-1.2634338e-13],1301,-25,[14.45540831]
[17.03100031],[-1.2634338e-13],1301,-25,[14.45540831]
[17.03100031],[-1.2634338e-13],1301,-25,[14.45540831]
[17.03100031],[-1.2634338e-13],1301,-25,[14.45540831]
[17.03100031],[-1.2634338e-13],1301,-25,[14.45540831]
[17.03100031],[-1.2634338e-13],1301,-25,[14.45540831]
[17.03100031],[-1.2634338e-13],1301,-25,[14.45540831]
[17.03100031],[-1.2634338e-13],1301,-25,[14.45540831]
[17.03100031],[-1.2634338e-13],1301,-25,[14.45540831]
[17.03100031],[-1.2634338e-13],1301,-25,[14.45540831]
[17.03100031],[-1.2634338e-13],1301,-25,[14.45540831]
[17.03100031],[-1.2634338e-13],1301,-25,[14.45540831]
[17.03100031],[-1.2634338e-13],1301,-25,[14.45540831]
[17.03100031],[-1.2634338e-13],1301,-25,[14.45540831]
[17.03100031],[-1.2634338e-13],1301,-25,[14.45540831]
[17.03100031],[-1.2634338e-13],1301,-25,[14.45540831]
[17.03100031],[-1.2634338e-13],1301,-25,[14.45540831]
[17.03100031],[-1.2634338e-13],1301,-25,[14.45540831]
[17.03100031],[-1.2634338e-13],1301,-25,[14.45540831]
[17.03100031],[-1.2634338e-13],1301,-25,[14.45540831]
[17.03100031],[-1.2634338e-13],1301,-25,[14.45540831]
[17.03100031],[-1.2634338e-13],1301,-25,[14.45540831]
[17.03100031],[-1.2634338e-13],1301,-25,[14.45540831]
[17.03100031],[-1.2634338e-13],1301,-25,[14.45540831]
[17.03100031],[-1.2634338e-13],1301,-25,[14.45540831]
[17.03100031],[-1.2634338e-13],1301,-25,[14.45540831]
[17.03100031],[-1.2634338e-13],1301,-25,[14.45540831]
[17.03100031],[-1.2634338e-13],1301,-25,[14.45540831]
[17.03100031],[-1.2634338e-13],1301,-25,[14.45540831]
[17.03100031],[-1.2634338e-13],1301,-25,[14.45540831]
[17.03100031],[-1.2634338e-13],1301,-25,[14.45540831]
[17.03100031],[-1.2634338e-13],1301,-25,[14.45540831]
[17.03100031],[-1.2634338e-13],1301,-25,[14.45540831]
[17.03100031],[-1.2634338e-13],1301,-25,[14.45540831]
[17.03100031],[-1.2634338e-13],1301,-25,[14.45540831]
[17.03100031],[-1.2634338e-13],1301,-25,[14.45540831]
[17.03100031],[-1.2634338e-13],1301,-25,[14.45540831]
[17.03100031],[-1.2634338e-13],1301,-25,[14.45540831]
[17.03100031],[-1.2634338e-13],1301,-25,[14.45540831]
[17.03100031],[-1.2634338e-13],1301,-25,[14.45540831]
[17.03100031],[-1.2634338e-13],1301,-25,[14.45540831]
[17.03100031],[-1.2634338e-13],1301,-25,[14.45540831]
[17.03100031],[-1.2634338e-13],1301,-25,[14.45540831]
[17.03100031],[-1.2634338e-13],1301,-25,[14.45540831]
[17.03100031],[-1.2634338e-13],1301,-25,[14.45540831]
[17.03100031],[-1.2634338e-13],1301,-25,[14.45540831]
[17.03100031],[-1.2634338e-13],1301,-25,[14.45540831]
[17.03100031],[-1.2634338e-13],1301,-25,[14.45540831]
[17.03100031],[-1.2634338e-13],1301,-25,[14.45540831]
[17.03100031],[-1.2634338e-13],1301,-25,[14.45540831]
[17.03100031],[-1.2634338e-13],1301,-25,[14.45540831]
[17.03100031],[-1.2634338e-13],1301,-25,[14.45540831]
[17.03100031],[-1.2634338e-13],1301,-25,[14.45540831]
[17.03100031],[-1.2634338e-13],1301,-25,[14.45540831]
[17.03100031],[-1.2634338e-13],1301,-25,[14.45540831]
[17.03100031],[-1.2634338e-13],1301,-25,[14.45540831]
[17.03100031],[-1.2634338e-13],1301,-25,[14.45540831]
[17.03100031],[-1.2634338e-13],1301,-25,[14.45540831]
[17.03100031],[-1.2634338e-13],1301,-25,[14.45540831]
[17.03100031],[-1.2634338e-13],1301,-25,[14.45540831]
[17.03100031],[-1.2634338e-13],1301,-25,[14.45540831]
[17.03100031],[-1.2634338e-13],1301,-25,[14.45540831]
[17.03100031],[-1.2634338e-13],1301,-25,[14.45540831]
[17.03100031],[-1.2634338e-13],1301,-25,[14.45540831]
[17.03100031],[-1.2634338e-13],1301,-25,[14.45540831]
[17.03100031],[-1.2634338e-13],1301,-25,[14.45540831]
[17.03100031],[-1.2634338e-13],1301,-25,[14.45540831]
[17.03100031],[-1.2634338e-13],1301,-25,[14.45540831]
[17.03100031],[-1.2634338e-13],1301,-25,[14.45540831]
[17.03100031],[-1.2634338e-13],1301,-25,[14.45540831]
[17.03100031],[-1.2634338e-13],1301,-25,[14.45540831]
[17.03100031],[-1.2634338e-13],1301,-25,[14.45540831]
[17.03100031],[-1.2634338e-13],1301,-25,[14.45540831]
[17.03100031],[-1.2634338e-13],1301,-25,[14.45540831]
[17.03100031],[-1.2634338e-13],1301,-25,[14.45540831]
[17.03100031],[-1.2634338e-13],1301,-25,[14.45540831]
[17.03100031],[-1.2634338e-13],1301,-25,[14.45540831]
[17.03100031],[-1.2634338e-13],1301,-25,[14.45540831]
[17.03100031],[-1.2634338e-13],1301,-25,[14.45540831]
[17.03100031],[-1.2634338e-13],1301,-25,[14.45540831]
[17.03100031],[-1.2634338e-13],1301,-25,[14.45540831]
[17.03100031],[-1.2634338e-13],1301,-25,[14.45540831]
[17.03100031],[-1.2634338e-13],1301,-25,[14.45540831]
[17.03100031],[-1.2634338e-13],1301,-25,[14.45540831]
[17.03100031],[-1.2634338e-13],1301,-25,[14.45540831]
[17.03100031],[-1.2634338e-13],1301,-25,[14.45540831]
[17.03100031],[-1.2634338e-13],1301,-25,[14.45540831]
[17.03100031],[-1.2634338e-13],1301,-25,[14.45540831]
[17.03100031],[-1.2634338e-13],1301,-25,[14.45540831]
[17.03100031],[-1.2634338e-13],1301,-25,[14.45540831]
[17.03100031],[-1.2634338e-13],1301,-25,[14.45540831]
[17.03100031],[-1.2634338e-13],1301,-25,[14.45540831]
[17.03100031],[-1.2634338e-13],1301,-25,[14.45540831]
[17.03100031],[-1.2634338e-13],1301,-25,[14.45540831]
[17.03100031],[-1.2634338e-13],1301,-25,[14.45540831]
[17.03100031],[-1.2634338e-13],1301,-25,[14.45540831]
[17.03100031],[-1.2634338e-13],1301,-25,[14.45540831]
[17.03100031],[-1.2634338e-13],1301,-25,[14.45540831]
[17.03100031],[-1.2634338e-13],1301,-25,[14.45540831]
[17.03100031],[-1.2634338e-13],1301,-25,[14.45540831]
[17.03100031],[-1.2634338e-13],1301,-25,[14.45540831]
[17.03100031],[-1.2634338e-13],1301,-25,[14.45540831]
[17.03100031],[-1.2634338e-13],1301,-25,[14.45540831]
[17.03100031],[-1.2634338e-13],1301,-25,[14.45540831]
[17.03100031],[-1.2634338e-13],1301,-25,[14.45540831]
[17.03100031],[-1.2634338e-13],1301,-25,[14.45540831]
[17.03100031],[-1.2634338e-13],1301,-25,[14.45540831]
[17.03100031],[-1.2634338e-13],1301,-25,[14.45540831]
[17.03100031],[-1.2634338e-13],1301,-25,[14.45540831]
[17.03100031],[-1.2634338e-13],1301,-25,[14.45540831]
[17.03100031],[-1.2634338e-13],1301,-25,[14.45540831]
[17.03100031],[-1.2634338e-13],1301,-25,[14.45540831]
[17.03100031],[-1.2634338e-13],1301,-25,[14.45540831]
[17.03100031],[-1.2634338e-13],1301,-25,[14.45540831]
[17.03100031],[-1.2634338e-13],1301,-25,[14.45540831]
[17.03100031],[-1.2634338e-13],1301,-25,[14.45540831]
[17.03100031],[-1.2634338e-13],1301,-25,[14.45540831]
[17.03100031],[-1.2634338e-13],1301,-25,[14.45540831]
[17.03100031],[-1.2634338e-13],1301,-25,[14.45540831]
[17.03100031],[-1.2634338e-13],1301,-25,[14.45540831]
[17.03100031],[-1.2634338e-13],1301,-25,[14.45540831]
[17.03100031],[-1.2634338e-13],1301,-25,[14.45540831]
[17.03100031],[-1.2634338e-13],1301,-25,[14.45540831]
[17.03100031],[-1.2634338e-13],1301,-25,[14.45540831]
[17.03100031],[-1.2634338e-13],1301,-25,[14.45540831]
[17.03100031],[-1.2634338e-13],1301,-25,[14.45540831]
[17.03100031],[-1.2634338e-13],1301,-25,[14.45540831]
[17.03100031],[-1.2634338e-13],1301,-25,[14.45540831]
[17.03100031],[-1.2634338e-13],1301,-25,[14.45540831]
[17.03100031],[-1.2634338e-13],1301,-25,[14.45540831]
[17.03100031],[-1.2634338e-13],1301,-25,[14.45540831]
[17.03100031],[-1.2634338e-13],1301,-25,[14.45540831]
[17.03100031],[-1.2634338e-13],1301,-25,[14.45540831]
[17.03100031],[-1.2634338e-13],1301,-25,[14.45540831]
[17.03100031],[-1.2634338e-13],1301,-25,[14.45540831]
[17.03100031],[-1.2634338e-13],1301,-25,[14.45540831]
[17.03100031],[-1.2634338e-13],1301,-25,[14.45540831]
[17.03100031],[-1.2634338e-13],1301,-25,[14.45540831]
[17.03100031],[-1.2634338e-13],1301,-25,[14.45540831]
[17.03100031],[-1.2634338e-13],1301,-25,[14.45540831]
[17.03100031],[-1.2634338e-13],1301,-25,[14.45540831]
[17.03100031],[-1.2634338e-13],1301,-25,[14.45540831]
[17.03100031],[-1.2634338e-13],1301,-25,[14.45540831]
[17.03100031],[-1.2634338e-13],1301,-25,[14.45540831]
[17.03100031],[-1.2634338e-13],1301,-25,[14.45540831]
[17.03100031],[-1.2634338e-13],1301,-25,[14.45540831]
[17.03100031],[-1.2634338e-13],1301,-25,[14.45540831]
[17.03100031],[-1.2634338e-13],1301,-25,[14.45540831]
[17.03100031],[-1.2634338e-13],1301,-25,[14.45540831]
[17.03100031],[-1.2634338e-13],1301,-25,[14.45540831]
[17.03100031],[-1.2634338e-13],1301,-25,[14.45540831]
[17.03100031],[-1.2634338e-13],1301,-25,[14.45540831]
[17.03100031],[-1.2634338e-13],1301,-25,[14.45540831]
[17.03100031],[-1.2634338e-13],1301,-25,[14.45540831]
[17.03100031],[-1.2634338e-13],1301,-25,[14.45540831]
[17.03100031],[-1.2634338e-13],1301,-25,[14.45540831]
[17.03100031],[-1.2634338e-13],1301,-25,[14.45540831]
[17.03100031],[-1.2634338e-13],1301,-25,[14.45540831]
[17.03100031],[-1.2634338e-13],1301,-25,[14.45540831]
[17.03100031],[-1.2634338e-13],1301,-25,[14.45540831]
[17.03100031],[-1.2634338e-13],1301,-25,[14.45540831]
[17.03100031],[-1.2634338e-13],1301,-25,[14.45540831]
[17.03100031],[-1.2634338e-13],1301,-25,[14.45540831]
[17.03100031],[-1.2634338e-13],1301,-25,[14.45540831]
[17.03100031],[-1.2634338e-13],1301,-25,[14.45540831]
[17.03100031],[-1.2634338e-13],1301,-25,[14.45540831]
[17.03100031],[-1.2634338e-13],1301,-25,[14.45540831]
[17.03100031],[-1.2634338e-13],1301,-25,[14.45540831]
[17.03100031],[-1.2634338e-13],1301,-25,[14.45540831]
[17.03100031],[-1.2634338e-13],1301,-25,[14.45540831]
[17.03100031],[-1.2634338e-13],1301,-25,[14.45540831]
[17.03100031],[-1.2634338e-13],1301,-25,[14.45540831]
[17.03100031],[-1.2634338e-13],1301,-25,[14.45540831]
[17.03100031],[-1.2634338e-13],1301,-25,[14.45540831]
[17.03100031],[-1.2634338e-13],1301,-25,[14.45540831]
[17.03100031],[-1.2634338e-13],1301,-25,[14.45540831]
[17.03100031],[-1.2634338e-13],1301,-25,[14.45540831]
[17.03100031],[-1.2634338e-13],1301,-25,[14.45540831]
[17.03100031],[-1.2634338e-13],1301,-25,[14.45540831]
[17.03100031],[-1.2634338e-13],1301,-25,[14.45540831]
[17.03100031],[-1.2634338e-13],1301,-25,[14.45540831]
[17.03100031],[-1.2634338e-13],1301,-25,[14.45540831]
[17.03100031],[-1.2634338e-13],1301,-25,[14.45540831]
[17.03100031],[-1.2634338e-13],1301,-25,[14.45540831]
[17.03100031],[-1.2634338e-13],1301,-25,[14.45540831]
[17.03100031],[-1.2634338e-13],1301,-25,[14.45540831]
[17.03100031],[-1.2634338e-13],1301,-25,[14.45540831]
[17.03100031],[-1.2634338e-13],1301,-25,[14.45540831]
[17.03100031],[-1.2634338e-13],1301,-25,[14.45540831]
[17.03100031],[-1.2634338e-13],1301,-25,[14.45540831]
[17.03100031],[-1.2634338e-13],1301,-25,[14.45540831]
[17.03100031],[-1.2634338e-13],1301,-25,[14.45540831]
[17.03100031],[-1.2634338e-13],1301,-25,[14.45540831]
[17.03100031],[-1.2634338e-13],1301,-25,[14.45540831]
[17.03100031],[-1.2634338e-13],1301,-25,[14.45540831]
[17.03100031],[-1.2634338e-13],1301,-25,[14.45540831]
[17.03100031],[-1.2634338e-13],1301,-25,[14.45540831]
[17.03100031],[-1.2634338e-13],1301,-25,[14.45540831]
[17.03100031],[-1.2634338e-13],1301,-25,[14.45540831]
[17.03100031],[-1.2634338e-13],1301,-25,[14.45540831]
[17.03100031],[-1.2634338e-13],1301,-25,[14.45540831]
[17.03100031],[-1.2634338e-13],1301,-25,[14.45540831]
[17.03100031],[-1.2634338e-13],1301,-25,[14.45540831]
[17.03100031],[-1.2634338e-13],1301,-25,[14.45540831]
[17.03100031],[-1.2634338e-13],1301,-25,[14.45540831]
[17.03100031],[-1.2634338e-13],1301,-25,[14.45540831]
[17.03100031],[-1.2634338e-13],1301,-25,[14.45540831]
[17.03100031],[-1.2634338e-13],1301,-25,[14.45540831]
[17.03100031],[-1.2634338e-13],1301,-25,[14.45540831]
[17.03100031],[-1.2634338e-13],1301,-25,[14.45540831]
[17.03100031],[-1.2634338e-13],1301,-25,[14.45540831]
[17.03100031],[-1.2634338e-13],1301,-25,[14.45540831]
[17.03100031],[-1.2634338e-13],1301,-25,[14.45540831]
[17.03100031],[-1.2634338e-13],1301,-25,[14.45540831]
[17.03100031],[-1.2634338e-13],1301,-25,[14.45540831]
[17.03100031],[-1.2634338e-13],1301,-25,[14.45540831]
[17.03100031],[-1.2634338e-13],1301,-25,[14.45540831]
[17.03100031],[-1.2634338e-13],1301,-25,[14.45540831]
[17.03100031],[-1.2634338e-13],1301,-25,[14.45540831]
[17.03100031],[-1.2634338e-13],1301,-25,[14.45540831]
[17.03100031],[-1.2634338e-13],1301,-25,[14.45540831]
[17.03100031],[-1.2634338e-13],1301,-25,[14.45540831]
[17.03100031],[-1.2634338e-13],1301,-25,[14.45540831]
[17.03100031],[-1.2634338e-13],1301,-25,[14.45540831]
[17.03100031],[-1.2634338e-13],1301,-25,[14.45540831]
[17.03100031],[-1.2634338e-13],1301,-25,[14.45540831]
[17.03100031],[-1.2634338e-13],1301,-25,[14.45540831]
[17.03100031],[-1.2634338e-13],1301,-25,[14.45540831]
[17.03100031],[-1.2634338e-13],1301,-25,[14.45540831]
[17.03100031],[-1.2634338e-13],1301,-25,[14.45540831]
[17.03100031],[-1.2634338e-13],1301,-25,[14.45540831]
[17.03100031],[-1.2634338e-13],1301,-25,[14.45540831]
[17.03100031],[-1.2634338e-13],1301,-25,[14.45540831]
[17.03100031],[-1.2634338e-13],1301,-25,[14.45540831]
[17.03100031],[-1.2634338e-13],1301,-25,[14.45540831]
[17.03100031],[-1.2634338e-13],1301,-25,[14.45540831]
[17.03100031],[-1.2634338e-13],1301,-25,[14.45540831]
[17.03100031],[-1.2634338e-13],1301,-25,[14.45540831]
[17.03100031],[-1.2634338e-13],1301,-25,[14.45540831]
[17.03100031],[-1.2634338e-13],1301,-25,[14.45540831]
[17.03100031],[-1.2634338e-13],1301,-25,[14.45540831]
[17.03100031],[-1.2634338e-13],1301,-25,[14.45540831]
[17.03100031],[-1.2634338e-13],1301,-25,[14.45540831]
[17.03100031],[-1.2634338e-13],1301,-25,[14.45540831]
[17.03100031],[-1.2634338e-13],1301,-25,[14.45540831]
[17.03100031],[-1.2634338e-13],1301,-25,[14.45540831]
[17.03100031],[-1.2634338e-13],1301,-25,[14.45540831]
[17.03100031],[-1.2634338e-13],1301,-25,[14.45540831]
[17.03100031],[-1.2634338e-13],1301,-25,[14.45540831]
[17.03100031],[-1.2634338e-13],1301,-25,[14.45540831]
[17.03100031],[-1.2634338e-13],1301,-25,[14.45540831]
[17.03100031],[-1.2634338e-13],1301,-25,[14.45540831]
[17.03100031],[-1.2634338e-13],1301,-25,[14.45540831]
[17.03100031],[-1.2634338e-13],1301,-25,[14.45540831]
[17.03100031],[-1.2634338e-13],1301,-25,[14.45540831]
[17.03100031],[-1.2634338e-13],1301,-25,[14.45540831]
[17.03100031],[-1.2634338e-13],1301,-25,[14.45540831]
[17.03100031],[-1.2634338e-13],1301,-25,[14.45540831]
[17.03100031],[-1.2634338e-13],1301,-25,[14.45540831]
[17.03100031],[-1.2634338e-13],1301,-25,[14.45540831]
[17.03100031],[-1.2634338e-13],1301,-25,[14.45540831]
[17.03100031],[-1.2634338e-13],1301,-25,[14.45540831]
[17.03100031],[-1.2634338e-13],1301,-25,[14.45540831]
[17.03100031],[-1.2634338e-13],1301,-25,[14.45540831]
[17.03100031],[-1.2634338e-13],1301,-25,[14.45540831]
[17.03100031],[-1.2634338e-13],1301,-25,[14.45540831]
[17.03100031],[-1.2634338e-13],1301,-25,[14.45540831]
[17.03100031],[-1.2634338e-13],1301,-25,[14.45540831]
[17.03100031],[-1.2634338e-13],1301,-25,[14.45540831]
[17.03100031],[-1.2634338e-13],1301,-25,[14.45540831]
[17.03100031],[-1.2634338e-13],1301,-25,[14.45540831]
[17.03100031],[-1.2634338e-13],1301,-25,[14.45540831]
[17.03100031],[-1.2634338e-13],1301,-25,[14.45540831]
[17.03100031],[-1.2634338e-13],1301,-25,[14.45540831]
[17.03100031],[-1.2634338e-13],1301,-25,[14.45540831]
[17.03100031],[-1.2634338e-13],1301,-25,[14.45540831]
[17.03100031],[-1.2634338e-13],1301,-25,[14.45540831]
[17.03100031],[-1.2634338e-13],1301,-25,[14.45540831]
[17.03100031],[-1.2634338e-13],1301,-25,[14.45540831]
[17.03100031],[-1.2634338e-13],1301,-25,[14.45540831]
[17.03100031],[-1.2634338e-13],1301,-25,[14.45540831]
[17.03100031],[-1.2634338e-13],1301,-25,[14.45540831]
[17.03100031],[-1.2634338e-13],1301,-25,[14.45540831]
[17.03100031],[-1.2634338e-13],1301,-25,[14.45540831]
[17.03100031],[-1.2634338e-13],1301,-25,[14.45540831]
[17.03100031],[-1.2634338e-13],1301,-25,[14.45540831]
[17.03100031],[-1.2634338e-13],1301,-25,[14.45540831]
[17.03100031],[-1.2634338e-13],1301,-25,[14.45540831]
[17.03100031],[-1.2634338e-13],1301,-25,[14.45540831]
[17.03100031],[-1.2634338e-13],1301,-25,[14.45540831]
[17.03100031],[-1.2634338e-13],1301,-25,[14.45540831]
[17.03100031],[-1.2634338e-13],1301,-25,[14.45540831]
[17.03100031],[-1.2634338e-13],1301,-25,[14.45540831]
[17.03100031],[-1.2634338e-13],1301,-25,[14.45540831]
[17.03100031],[-1.2634338e-13],1301,-25,[14.45540831]
[17.03100031],[-1.2634338e-13],1301,-25,[14.45540831]
[17.03100031],[-1.2634338e-13],1301,-25,[14.45540831]
[17.03100031],[-1.2634338e-13],1301,-25,[14.45540831]
[17.03100031],[-1.2634338e-13],1301,-25,[14.45540831]
[17.03100031],[-1.2634338e-13],1301,-25,[14.45540831]
[17.03100031],[-1.2634338e-13],1301,-25,[14.45540831]
[17.03100031],[-1.2634338e-13],1301,-25,[14.45540831]
[17.03100031],[-1.2634338e-13],1301,-25,[14.45540831]
[17.03100031],[-1.2634338e-13],1301,-25,[14.45540831]
[17.03100031],[-1.2634338e-13],1301,-25,[14.45540831]
[17.03100031],[-1.2634338e-13],1301,-25,[14.45540831]
[17.03100031],[-1.2634338e-13],1301,-25,[14.45540831]
[17.03100031],[-1.2634338e-13],1301,-25,[14.45540831]
[17.03100031],[-1.2634338e-13],1301,-25,[14.45540831]
[17.03100031],[-1.2634338e-13],1301,-25,[14.45540831]
[17.03100031],[-1.2634338e-13],1301,-25,[14.45540831]
[17.03100031],[-1.2634338e-13],1301,-25,[14.45540831]
[17.03100031],[-1.2634338e-13],1301,-25,[14.45540831]
[17.03100031],[-1.2634338e-13],1301,-25,[14.45540831]
[17.03100031],[-1.2634338e-13],1301,-25,[14.45540831]
[17.03100031],[-1.2634338e-13],1301,-25,[14.45540831]
[17.03100031],[-1.2634338e-13],1301,-25,[14.45540831]
[17.03100031],[-1.2634338e-13],1301,-25,[14.45540831]
[17.03100031],[-1.2634338e-13],1301,-25,[14.45540831]
[17.03100031],[-1.2634338e-13],1301,-25,[14.45540831]
[17.03100031],[-1.2634338e-13],1301,-25,[14.45540831]
[17.03100031],[-1.2634338e-13],1301,-25,[14.45540831]
[17.03100031],[-1.2634338e-13],1301,-25,[14.45540831]
[17.03100031],[-1.2634338e-13],1301,-25,[14.45540831]
[17.03100031],[-1.2634338e-13],1301,-25,[14.45540831]
[17.03100031],[-1.2634338e-13],1301,-25,[14.45540831]
[17.03100031],[-1.2634338e-13],1301,-25,[14.45540831]
[17.03100031],[-1.2634338e-13],1301,-25,[14.45540831]
[17.03100031],[-1.2634338e-13],1301,-25,[14.45540831]
[17.03100031],[-1.2634338e-13],1301,-25,[14.45540831]
[17.03100031],[-1.2634338e-13],1301,-25,[14.45540831]
[17.03100031],[-1.2634338e-13],1301,-25,[14.45540831]
[17.03100031],[-1.2634338e-13],1301,-25,[14.45540831]
[17.03100031],[-1.2634338e-13],1301,-25,[14.45540831]
[17.03100031],[-1.2634338e-13],1301,-25,[14.45540831]
[17.03100031],[-1.2634338e-13],1301,-25,[14.45540831]
[17.03100031],[-1.2634338e-13],1301,-25,[14.45540831]
[17.03100031],[-1.2634338e-13],1301,-25,[14.45540831]
[17.03100031],[-1.2634338e-13],1301,-25,[14.45540831]
[17.03100031],[-1.2634338e-13],1301,-25,[14.45540831]
[17.03100031],[-1.2634338e-13],1301,-25,[14.45540831]
[17.03100031],[-1.2634338e-13],1301,-25,[14.45540831]
[17.03100031],[-1.2634338e-13],1301,-25,[14.45540831]
[17.03100031],[-1.2634338e-13],1301,-25,[14.45540831]
[17.03100031],[-1.2634338e-13],1301,-25,[14.45540831]
[17.03100031],[-1.2634338e-13],1301,-25,[14.45540831]
[17.03100031],[-1.2634338e-13],1301,-25,[14.45540831]
[17.03100031],[-1.2634338e-13],1301,-25,[14.45540831]
[17.03100031],[-1.2634338e-13],1301,-25,[14.45540831]
[17.03100031],[-1.2634338e-13],1301,-25,[14.45540831]
[17.03100031],[-1.2634338e-13],1301,-25,[14.45540831]
[17.03100031],[-1.2634338e-13],1301,-25,[14.45540831]
[17.03100031],[-1.2634338e-13],1301,-25,[14.45540831]
[17.03100031],[-1.2634338e-13],1301,-25,[14.45540831]
[17.03100031],[-1.2634338e-13],1301,-25,[14.45540831]
[17.03100031],[-1.2634338e-13],1301,-25,[14.45540831]
[17.03100031],[-1.2634338e-13],1301,-25,[14.45540831]
[17.03100031],[-1.2634338e-13],1301,-25,[14.45540831]
[17.03100031],[-1.2634338e-13],1301,-25,[14.45540831]
[17.03100031],[-1.2634338e-13],1301,-25,[14.45540831]
[17.03100031],[-1.2634338e-13],1301,-25,[14.45540831]
[17.03100031],[-1.2634338e-13],1301,-25,[14.45540831]
[17.03100031],[-1.2634338e-13],1301,-25,[14.45540831]
[17.03100031],[-1.2634338e-13],1301,-25,[14.45540831]
[17.03100031],[-1.2634338e-13],1301,-25,[14.45540831]
[17.03100031],[-1.2634338e-13],1301,-25,[14.45540831]
[17.03100031],[-1.2634338e-13],1301,-25,[14.45540831]
[17.03100031],[-1.2634338e-13],1301,-25,[14.45540831]
[17.03100031],[-1.2634338e-13],1301,-25,[14.45540831]
[17.03100031],[-1.2634338e-13],1301,-25,[14.45540831]
[17.03100031],[-1.2634338e-13],1301,-25,[14.45540831]
[17.03100031],[-1.2634338e-13],1301,-25,[14.45540831]
[17.03100031],[-1.2634338e-13],1301,-25,[14.45540831]
[17.03100031],[-1.2634338e-13],1301,-25,[14.45540831]
[17.03100031],[-1.2634338e-13],1301,-25,[14.45540831]
[17.03100031],[-1.2634338e-13],1301,-25,[14.45540831]
[17.03100031],[-1.2634338e-13],1301,-25,[14.45540831]
[17.03100031],[-1.2634338e-13],1301,-25,[14.45540831]
[17.03100031],[-1.2634338e-13],1301,-25,[14.45540831]
[17.03100031],[-1.2634338e-13],1301,-25,[14.45540831]
[17.03100031],[-1.2634338e-13],1301,-25,[14.45540831]
[17.03100031],[-1.2634338e-13],1301,-25,[14.45540831]
[17.03100031],[-1.2634338e-13],1301,-25,[14.45540831]
[17.03100031],[-1.2634338e-13],1301,-25,[14.45540831]
[17.03100031],[-1.2634338e-13],1301,-25,[14.45540831]
[17.03100031],[-1.2634338e-13],1301,-25,[14.45540831]
[17.03100031],[-1.2634338e-13],1301,-25,[14.45540831]
[17.03100031],[-1.2634338e-13],1301,-25,[14.45540831]
[17.03100031],[-1.2634338e-13],1301,-25,[14.45540831]
[17.03100031],[-1.2634338e-13],1301,-25,[14.45540831]
[17.03100031],[-1.2634338e-13],1301,-25,[14.45540831]
[17.03100031],[-1.2634338e-13],1301,-25,[14.45540831]
[17.03100031],[-1.2634338e-13],1301,-25,[14.45540831]
[17.03100031],[-1.2634338e-13],1301,-25,[14.45540831]
[17.03100031],[-1.2634338e-13],1301,-25,[14.45540831]
[17.03100031],[-1.2634338e-13],1301,-25,[14.45540831]
[17.03100031],[-1.2634338e-13],1301,-25,[14.45540831]
[17.03100031],[-1.2634338e-13],1301,-25,[14.45540831]
[17.03100031],[-1.2634338e-13],1301,-25,[14.45540831]
[17.03100031],[-1.2634338e-13],1301,-25,[14.45540831]
[17.03100031],[-1.2634338e-13],1301,-25,[14.45540831]
[17.03100031],[-1.2634338e-13],1301,-25,[14.45540831]
[17.03100031],[-1.2634338e-13],1301,-25,[14.45540831]
[17.03100031],[-1.2634338e-13],1301,-25,[14.45540831]
[17.03100031],[-1.2634338e-13],1301,-25,[14.45540831]
[17.03100031],[-1.2634338e-13],1301,-25,[14.45540831]
[17.03100031],[-1.2634338e-13],1301,-25,[14.45540831]
[17.03100031],[-1.2634338e-13],1301,-25,[14.45540831]
[17.03100031],[-1.2634338e-13],1301,-25,[14.45540831]
[17.03100031],[-1.2634338e-13],1301,-25,[14.45540831]
[17.03100031],[-1.2634338e-13],1301,-25,[14.45540831]
[17.03100031],[-1.2634338e-13],1301,-25,[14.45540831]
[17.03100031],[-1.2634338e-13],1301,-25,[14.45540831]
[17.03100031],[-1.2634338e-13],1301,-25,[14.45540831]
[17.03100031],[-1.2634338e-13],1301,-25,[14.45540831]
[17.03100031],[-1.2634338e-13],1301,-25,[14.45540831]
[17.03100031],[-1.2634338e-13],1301,-25,[14.45540831]
[17.03100031],[-1.2634338e-13],1301,-25,[14.45540831]
[17.03100031],[-1.2634338e-13],1301,-25,[14.45540831]
[17.03100031],[-1.2634338e-13],1301,-25,[14.45540831]
[17.03100031],[-1.2634338e-13],1301,-25,[14.45540831]
[17.03100031],[-1.2634338e-13],1301,-25,[14.45540831]
[17.03100031],[-1.2634338e-13],1301,-25,[14.45540831]
[17.03100031],[-1.2634338e-13],1301,-25,[14.45540831]
[17.03100031],[-1.2634338e-13],1301,-25,[14.45540831]
[17.03100031],[-1.2634338e-13],1301,-25,[14.45540831]
[17.03100031],[-1.2634338e-13],1301,-25,[14.45540831]
[17.03100031],[-1.2634338e-13],1301,-25,[14.45540831]
[17.03100031],[-1.2634338e-13],1301,-25,[14.45540831]
[17.03100031],[-1.2634338e-13],1301,-25,[14.45540831]
[17.03100031],[-1.2634338e-13],1301,-25,[14.45540831]
[17.03100031],[-1.2634338e-13],1301,-25,[14.45540831]
